   5.5000000000000000       0.61442021499215882     
   6.0000000000000000       0.55321409180179593     
   6.5000000000000000       0.50223430306630146     
   7.0000000000000000       0.45885137572791423     
   7.5000000000000000       0.42160307758136628     
   8.0000000000000000       0.38853674876969491     
   8.5000000000000000       0.36066699961347248     
   9.0000000000000000       0.33547977703347487     
   9.5000000000000000       0.31301508810950202     
   10.000000000000000       0.29296487277983851     
   10.500000000000000       0.27489049129248416     
