   0.0000000000000000        1.1931586591593271     
  0.80000000000000004       0.92948400140454002     
   1.6000000000000001       0.40693212045416005     
   2.4000000000000004      -0.25363964058287125     
   3.2000000000000002      -0.91901882291663017     
   4.0000000000000000       -1.3565507542621140     
   4.7999999999999998       -1.3355615819587350     
   5.5999999999999996      -0.91538123420253736     
   6.3999999999999995      -0.35170579110465117     
   7.1999999999999993       0.18377841638856196     
   7.9999999999999991       0.64148968981303001     
   8.7999999999999989       0.98700776686665981     
   9.5999999999999996        1.1476310558811322     
   10.400000000000000        1.0708869019335094     
   11.200000000000001       0.78641404609163557     
   12.000000000000002       0.36322877477413323     
   12.800000000000002      -0.15449317107900190     
   13.600000000000003      -0.72221148461310092     
   14.400000000000004       -1.1968713009658618     
   15.200000000000005       -1.3436542452238085     
   16.000000000000004       -1.0750776874028853     
   16.800000000000004      -0.54852681122115587     
   17.600000000000005        4.8752194067924970E-002
   18.400000000000006       0.61613483356511112     
   19.200000000000006        1.0592727024478008     
   20.000000000000007        1.2417027831920948     
   20.800000000000008        1.1047849825543223     
   21.600000000000009       0.74582075908749612     
   22.400000000000009       0.29648552871765499     
   23.200000000000010      -0.18582737434073743     
   24.000000000000011      -0.68187496492569100     
   24.800000000000011       -1.1037535710350308     
   25.600000000000012       -1.2745262496679866     
   26.400000000000013       -1.0930608478773314     
   27.200000000000014      -0.64789095252842310     
   28.000000000000014       -8.6291834066007267E-002
   28.800000000000015       0.49916411594142007     
   29.600000000000016        1.0125104522886175     
   30.400000000000016        1.2829484093174672     
   31.200000000000017        1.1882386624139207     
   32.000000000000014       0.80823527386150062     
   32.800000000000011       0.31272067716989216     
   33.600000000000009      -0.20083016606880488     
   34.400000000000006      -0.69602739361434596     
   35.200000000000003       -1.0921514796669110     
   36.000000000000000       -1.2424562774738090     
   36.799999999999997       -1.0730676304060323     
   37.599999999999994      -0.66743063097523470     
   38.399999999999991      -0.15088574655456899     
   39.199999999999989       0.40496031975493996     
   39.999999999999986       0.92811210636960217     
   40.799999999999983        1.2590460575793347     
   41.599999999999980        1.2371900162425251     
   42.399999999999977       0.89069433292510014     
   43.199999999999974       0.38482910167284079     
   43.999999999999972      -0.15849505012880705     
   44.799999999999969      -0.68301782086173357     
   45.599999999999966       -1.0978877046965572     
   46.399999999999963       -1.2527450208654500     
   47.199999999999960       -1.0805751688853189     
   47.999999999999957      -0.67780586202364224     
   48.799999999999955      -0.17644811927734250     
   49.599999999999952       0.35655890928149325     
   50.399999999999949       0.86697831636249034     
   51.199999999999946        1.2183787406569975     
   51.999999999999943        1.2465794505967212     
   52.799999999999940       0.94469264538316144     
   53.599999999999937       0.45724274368936269     
   54.399999999999935       -8.9786619394929268E-002
   55.199999999999932      -0.63351919837380855     
   55.999999999999929       -1.0808558243253887     
   56.799999999999926       -1.2698635211890188     
   57.599999999999923       -1.1149578171156524     
   58.399999999999920      -0.71150830982423918     
   59.199999999999918      -0.20594262671558261     
   59.999999999999915       0.32493120323535019     
   60.799999999999912       0.83115354519438334     
   61.599999999999909        1.1908429361836157     
   62.399999999999906        1.2456281273442857     
   63.199999999999903       0.97456754234285214     
   63.999999999999901       0.50876766786687821     
   64.799999999999898       -2.7508706404644756E-002
   65.599999999999895      -0.57299341022815675     
   66.399999999999892       -1.0425928394406929     
   67.199999999999889       -1.2723216480389929     
   67.999999999999886       -1.1524069728173749     
   68.799999999999883      -0.76105697847918030     
   69.599999999999881      -0.25187258671769297     
   70.399999999999878       0.28575855399240202     
   71.199999999999875       0.79969460011221205     
   71.999999999999872        1.1741377286689767     
   72.799999999999869        1.2511050132035697     
   73.599999999999866        1.0003348184298941     
   74.399999999999864       0.54814571615281449     
   75.199999999999861        2.1441745880282692E-002
   75.999999999999858      -0.51936465038034973     
   76.799999999999855      -0.99960070376435706     
   77.599999999999852       -1.2619069851922391     
   78.399999999999849       -1.1798728418805700     
   79.199999999999847      -0.81015418139846118     
   79.999999999999844      -0.30539536814043522     
   80.799999999999841       0.23609385829659124     
   81.599999999999838       0.76037408564059517     
   82.399999999999835        1.1562258831344496     
   83.199999999999832        1.2613367728586593     
   83.999999999999829        1.0312558812975512     
   84.799999999999827       0.58799975455877140     
   85.599999999999824        6.5256037687872248E-002
   86.399999999999821      -0.47324985957452403     
   87.199999999999818      -0.96048908974875769     
   87.999999999999815       -1.2477117312716883     
   88.799999999999812       -1.1989392258539340     
   89.599999999999810      -0.85235051725198674     
   90.399999999999807      -0.35688267334674695     
   91.199999999999804       0.18327069452840483     
   91.999999999999801       0.71421448852664982     
   92.799999999999798        1.1315127735688641     
   93.599999999999795        1.2693546127559694     
   94.399999999999793        1.0650977878749810     
   95.199999999999790       0.63213117057255352     
   95.999999999999787       0.11101155529199946     
   96.799999999999784      -0.42848275477872588     
   97.599999999999781      -0.92391096858104049     
   98.399999999999778       -1.2338751923484907     
   99.199999999999775       -1.2151046217238790     
   99.999999999999773      -0.88997276616544485     
   100.79999999999977      -0.40417899380341099     
   101.59999999999977       0.13250815642846919     
   102.39999999999976       0.66644274690061622     
   103.19999999999976        1.1015802287044618     
   103.99999999999976        1.2720251069684019     
   104.79999999999976        1.0971646122093672     
   105.59999999999975       0.67796375416160037     
   106.39999999999975       0.15963169903450658     
   107.19999999999975      -0.38145989671795510     
   107.99999999999974      -0.88603623139508791     
   108.79999999999974       -1.2192623261833320     
   109.59999999999974       -1.2306404475031134     
   110.39999999999974      -0.92658100118657627     
   111.19999999999973      -0.44959863669095679     
   111.99999999999973        8.4052819206234641E-002
   112.79999999999973       0.61968734953599425     
   113.59999999999972        1.0695116749863904     
   114.39999999999972        1.2702323948393759     
   115.19999999999972        1.1255951335258050     
   115.99999999999972       0.72258537247513621     
   116.79999999999971       0.20900287402880924     
   117.59999999999971      -0.33248669726141955     
   118.39999999999971      -0.84535706052575088     
   119.19999999999970       -1.2017872105800009     
   119.99999999999970       -1.2446954114837545     
   120.79999999999970      -0.96320459189480001     
   121.59999999999970      -0.49519509231646280     
   122.39999999999969        3.6152164657710928E-002
   123.19999999999969       0.57356554491318890     
   123.99999999999969        1.0365031664519935     
   124.79999999999968        1.2655864452733143     
   125.59999999999968        1.1509816100009918     
   126.39999999999968       0.76524613159317489     
   127.19999999999968       0.25757798376676577     
   127.99999999999967      -0.28310599523167512     
   128.79999999999967      -0.80257495846185789     
   129.59999999999968       -1.1808240869558799     
   130.39999999999969       -1.2559245026054719     
   131.19999999999970      -0.99901732339432714     
   131.99999999999972      -0.54122255588820289     
   132.79999999999973       -1.2238929173749802E-002
   133.59999999999974       0.52697336890246571     
   134.39999999999975        1.0021643297077394     
   135.19999999999976        1.2586130051992175     
   135.99999999999977        1.1742198851934542     
   136.79999999999978       0.80652370772802384     
   137.59999999999980       0.30524566908215733     
   138.39999999999981      -0.23410950688239862     
   139.19999999999982      -0.75874975986501825     
   139.99999999999983       -1.1568985642632197     
   140.79999999999984       -1.2638639160923932     
   141.59999999999985       -1.0330875795004704     
   142.39999999999986      -0.58701737676472066     
   143.19999999999987       -6.1037723424129275E-002
   143.99999999999989       0.47950787856947197     
   144.79999999999990       0.96594647828907487     
   145.59999999999991        1.2490123180252932     
   146.39999999999992        1.1954834126875606     
   147.19999999999993       0.84693560223425624     
   147.99999999999994       0.35248675378446015     
   148.79999999999995      -0.18541039796025649     
   149.59999999999997      -0.71431352360276490     
   150.39999999999998       -1.1306182189150937     
   151.19999999999999       -1.2687098064366988     
   152.00000000000000       -1.0651018878788123     
   152.80000000000001      -0.63206049033646394     
   153.60000000000002      -0.10979200538690181     
   154.40000000000003       0.43141630373949968     
   155.20000000000005       0.92780850693193551     
   156.00000000000006        1.2364613795549702     
   156.80000000000007        1.2144504667675455     
   157.60000000000008       0.88647302269565253     
   158.40000000000009       0.39958089705667554     
   159.20000000000010      -0.13670298519761503     
   160.00000000000011      -0.66921133450997550     
   160.80000000000013       -1.1022111542786019     
   161.60000000000014       -1.2706982604737975     
   162.40000000000015       -1.0951245582096814     
   163.20000000000016      -0.67624758320107126     
   164.00000000000017      -0.15825820373205080     
   164.80000000000018       0.38304452904052610     
   165.60000000000019       0.88804833976221842     
   166.40000000000020        1.2209440378279748     
   167.20000000000022        1.2308007617452024     
   168.00000000000023       0.92485162891887629     
   168.80000000000024       0.44647284476966959     
   169.60000000000025       -8.7878111177536800E-002
   170.40000000000026      -0.62334419646463468     
   171.20000000000027       -1.0716760485518932     
   172.00000000000028       -1.2698579072009919     
   172.80000000000030       -1.1232021376713448     
   173.60000000000031      -0.71964793369224744     
   174.40000000000032      -0.20644489017789469     
   175.20000000000033       0.33454852476849317     
   176.00000000000034       0.84696035431243410     
   176.80000000000035        1.2026287584424145     
   177.60000000000036        1.2444018439872204     
   178.40000000000038       0.96182288441962804     
   179.20000000000039       0.49298980295157396     
   180.00000000000040       -3.9013560518116275E-002
   180.80000000000041      -0.57676248268009367     
   181.60000000000042       -1.0390345036691007     
   182.40000000000043       -1.2661063669325547     
   183.20000000000044       -1.1492354653735468     
   184.00000000000045      -0.76226960415656042     
   184.80000000000047      -0.25442353568532938     
   185.60000000000048       0.28593648086975798     
   186.40000000000049       0.80470816142520385     
   187.20000000000050        1.1816798405678983     
   188.00000000000051        1.2552297280261837     
   188.80000000000052       0.99725572464824952     
   189.60000000000053       0.53901233609646071     
   190.40000000000055        9.7831112278158328E-003
   191.20000000000056      -0.52960972283404095     
   192.00000000000057       -1.0044106974356695     
   192.80000000000058       -1.2593924074302518     
   193.60000000000059       -1.1730549368852412     
   194.40000000000060      -0.80401702913784645     
   195.20000000000061      -0.30220592982556793     
   196.00000000000063       0.23719861382596830     
   196.80000000000064       0.76138079977430406     
   197.60000000000065        1.1582010492302461     
   198.40000000000066        1.2632597508807752     
   199.20000000000067        1.0310684942862216     
   200.00000000000068       0.58448959164398362     
   200.80000000000069        5.8458123140796125E-002
   201.60000000000070      -0.48201991172776437     
   202.40000000000072      -0.96797911799961400     
   203.20000000000073       -1.2497358968499388     
   204.00000000000074       -1.1945091595990731     
   204.80000000000075      -0.84475397671571772     
   205.60000000000076      -0.34974470430829463     
   206.40000000000077       0.18836449236205355     
   207.20000000000078       0.71707014016163895     
   208.00000000000080        1.1322746611371666     
   208.80000000000081        1.2684383649773672     
   209.60000000000082        1.0631623136413078     
   210.40000000000083       0.62938444465041732     
   211.20000000000084       0.10699962062369861     
   212.00000000000085      -0.43408113676644910     
   212.80000000000086      -0.92990489966696965     
   213.60000000000088       -1.2371964066212069     
   214.40000000000089       -1.2134868423227394     
   215.20000000000090      -0.88435459956916795     
   216.00000000000091      -0.39697828692362519     
   216.80000000000092       0.13948785012643466     
   217.60000000000093       0.67189212943684629     
   218.40000000000094        1.1040022381931303     
   219.20000000000095        1.2707088859688827     
   220.00000000000097        1.0934101584449718     
   220.80000000000098       0.67363691040084628     
   221.60000000000099       0.15539956757309525     
   222.40000000000100      -0.38585329019930059     
   223.20000000000101      -0.89032935973552307     
   224.00000000000102       -1.2218413948287750     
   224.80000000000103       -1.2298976158604007     
   225.60000000000105      -0.92270916443871409     
   226.40000000000106      -0.44385540379995725     
   227.20000000000107        9.0617624497877247E-002
   228.00000000000108       0.62596930029027653     
   228.80000000000109        1.0735107012145662     
   229.60000000000110        1.2700362260603824     
   230.40000000000111        1.1216761506985713     
   231.20000000000113       0.71716374218675571     
   232.00000000000114       0.20363606281685076     
   232.80000000000115      -0.33739153847905801     
   233.60000000000116      -0.84938307544785063     
   234.40000000000117       -1.2037403330964325     
   235.20000000000118       -1.2436550163652975     
   236.00000000000119      -0.95970905775852289     
   236.80000000000121      -0.49033177896139923     
   237.60000000000122        4.1788003223180770E-002
   238.40000000000123       0.57941280437494869     
   239.20000000000124        1.0409390152056242     
   240.00000000000125        1.2664111223341703     
   240.80000000000126        1.1478311113926600     
   241.60000000000127       0.75987163252265388     
   242.40000000000128       0.25167678477190358     
   243.20000000000130      -0.28875316530895012     
   244.00000000000131      -0.80719729520458916     
   244.80000000000132       -1.1829725882762094     
   245.60000000000133       -1.2546756022727439     
   246.40000000000134      -0.99523706065235806     
   247.20000000000135      -0.53635885173879494     
   248.00000000000136       -6.9757908099358223E-003
   248.80000000000138       0.53231868668434934     
   249.60000000000139        1.0064273403533657     
   250.40000000000140        1.2598436159961721     
   251.20000000000141        1.1717550681292461     
   252.00000000000142       0.80166476799303310     
   252.80000000000143       0.29948678608998769     
   253.60000000000144      -0.23999308884062465     
   254.40000000000146      -0.76390427229416924     
   255.20000000000147       -1.1596328182127920     
   256.00000000000148       -1.2628858949900454     
   256.80000000000149       -1.0291682645210771     
   257.60000000000150      -0.58187833987605853     
   258.40000000000151       -5.5649859731786044E-002
   259.20000000000152       0.48477240303527169     
   260.00000000000153       0.97011477911242827     
   260.80000000000155        1.2503581338142118     
   261.60000000000156        1.1933340579448484     
   262.40000000000157       0.84244432265537406     
   263.20000000000158       0.34703098788986686     
   264.00000000000159      -0.19115923533572343     
   264.80000000000160      -0.71963223536138365     
   265.60000000000161       -1.1338297656815342     
   266.40000000000163       -1.2682275126558795     
   267.20000000000164       -1.0613750196757505     
   268.00000000000165      -0.62682308375517404     
   268.80000000000166      -0.10420871960748190     
   269.60000000000167       0.43685278849671305     
   270.40000000000168       0.93214090489956281     
   271.20000000000169        1.2379931534648150     
   272.00000000000171        1.2124586505538519     
   272.80000000000172       0.88210566516662281     
   273.60000000000173       0.39427215163068258     
   274.40000000000174      -0.14229206963677526     
   275.20000000000175      -0.67450167337571698     
   276.00000000000176       -1.1056823260581776     
   276.80000000000177       -1.2706583208089213     
   277.60000000000178       -1.0917302587873150     
   278.40000000000180      -0.67111930986657642     
   279.20000000000181      -0.15262572290956844     
   280.00000000000182       0.38863276789815082     
   280.80000000000183       0.89264617050572037     
   281.60000000000184        1.2228024863509055     
   282.40000000000185        1.2290255486446795     
   283.20000000000186       0.92053740832033781     
   284.00000000000188       0.44116832401387063     
   284.80000000000189       -9.3426584843060656E-002
   285.60000000000190      -0.62862453084090641     
   286.40000000000191       -1.0753165459124008     
   287.20000000000192       -1.2701519260761447     
   288.00000000000193       -1.1201084789500051     
   288.80000000000194      -0.71468743230961773     
   289.60000000000196      -0.20087363276846049     
   290.40000000000197       0.34017851223114104     
   291.20000000000198       0.85177032164775923     
   292.00000000000199        1.2048555004962411     
   292.80000000000200        1.2429402644096925     
   293.60000000000201       0.95762247361554009     
   294.40000000000202       0.48767170947347249     
   295.20000000000203       -4.4594222567357678E-002
   296.00000000000205      -0.58210473354686298     
   296.80000000000206       -1.0428641178350384     
   297.60000000000207       -1.2666975339027573     
   298.40000000000208       -1.1463860616366111     
   299.20000000000209      -0.75744158572582310     
   300.00000000000210      -0.24892409362474299     
   300.80000000000211       0.29154897400488211     
   301.60000000000213       0.80965018055263183     
   302.40000000000214        1.1842359639949604     
   303.20000000000215        1.2541192514596244     
   304.00000000000216       0.99323973044978220     
   304.80000000000217       0.53372859320157495     
   305.60000000000218        4.1760801435850592E-003
   306.40000000000219      -0.53503856878756562     
   307.20000000000221       -1.0084613424498230     
   308.00000000000222       -1.2603003871862994     
   308.80000000000223       -1.1704421271408376     
   309.60000000000224      -0.79928908095158746     
   310.40000000000225      -0.29674647269854282     
   311.20000000000226       0.24279625588300380     
   312.00000000000227       0.76641790630407081     
   312.80000000000229        1.1610403517276107     
   313.60000000000230        1.2624912952711091     
   314.40000000000231        1.0272653187708001     
   315.20000000000232       0.57927938182635885     
   316.00000000000233        5.2857261761855456E-002
   316.80000000000234      -0.48751465524761661     
   317.60000000000235      -0.97224780411648082     
   318.40000000000236       -1.2509821567080588     
   319.20000000000238       -1.1921599802078573     
   320.00000000000239      -0.84013040090644486     
   320.80000000000240      -0.34430680324822205     
   321.60000000000241       0.19396636938609779     
   322.40000000000242       0.72219987538300745     
   323.20000000000243        1.1353762186182170     
   324.00000000000244        1.2679985940578506     
   324.80000000000246        1.0595736593238307     
   325.60000000000247       0.62425837731299194     
   326.40000000000248       0.10142340213802536     
   327.20000000000249      -0.43961386075773190     
   328.00000000000250      -0.93436473786887553     
   328.80000000000251       -1.2387808674602137     
   329.60000000000252       -1.2114287501715073     
   330.40000000000254      -0.87985966247182079     
   331.20000000000255      -0.39156706646164219     
   332.00000000000256       0.14509998443031491     
   332.80000000000257       0.67711589230830393     
   333.60000000000258        1.1073606938957601     
   334.40000000000259        1.2705977869438390     
   335.20000000000260        1.0900384543836741     
   336.00000000000261       0.66859341420084872     
   336.80000000000263       0.14984878276786529     
   337.60000000000264      -0.39140942686483615     
   338.40000000000265      -0.89495335598858505     
   339.20000000000266       -1.2237503699719663     
   340.00000000000267       -1.2281449845410186     
   340.80000000000268      -0.91836528718944810     
   341.60000000000269      -0.43848467756599163     
   342.40000000000271        9.6233117728048101E-002
   343.20000000000272       0.63127854733284583     
   344.00000000000273        1.0771189486682098     
   344.80000000000274        1.2702608754147968     
   345.60000000000275        1.1185338292373088     
   346.40000000000276       0.71220558065070660     
   347.20000000000277       0.19810689628898503     
   348.00000000000279      -0.34296728570891577     
   348.80000000000280      -0.85415329510616722     
   349.60000000000281       -1.2059595161204810     
   350.40000000000282       -1.2422141869541805     
   351.20000000000283      -0.95553076402224468     
   352.00000000000284      -0.48501201572436686     
   352.80000000000285        4.7397874475564039E-002
   353.60000000000286       0.58479273817890665     
   354.40000000000288        1.0447825787194043     
   355.20000000000289        1.2669758958757829     
   356.00000000000290        1.1449355848549081     
   356.80000000000291       0.75500911071797516     
   357.60000000000292       0.24616954084335918     
   358.40000000000293      -0.29434645492024647     
   359.20000000000294      -0.81210119079921894     
   360.00000000000296       -1.1854911296053956     
   360.80000000000297       -1.2535523416354784     
   361.60000000000298      -0.99123551900509654     
   362.40000000000299      -0.53109595875079318     
   363.20000000000300       -1.3766884371950727E-003
   364.00000000000301       0.53775542170853552     
   364.80000000000302        1.0104879552639661     
   365.60000000000304        1.2607472790441832     
   366.40000000000305        1.1691225010748540     
   367.20000000000306       0.79691143368973327     
   368.00000000000307       0.29400602473804505     
   368.80000000000308      -0.24559945605861644     
   369.60000000000309      -0.76892935648189475     
   370.40000000000310       -1.1624407806994670     
   371.20000000000312       -1.2620873978602414     
   372.00000000000313       -1.0253559167959319     
   372.80000000000314      -0.57667746008913712     
   373.60000000000315       -5.0063604886634305E-002
   374.40000000000316       0.49025559638263294     
   375.20000000000317       0.97437460822725130     
   376.00000000000318        1.2515959115330346     
   376.80000000000319        1.1909776833154850     
   377.60000000000321       0.83781336222824709     
   378.40000000000322       0.34158244896494377     
   379.20000000000323      -0.19677278137566473     
   380.00000000000324      -0.72476459317823694     
   380.80000000000325       -1.1369153709572815     
   381.60000000000326       -1.2677606300968425     
   382.40000000000327       -1.0577663716548074     
   383.20000000000329      -0.62169120294596236     
   384.00000000000330       -9.8637014589087468E-002
   384.80000000000331       0.44237445274573806     
   385.60000000000332       0.93658366066861576     
   386.40000000000333        1.2395589300241869     
   387.20000000000334        1.2103899817866479     
   388.00000000000335       0.87760943475477560     
   388.80000000000337       0.38886104226113621     
   389.60000000000338      -0.14790745732307436     
   390.40000000000339      -0.67972719519547420     
   391.20000000000340       -1.1090315716434607     
   392.00000000000341       -1.2705277907242212     
   392.80000000000342       -1.0883405189869186     
   393.60000000000343      -0.66606533829249348     
   394.40000000000344      -0.14707120300447551     
   395.20000000000346       0.39418561898745119     
   396.00000000000347       0.89725630030989489     
   396.80000000000348        1.2246892570631855     
   397.60000000000349        1.2272554983656994     
   398.40000000000350       0.91618844018166934     
   399.20000000000351       0.43579954878128113     
   400.00000000000352       -9.9039731244780715E-002
   400.80000000000354      -0.63393020869558780     
   401.60000000000355       -1.0789141847657349     
   402.40000000000356       -1.2703600073067807     
   403.20000000000357       -1.1169524123328098     
   404.00000000000358      -0.70972130279211232     
   404.80000000000359      -0.19533968986452033     
   405.60000000000360       0.34575545675904695     
   406.40000000000362       0.85653227917369512     
   407.20000000000363        1.2070548729356645     
   408.00000000000364        1.2414791568080976     
   408.80000000000365       0.95343413514913478     
   409.60000000000366       0.48235068002719256     
   410.40000000000367       -5.0201875872530721E-002
   411.20000000000368      -0.58747896259066845     
   412.00000000000369       -1.0466944896142532     
   412.80000000000371       -1.2672444092033355     
   413.60000000000372       -1.1434777422192819     
   414.40000000000373      -0.75257372346712414     
   415.20000000000374      -0.24341437286582579     
   416.00000000000375       0.29714339718882177     
   416.80000000000376       0.81454845966673273     
   417.60000000000377        1.1867378253967791     
   418.40000000000379        1.2529762774584343     
   419.20000000000380       0.98922613497669420     
   420.00000000000381       0.52846163898547382     
   420.80000000000382       -1.4230848289406017E-003
   421.60000000000383      -0.54047085150688423     
   422.40000000000384       -1.0125086129434928     
   423.20000000000385       -1.2611844842378623     
   424.00000000000387       -1.1677950978581830     
   424.80000000000388      -0.79453043236447463     
   425.60000000000389      -0.29126472818364335     
   426.40000000000390       0.24840233101013476     
   427.20000000000391       0.77143745255165408     
   428.00000000000392        1.1638330000906574     
   428.80000000000393        1.2616740814388006     
   429.60000000000394        1.0234409384311669     
   430.40000000000396       0.57407371678214736     
   431.20000000000397        4.7269576791443613E-002
   432.00000000000398      -0.49299532389704059     
   432.80000000000399      -0.97649593519067601     
   433.60000000000400       -1.2522001686060766     
   434.40000000000401       -1.1897872999455275     
   435.20000000000402      -0.83549262359386800     
   436.00000000000404      -0.33885706970303919     
   436.80000000000405       0.19957907706482481     
   437.60000000000406       0.72732640658184267     
   438.40000000000407        1.1384466964653912     
   439.20000000000408        1.2675130506106953     
   440.00000000000409        1.0559530402172397     
   440.80000000000410       0.61912195858145336     
   441.60000000000412        9.5850203652881882E-002
   442.40000000000413      -0.44513401807593300     
   443.20000000000414      -0.93879752895494040     
   444.00000000000415       -1.2403276700338910     
   444.80000000000416       -1.2093428234727277     
   445.60000000000417      -0.87535518293270909     
   446.40000000000418      -0.38615386965534354     
   447.20000000000420       0.15071495235256477     
   448.00000000000421       0.68233600791355919     
   448.80000000000422        1.1106950685333352     
   449.60000000000423        1.2704480830295877     
   450.40000000000424        1.0866360926550713     
   451.20000000000425       0.66353489760047168     
   452.00000000000426       0.14429309565794413     
   452.80000000000427      -0.39696099355615322     
   453.60000000000429      -0.89955462289793420     
   454.40000000000430       -1.2256190215167613     
   455.20000000000431       -1.2263573083254331     
   456.00000000000432      -0.91400720826824888     
   456.80000000000433      -0.43311314375485138     
   457.60000000000434       0.10184645668960163     
   458.40000000000435       0.63657973106920340     
   459.20000000000437        1.0807024932156255     
   460.00000000000438        1.2704494033647027     
   460.80000000000439        1.1153640950423052     
   461.60000000000440       0.70723436268482676     
   462.40000000000441       0.19257184183253850     
   463.20000000000442      -0.34854302133652104     
   464.00000000000443      -0.85890709378458019     
   464.80000000000445       -1.2081413648325623     
   465.60000000000446       -1.2407351286888715     
   466.40000000000447      -0.95133272090947507     
   467.20000000000448      -0.47968790386883248     
   468.00000000000449        5.3006069087881580E-002
   468.80000000000450       0.59016335624903649     
   469.60000000000451        1.0485999205898491     
   470.40000000000452        1.2675032079271773     
   471.20000000000454        1.1420126100148302     
   472.00000000000455       0.75013537402708519     
   472.80000000000456       0.24065845700915967     
   473.60000000000457      -0.29993991940120712     
   474.40000000000458      -0.81699200790993731     
   475.20000000000459       -1.1879759718912637     
   476.00000000000460       -1.2523909671766367     
   476.80000000000462      -0.98721154775157616     
   477.60000000000463      -0.52582568029613252     
   478.40000000000464        4.2231359820696923E-003
   479.20000000000465       0.54318473702724890     
   480.00000000000466        1.0145232426552977     
   480.80000000000467        1.2616120390380479     
   481.60000000000468        1.1664600239468661     
   482.40000000000470       0.79214615084469309     
   483.20000000000471       0.28852257749682964     
   484.00000000000472      -0.25120494142173333     
   484.80000000000473      -0.77394225385500071     
   485.60000000000474       -1.1652170276014631     
   486.40000000000475       -1.2612513233758273     
   487.20000000000476       -1.0215203379597937     
   488.00000000000477      -0.57146811391658336     
   488.80000000000479       -4.4475181288492482E-002
   489.60000000000480       0.49573377647836692     
   490.40000000000481       0.97861169619210087     
   491.20000000000482        1.2527948904009216     
   492.00000000000483        1.1885888763578651     
   492.80000000000484       0.83316826072742267     
   493.60000000000485       0.33613071740697953     
   494.40000000000487      -0.20238524061862095     
   495.20000000000488      -0.72988532300154052     
   496.00000000000489       -1.1399702164322814     
   496.80000000000490       -1.2672558837839647     
   497.60000000000491       -1.0541336705835789     
   498.40000000000492      -0.61655061707982095     
   499.20000000000493       -9.3062937252104350E-002
   500.00000000000495       0.44789255597755206     
   500.80000000000496       0.94100629871448416     
   501.60000000000497        1.2410870448958722     
   502.40000000000498        1.2082872774038820     
   503.20000000000499       0.87309693938932942     
   504.00000000000500       0.38344558654686350     
   504.80000000000501      -0.15352243295356077     
   505.60000000000502      -0.68494229564211051     
   506.40000000000504       -1.1123511698490969     
   507.20000000000505       -1.2703586908966296     
   508.00000000000506       -1.0849252142326469     
   508.80000000000507      -0.66100210317236496     
   509.60000000000508      -0.14151444555565051     
   510.40000000000509       0.39973556272874611     
   511.20000000000510       0.90184831097532636     
   512.00000000000512        1.2265396434004594     
   512.80000000000507        1.2254504134784399     
   513.60000000000502       0.91182159984254718     
   514.40000000000498       0.43042547205386783     
   515.20000000000493      -0.10465327461333784     
   516.00000000000489      -0.63922707638871656     
   516.80000000000484       -1.0824838371880849     
   517.60000000000480       -1.2705290687853696     
   518.40000000000475       -1.1137689154609109     
   519.20000000000471      -0.70474478981416633     
   520.00000000000466      -0.18980335999701781     
   520.80000000000462       0.35132997763468410     
   521.60000000000457       0.86127772734803287     
   522.40000000000452        1.2092189837581051     
   523.20000000000448        1.2399821142236045     
   524.00000000000443       0.94922653277861846     
   524.80000000000439       0.47702368695735675     
   525.60000000000434       -5.5810452275576683E-002
   526.40000000000430      -0.59284589606365268     
   527.20000000000425       -1.0504988355012290     
   528.00000000000421       -1.2677522835950132     
   528.80000000000416       -1.1405402134487070     
   529.60000000000412      -0.74769408920331570     
   530.40000000000407      -0.23790180809603323     
   531.20000000000402       0.30273600819347501     
   532.00000000000398       0.81943181365044637     
   532.80000000000393        1.1892055569099489     
   533.60000000000389        1.2517964282230014     
   534.40000000000384       0.98519177964074567     
   535.20000000000380       0.52318808823590901     
   536.00000000000375       -7.0234669923076032E-003
   536.80000000000371      -0.54589706595146714     
   537.60000000000366       -1.0165318165145594     
   538.40000000000362       -1.2620299332972769     
   539.20000000000357       -1.1651172971762669     
   540.00000000000352      -0.78975860867634884     
   540.80000000000348      -0.28577958345382248     
   541.60000000000343       0.25400727351038543     
   542.40000000000339       0.77644373319049120     
   543.20000000000334        1.1665928425810219     
   544.00000000000330        1.2608191374466915     
   544.80000000000325        1.0195941427876341     
   545.60000000000321       0.56886066492861542     
   546.40000000000316        4.1680420617320357E-002
   547.20000000000312      -0.49847094350015397     
   548.00000000000307      -0.98072186746471823     
   548.80000000000302       -1.2533800683869760     
   549.60000000000298       -1.1873824301358133     
   550.40000000000293      -0.83084029104623225     
   551.20000000000289      -0.33340339860136992     
   552.00000000000284       0.20519126307450830     
   552.80000000000280       0.73244131708868077     
   553.60000000000275        1.1414859056572233     
   554.40000000000271        1.2669891370415727     
   555.20000000000266        1.0523082891106788     
   556.00000000000261       0.61397719514634619     
   556.80000000000257        9.0275221387667859E-002
   557.60000000000252      -0.45065005395520175     
   558.40000000000248      -0.94320994539903347     
   559.20000000000243       -1.2418370450802707     
   560.00000000000239       -1.2072233624932558     
   560.80000000000234      -0.87083472385985183     
   561.60000000000230      -0.38073619927287350     
   562.40000000000225       0.15632989370833816     
   563.20000000000221       0.68754603715425922     
   564.00000000000216        1.1139998498686576     
   564.80000000000211        1.2702596173058616     
   565.60000000000207        1.0832079075639141     
   566.40000000000202       0.65846697167018997     
   567.20000000000198       0.13873525938949638     
   568.00000000000193      -0.40250931344669238     
   568.80000000000189      -0.90413733827710774     
   569.60000000000184       -1.2274511096796514     
   570.40000000000180       -1.2245348320949103     
   571.20000000000175      -0.90963163743655795     
   572.00000000000171      -0.42773654226358054     
   572.80000000000166       0.10746018038164357     
   573.60000000000161       0.64187222622489304     
   574.40000000000157        1.0842581914192604     
   575.20000000000152        1.2705990040010455     
   576.00000000000148        1.1121668961554168     
   576.80000000000143       0.70225260065312489     
   577.60000000000139       0.18703425031770227     
   578.40000000000134      -0.35411631401696142     
   579.20000000000130      -0.86364415341679290     
   580.00000000000125       -1.2102877129797447     
   580.80000000000121       -1.2392201291779161     
   581.60000000000116      -0.94711559458766459     
   582.40000000000111      -0.47435804005981896     
   583.20000000000107        5.8615020375909599E-002
   584.00000000000102       0.59552656485459721     
   584.80000000000098        1.0523912088156298     
   585.60000000000093        1.2679916343362037     
   586.40000000000089        1.1390605748089007     
   587.20000000000084       0.74524988640853018     
   588.00000000000080       0.23514443181148115     
   588.80000000000075      -0.30553165391565973     
   589.60000000000070      -0.82186785166494269     
   590.40000000000066       -1.1904265610582030     
   591.20000000000061       -1.2511926733585377     
   592.00000000000057      -0.98316685461518494     
   592.80000000000052      -0.52054887487788815     
   593.60000000000048        9.8240725696328024E-003
   594.40000000000043       0.54860782197218849     
   595.20000000000039        1.0185343081988378     
   596.00000000000034        1.2624381622637881     
   596.80000000000030        1.1637669394376897     
   597.60000000000025       0.78736782486519918     
   598.40000000000020       0.28303575235762168     
   599.20000000000016      -0.25680931912351335     
   600.00000000000011      -0.77894186694983314     
   600.80000000000007       -1.1679604238310013     
   601.60000000000002       -1.2603775336136307     
   602.39999999999998       -1.0176623767604260     
   603.19999999999993      -0.56625138277913900     
   603.99999999999989       -3.8885299890184188E-002
   604.79999999999984       0.50120680986752897     
   605.59999999999980       0.98282642212580074     
   606.39999999999975        1.2539556945700105     
   607.19999999999970        1.1861679821241453     
   607.99999999999966       0.82850873504148670     
   608.79999999999961       0.33067512064056581     
   609.59999999999957      -0.20799713720454627     
   610.39999999999952      -0.73499436668917173     
   611.19999999999948       -1.1429937414578402     
   611.99999999999943       -1.2667128176639997     
   612.79999999999939       -1.0504769196165205     
   613.59999999999934      -0.61140170675727945     
   614.39999999999930       -8.7487060981631504E-002
   615.19999999999925       0.45340649842062941     
   615.99999999999920       0.94540844212744668     
   616.79999999999916        1.2425776594530571     
   617.59999999999911        1.2061510979958605     
   618.39999999999907       0.86856855793498178     
   619.19999999999902       0.37802571624412934     
   619.99999999999898      -0.15913732806479047     
   620.79999999999893      -0.69014721162091086     
   621.59999999999889       -1.1156410845303228     
   622.39999999999884       -1.2701508667065826     
   623.19999999999879       -1.0814841964047082     
   623.99999999999875      -0.65592951833775504     
   624.79999999999870      -0.13595554217256101     
   625.59999999999866       0.40528223362342386     
   626.39999999999861       0.90642167838219800     
   627.19999999999857        1.2283534063911132     
   627.99999999999852        1.2236105815404972     
   628.79999999999848       0.90743734345140925     
   629.59999999999843       0.42504636377596194     
   630.39999999999839      -0.11026716806447867     
   631.19999999999834      -0.64451516112663965     
   631.99999999999829       -1.0860255306606641     
   632.79999999999825       -1.2706592104137859     
   633.59999999999820       -1.1105580605761300     
   634.39999999999816      -0.69975781182000718     
   635.19999999999811      -0.18426451819167022     
   635.99999999999807       0.35690201973398139     
   636.79999999999802       0.86600634629591955     
   637.59999999999798        1.2113475359933665     
   638.39999999999793        1.2384491888227276     
   639.19999999999789       0.94499992939125921     
   639.99999999999784       0.47169097357760814     
   640.79999999999779       -6.1419768004465802E-002
   641.59999999999775      -0.59820534465624053     
   642.39999999999770       -1.0542770144171660     
   643.19999999999766       -1.2682212583946202     
   643.99999999999761       -1.1375737169220967     
   644.79999999999757      -0.74280278359583618     
   645.59999999999752      -0.23238633411773768     
   646.39999999999748       0.30832684700373958     
   647.19999999999743       0.82430009716734876     
   647.99999999999739        1.1916389655265780     
   648.79999999999734        1.2505797155287899     
   649.59999999999729       0.98113679624391614     
   650.39999999999725       0.51790805173615229     
   651.19999999999720       -1.2624947708811618E-002
   651.99999999999716      -0.55131698865169598     
   652.79999999999711       -1.0205306910767598     
   653.59999999999707       -1.2628367210342624     
   654.39999999999702       -1.1624089726389686     
   655.19999999999698      -0.78497381860801252     
   655.99999999999693      -0.28029109084147208     
   656.79999999999688       0.25961106978211757     
   657.59999999999684       0.78143663143731157     
   658.39999999999679        1.1693197504800166     
   659.19999999999675        1.2599265222424030     
   659.99999999999670        1.0157250637725657     
   660.79999999999666       0.56364028019297463     
   661.59999999999661        3.6089823944705168E-002
   662.39999999999657      -0.50394136063489503     
   663.19999999999652      -0.98492533334636501     
   663.99999999999648       -1.2545217609792176     
   664.79999999999643       -1.1849455530431334     
   665.59999999999638      -0.82617361306122505     
   666.39999999999634      -0.32794589092416498     
   667.19999999999629       0.21080285552311001     
   667.99999999999625       0.73754444937692165     
   668.79999999999620        1.1444937011882921     
   669.59999999999616        1.2664269332117637     
   670.39999999999611        1.0486395860899624     
   671.19999999999607       0.60882416590427879     
   671.99999999999602        8.4698460904572559E-002
   672.79999999999598      -0.45616187585129198     
   673.59999999999593      -0.94760176215650371     
   674.39999999999588       -1.2433088770898628     
   675.19999999999584       -1.2050705031693949     
   675.99999999999579      -0.86629846301076663     
   676.79999999999575      -0.37531414573348543     
   677.59999999999570       0.16194472940818905     
   678.39999999999566       0.69274579802578529     
   679.19999999999561        1.1172748497322180     
   679.99999999999557        1.2700324436903017     
   680.79999999999552        1.0797541045972987     
   681.59999999999548       0.65338975845638592     
   682.39999999999543       0.13317529898095626     
   683.19999999999538      -0.40805431109035339     
   683.99999999999534      -0.90870130490455625     
   684.79999999999529       -1.2292465198065268     
   685.59999999999525       -1.2226776793162208     
   686.39999999999520      -0.90523874019480211     
   687.19999999999516      -0.42235494584402966     
   687.99999999999511       0.11307423175973152     
   688.79999999999507       0.64715586156835014     
   689.59999999999502        1.0877858296765868     
   690.39999999999498        1.2707096895454901     
   691.19999999999493        1.1089424321811632     
   691.99999999999488       0.69726043989015374     
   692.79999999999484       0.18149416905305393     
   693.59999999999479      -0.35968708390645954     
   694.39999999999475      -0.86836428022487289     
   695.19999999999470       -1.2123984364631646     
   695.99999999999466       -1.2376693086020181     
   696.79999999999461      -0.94287956023326824     
   697.59999999999457      -0.46902249783573580     
   698.39999999999452        6.4224689792217182E-002
   699.19999999999447       0.60088221745947223     
   699.99999999999443        1.0561562262464368     
   700.79999999999438        1.2684411541747893     
   701.59999999999434        1.1360796626223038     
   702.39999999999429       0.74035279862325276     
   703.19999999999425       0.22962752095078398     
   703.99999999999420      -0.31112157779493976     
   704.79999999999416      -0.82672852527681739     
   705.59999999999411       -1.1928427516162794     
   706.39999999999407       -1.2499575678369750     
   707.19999999999402      -0.97910162810354773     
   707.99999999999397      -0.51526563028082761     
   708.79999999999393        1.5426087388071830E-002
   709.59999999999388       0.55402454948521196     
   710.39999999999384        1.0225209385635201     
   711.19999999999379        1.2632256048951525     
   711.99999999999375        1.1610434187356691     
   712.79999999999370       0.78257660900912795     
   713.59999999999366       0.27754560548017471     
   714.39999999999361      -0.26241251694826451     
   715.19999999999357      -0.78392800287428288     
   715.99999999999352       -1.1706708017478957     
   716.79999999999347       -1.2594661138458976     
   717.59999999999343       -1.0137822277160751     
   718.39999999999338      -0.56102736984322299     
   719.19999999999334       -3.3293997639416317E-002
   719.99999999999329       0.50667458076715921     
   720.79999999999325       0.98701857430871021     
   721.59999999999320        1.2550782598308148     
   722.39999999999316        1.1837151636955272     
   723.19999999999311       0.82383494538501756     
   723.99999999999307       0.32521571679236960     
   724.79999999999302      -0.21360841050270563     
   725.59999999999297      -0.74009154265334842     
   726.39999999999293       -1.1459857622907617     
   727.19999999999288       -1.2661314914013901     
   727.99999999999284       -1.0467963125153628     
   728.79999999999279      -0.60624458650871094     
   729.59999999999275       -8.1909426030335464E-002
   730.39999999999270       0.45891617263360129     
   731.19999999999266       0.94978987872484999     
   731.99999999999261        1.2440306872355427     
   732.79999999999256        1.2039815973719246     
   733.59999999999252       0.86402446043270420     
   734.39999999999247       0.37260149596049419     
   735.19999999999243      -0.16475209108389532     
   735.99999999999238      -0.69534177527701169     
   736.79999999999234       -1.1189011214518705     
   737.59999999999229       -1.2699043530199723     
   738.39999999999225       -1.0780176559922208     
   739.19999999999220      -0.65084770722776031     
   739.99999999999216      -0.13039453487415720     
   740.79999999999211       0.41082553359857676     
   741.59999999999206       0.91097619142403929     
   742.39999999999202        1.2301304363503154     
   743.19999999999197        1.2217361430341636     
   743.99999999999193       0.90303584993181796     
   744.79999999999188       0.41966229766649554     
   745.59999999999184      -0.11588136552781003     
   746.39999999999179      -0.64979430794019533     
   747.19999999999175       -1.0895390632923101     
   747.99999999999170       -1.2707504430986774     
   748.79999999999166       -1.1073200344557450     
   749.59999999999161      -0.69476050136077905     
   750.39999999999156      -0.17872320830771060     
   751.19999999999152       0.36247149558440428     
   751.99999999999147       0.87071792939869552     
   752.79999999999143        1.2134403981939261     
   753.59999999999138        1.2368805040839792     
   754.39999999999134       0.94075451012134303     
   755.19999999999129       0.46635262309819919     
   755.99999999999125       -6.7029780341606726E-002
   756.79999999999120      -0.60355716516659585     
   757.59999999999116       -1.0580288182839106     
   758.39999999999111       -1.2686513202629188     
   759.19999999999106       -1.1345784347876344     
   759.99999999999102      -0.73789994927551994     
   760.79999999999097      -0.22686799821213399     
   761.59999999999093       0.31391583656116306     
   762.39999999999088       0.82915311105693523     
   763.19999999999084        1.1940379007564994     
   763.99999999999079        1.2493262435262527     
   764.79999999999075       0.97706137374452706     
   765.59999999999070       0.51262162191453897     
   766.39999999999065       -1.8227486569422968E-002
   767.19999999999061      -0.55673048788050061     
   767.99999999999056       -1.0245050240953804     
   768.79999999999052       -1.2636048093115300     
   769.59999999999047       -1.1596702997424415     
   770.39999999999043      -0.78017621510410351     
   771.19999999999038      -0.27479930280853593     
   771.99999999999034       0.26521365202314506     
   772.79999999999029       0.78641595741490822     
   773.59999999999025        1.1720135569668795     
   774.39999999999020        1.2589963190915492     
   775.19999999999015        1.0118338924697063     
   775.99999999999011       0.55841266433143022     
   776.79999999999006        3.0497825836970471E-002
   777.59999999999002      -0.50940645514545191     
   778.39999999998997      -0.98910611819957750     
   779.19999999998993       -1.2556251835144752     
   779.99999999998988       -1.1824768349582748     
   780.79999999998984      -0.82149275222844031     
   781.59999999998979      -0.32248460553917541     
   782.39999999998975       0.21641379456080939     
   783.19999999998970       0.74263562394263705     
   783.99999999998965        1.1474699023018515     
   784.79999999998961        1.2658265001153670     
   785.59999999998956        1.0449471228778122     
   786.39999999998952       0.60366298241862559     
   787.19999999998947        7.9119961226426505E-002
   787.99999999998943      -0.46166937507427996     
   788.79999999998938      -0.95197276506008799     
   789.59999999998934       -1.2447430793015628     
   790.39999999998929       -1.2028844000521424     
   791.19999999998925      -0.86174657148860578     
   791.99999999998920      -0.36988777509170301     
   792.79999999998915       0.16755940639066180     
   793.59999999998911       0.69793512219893183     
   794.39999999998906        1.1205198757423589     
   795.19999999998902        1.2697665996319036     
   795.99999999998897        1.0762748744542956     
   796.79999999998893       0.64830337977958874     
   797.59999999998888       0.12761325489638708     
   798.39999999998884      -0.41359588882280984     
   799.19999999998879      -0.91324631149365387     
