   0.0000000000000000       -1.7219062627584178     
  0.80000000000000004      -0.45015818478699754     
   1.6000000000000001        1.0344409098182841     
   2.4000000000000004        1.4346174827234752     
   3.2000000000000002       0.38677494836442605     
   4.0000000000000000       -1.2188262428875338     
   4.7999999999999998       -1.9260832766422542     
   5.5999999999999996      -0.86184843064543415     
   6.3999999999999995        1.1904360261503153     
   7.1999999999999993        2.5763653094991410     
   7.9999999999999991        1.5651864646029627     
   8.7999999999999989      -0.81616352534451786     
   9.5999999999999996       -2.8431546206472627     
   10.400000000000000       -2.1426455599523218     
   11.200000000000001       0.19083929962712132     
   12.000000000000002        2.4320642718042991     
   12.800000000000002        2.5968933975200352     
   13.600000000000003       0.77771826042541425     
   14.400000000000004       -1.2809224292005656     
   15.200000000000005       -2.3975250524617469     
   16.000000000000004       -1.7137614201515365     
   16.800000000000004      -0.25413537723979451     
   17.600000000000005        1.0218481334129643     
   18.400000000000006        1.6674698016488656     
   19.200000000000006        1.4625136040492808     
   20.000000000000007       0.74583365255838341     
   20.800000000000008       -7.8339702161759117E-002
   21.600000000000009      -0.87369292714269187     
   22.400000000000009       -1.4618545968315972     
   23.200000000000010       -1.4731166481107967     
   24.000000000000011      -0.79957676049375537     
   24.800000000000011       0.33023514060895498     
   25.600000000000012        1.5427613564467231     
   26.400000000000013        2.0035818737829927     
   27.200000000000014        1.2003835547820310     
   28.000000000000014      -0.31656608409863884     
   28.800000000000015       -1.8469737518548155     
   29.600000000000016       -2.2369680261338178     
   30.400000000000016       -1.0987793582251368     
   31.200000000000017       0.62788128910450358     
   32.000000000000014        2.0897808970185316     
   32.800000000000011        2.1308961508036051     
   33.600000000000009       0.83928232003492553     
   34.400000000000006      -0.78797548955272201     
   35.200000000000003       -2.0107730739497427     
   36.000000000000000       -1.9482348968779419     
   36.799999999999997      -0.80858201850794398     
   37.599999999999994       0.59201844717198160     
   38.399999999999991        1.7156740156976564     
   39.199999999999989        1.8940228875138443     
   39.999999999999986        1.0594147218842476     
   40.799999999999983      -0.17851366193315421     
   41.599999999999980       -1.3718019580513290     
   42.399999999999977       -1.9287545853577714     
   43.199999999999974       -1.4045217804794869     
   43.999999999999972      -0.22239361321100559     
   44.799999999999969        1.1103537936773247     
   45.599999999999966        1.9865096859777207     
   46.399999999999963        1.6761478132495577     
   47.199999999999960       0.47454319234290554     
   47.999999999999957      -0.98447601332873957     
   48.799999999999955       -2.0393710293497587     
   49.599999999999952       -1.8184945268998758     
   50.399999999999949      -0.58409510189199954     
   51.199999999999946       0.92857249112120588     
   51.999999999999943        2.0406235976929712     
   52.799999999999940        1.8661732136431497     
   53.599999999999937       0.65404771273440465     
   54.399999999999935      -0.83292529340003485     
   55.199999999999932       -1.9612311054992622     
   55.999999999999929       -1.8932104579266125     
   56.799999999999926      -0.77923637928220213     
   57.599999999999923       0.64688340611473394     
   58.399999999999920        1.8178834244055526     
   59.199999999999918        1.9426471554117453     
   59.999999999999915       0.97415405711722991     
   60.799999999999912      -0.40128888118937189     
   61.599999999999909       -1.6487006944506124     
   62.399999999999906       -2.0058495984337030     
   63.199999999999903       -1.1914479438183609     
   63.999999999999901       0.15720422426552183     
   64.799999999999898        1.4876947915963858     
   65.599999999999895        2.0572320036804990     
   66.399999999999892        1.3820422100486605     
   67.199999999999889        4.9189677396385800E-002
   67.999999999999886       -1.3447918250462088     
   68.799999999999883       -2.0794713845741883     
   69.599999999999881       -1.5300875678258978     
   70.399999999999878      -0.22287635183856347     
   71.199999999999875        1.2036856406708136     
   71.999999999999872        2.0650144549570748     
   72.799999999999869        1.6484578391549141     
   73.599999999999866       0.39057282413713024     
   74.399999999999864       -1.0427263378181726     
   75.199999999999861       -2.0143843589615060     
   75.999999999999858       -1.7559612880880366     
   76.799999999999855      -0.57178862672967834     
   77.599999999999852       0.85591952167916086     
   78.399999999999849        1.9343719121129848     
   79.199999999999847        1.8592641391290297     
   79.999999999999844       0.76486195089678333     
   80.799999999999841      -0.65550946530750576     
   81.599999999999838       -1.8346280725193647     
   82.399999999999835       -1.9514312724795049     
   83.199999999999832      -0.95425948068176891     
   83.999999999999829       0.45840687052140472     
   84.799999999999827        1.7225788024393198     
   85.599999999999824        2.0217718960131821     
   86.399999999999821        1.1270296609223345     
   87.199999999999818      -0.27152307992173519     
   87.999999999999815       -1.5986038709546122     
   88.799999999999812       -2.0638599969446156     
   89.599999999999810       -1.2820876749313972     
   90.399999999999807        8.8963596481119289E-002
   91.199999999999804        1.4572882614461826     
   91.999999999999801        2.0766513806219695     
   92.799999999999798        1.4266484481053661     
   93.599999999999795        9.9233410037862901E-002
   94.399999999999793       -1.2945284287379146     
   95.199999999999790       -2.0620402847984605     
   95.999999999999787       -1.5667451715936922     
   96.799999999999784      -0.29700337812777011     
   97.599999999999781        1.1132934057728983     
   98.399999999999778        2.0228975079963067     
   99.199999999999775        1.7012511081138020     
   99.999999999999773       0.49894995123769759     
   100.79999999999977      -0.92320674418713633     
   101.59999999999977       -1.9625945007058838     
   102.39999999999976       -1.8229034574714571     
   103.19999999999976      -0.69458941260101126     
   103.99999999999976       0.73469657619808104     
   104.79999999999976        1.8840845669267108     
   105.59999999999975        1.9234879735097925     
   106.39999999999975       0.87586742078330682     
   107.19999999999975      -0.55229809631397764     
   107.99999999999974       -1.7878681666399863     
   108.79999999999974       -1.9981728529529930     
   109.59999999999974       -1.0420301594074384     
   110.39999999999974       0.37262960304629944     
   111.19999999999973        1.6715884417715854     
   111.99999999999973        2.0461851590391111     
   112.79999999999973        1.1982904237794858     
   113.59999999999972      -0.18855587496464699     
   114.39999999999972       -1.5327739191499925     
   115.19999999999972       -2.0687475938748321     
   115.99999999999972       -1.3502891007558646     
   116.79999999999971       -4.6099302471982462E-003
   117.59999999999971        1.3722432776965268     
   118.39999999999971        2.0670366607254236     
   119.19999999999970        1.4994175495661524     
   119.99999999999970       0.20574560655364782     
   120.79999999999970       -1.1953111189140535     
   121.59999999999970       -2.0418986580534879     
   122.39999999999969       -1.6418878511440163     
   123.19999999999969      -0.40860658654696591     
   123.99999999999969        1.0102372180834298     
   124.79999999999968        1.9946095863390263     
   125.59999999999968        1.7709047437472043     
   126.39999999999968       0.60511604934447516     
   127.19999999999968      -0.82480078013021152     
   127.99999999999967       -1.9268235160669496     
   128.79999999999967       -1.8798858660550184     
   129.59999999999968      -0.78941846234647262     
   130.39999999999969       0.64271215866589237     
   131.19999999999970        1.8393204731442949     
   131.99999999999972        1.9648124764674113     
   132.79999999999973       0.96054112335664277     
   133.59999999999974      -0.46231033337075056     
   134.39999999999975       -1.7312687330807768     
   135.19999999999976       -2.0245673859966860     
   135.99999999999977       -1.1218111699133666     
   136.79999999999978       0.27876453143128055     
   137.59999999999980        1.6013760231340919     
   138.39999999999981        2.0595903750957545     
   139.19999999999982        1.2775287026161686     
   139.99999999999983       -8.8045380235021620E-002
   140.79999999999984       -1.4500390921931521     
   141.59999999999985       -2.0703952891640345     
   142.39999999999986       -1.4295529240785680     
   143.19999999999987      -0.11021613733898583     
   143.99999999999989        1.2807265647281891     
   144.79999999999990        2.0572397097321256     
   145.59999999999991        1.5758880773008621     
   146.39999999999992       0.31222513279616226     
   147.19999999999993       -1.0997767968308900     
   147.99999999999994       -2.0207995829685617     
   148.79999999999995       -1.7114208701494791     
   149.59999999999997      -0.51148468370843658     
   150.39999999999998       0.91459344019619770     
   151.19999999999999        1.9625700701579420     
   152.00000000000000        1.8299625861685946     
   152.80000000000001       0.70157119671907653     
   153.60000000000002      -0.73071013062760559     
   154.40000000000003       -1.8840699410879216     
   155.20000000000005       -1.9265233341089856     
   156.00000000000006      -0.87914272943609628     
   156.80000000000007       0.54931447886285656     
   157.60000000000008        1.7855779768569695     
   158.40000000000009        1.9985886545581109     
   159.20000000000010        1.0452192905908242     
   160.00000000000011      -0.36732570237156592     
   160.80000000000013       -1.6661083347765646     
   161.60000000000014       -2.0457491621942712     
   162.40000000000015       -1.2035493365145906     
   163.20000000000016       0.18025590115805246     
   164.00000000000017        1.5250461623606131     
   164.80000000000018        2.0683786175757164     
   165.60000000000019        1.3573164477788031     
   166.40000000000020        1.4318389178746838E-002
   167.20000000000022       -1.3640815880087245     
   168.00000000000023       -2.0667568010213939     
   168.80000000000024       -1.5065998665383433     
   169.60000000000025      -0.21487023556591200     
   170.40000000000026        1.1880265582103258     
   171.20000000000027        2.0412999417211797     
   172.00000000000028        1.6478623509246906     
   172.80000000000030       0.41618898835043838     
   173.60000000000031       -1.0039716275922121     
   174.40000000000032       -1.9931966605594211     
   175.20000000000033       -1.7752651252674685     
   176.00000000000034      -0.61144812384770031     
   176.80000000000035       0.81882665929371545     
   177.60000000000036        1.9241971335092176     
   178.40000000000038        1.8829537491903798     
   179.20000000000039       0.79535919534588095     
   180.00000000000040      -0.63623432758360066     
   180.80000000000041       -1.8353541486991323     
   181.60000000000042       -1.9670596298753031     
   182.40000000000043      -0.96670502953046022     
   183.20000000000044       0.45506308250290517     
   184.00000000000045        1.7261782181433201     
   184.80000000000047        2.0262236483500224     
   185.60000000000048        1.1282345633561799     
   186.40000000000049      -0.27101874205522414     
   187.20000000000050       -1.5955553718456248     
   188.00000000000051       -2.0606002328475159     
   188.80000000000052       -1.2838750159455157     
   189.60000000000053        8.0221827897055453E-002
   190.40000000000055        1.4438059219318458     
   191.20000000000056        2.0705800442701960     
   192.00000000000057        1.4354792802386593     
   192.80000000000058       0.11787038474574119     
   193.60000000000059       -1.2742117974027687     
   194.40000000000060       -2.0564575879983256     
   195.20000000000061       -1.5812209585755732     
   196.00000000000063      -0.31966735559542570     
   196.80000000000064        1.0930069184431079     
   197.60000000000065        2.0190160021625907     
   198.40000000000066        1.7161035479842959     
   199.20000000000067       0.51872531433116076     
   200.00000000000068      -0.90762096876338050     
   200.80000000000069       -1.9598532369181516     
   201.60000000000070       -1.8339442136773825     
   202.40000000000072      -0.70856286233374211     
   203.20000000000073       0.72364060950714193     
   204.00000000000074        1.8805330602829182     
   204.80000000000075        1.9297204717094143     
   205.60000000000076       0.88580627888791375     
   206.40000000000077      -0.54222354822143282     
   207.20000000000078       -1.7812999534387461     
   208.00000000000080       -2.0009136106112249     
   208.80000000000081       -1.0515298246791118     
   209.60000000000082       0.36018574228348132     
   210.40000000000083        1.6611000151978736     
   211.20000000000084        2.0471404163478502     
   212.00000000000085        1.2095603663615351     
   212.80000000000086      -0.17296502131759595     
   213.60000000000088       -1.5192983054248226     
   214.40000000000089       -2.0688055178788223     
   215.20000000000090       -1.3630928896707517     
   216.00000000000091       -2.1829097087198157E-002
   216.80000000000092        1.3576543783507038     
   217.60000000000093        2.0662185973414320     
   218.40000000000094        1.5121248743649416     
   219.20000000000095       0.22253911169558682     
   220.00000000000097       -1.1811068416778110     
   220.80000000000098       -2.0398373268042751     
   221.60000000000099       -1.6529951522230077     
   222.40000000000100      -0.42380808645509549     
   223.20000000000101       0.99684105556150460     
   224.00000000000102        1.9908934535157892     
   224.80000000000103        1.7797826174614593     
   225.60000000000105       0.61875395180930060     
   226.40000000000106      -0.81173623023792807     
   227.20000000000107       -1.9211372400739211     
   228.00000000000108       -1.8866466320016047     
   228.80000000000109      -0.80218177578235439     
   229.60000000000110       0.62926674649236558     
   230.40000000000111        1.8315579541348876     
   231.20000000000113        1.9698087739411452     
   232.00000000000114       0.97305889688292879     
   232.80000000000115      -0.44810541381003577     
   233.60000000000116       -1.7215961819410250     
   234.40000000000117       -2.0280032029020494     
   235.20000000000118       -1.1342697351455722     
   236.00000000000119       0.26387698982322494     
   236.80000000000121        1.5901430080426675     
   237.60000000000122        2.0614268099402144     
   238.40000000000123        1.2897345383177594     
   239.20000000000124       -7.2779484437085484E-002
   240.00000000000125       -1.4376158700385060     
   240.80000000000126       -2.0704713364951877     
   241.60000000000127       -1.4411799291990333     
   242.40000000000128      -0.12556105520881733     
   243.20000000000130        1.2674333008795320     
   244.00000000000131        2.0554365395572658     
   244.80000000000132        1.5866249804021952     
   245.60000000000133       0.32739453318023104     
   246.40000000000134       -1.0859280341198243     
   247.20000000000135       -2.0171345059610264     
   248.00000000000136       -1.7209751306376271     
   248.80000000000138      -0.52620923155165555     
   249.60000000000139       0.90052051093347085     
   250.40000000000140        1.9571819994426651     
   251.20000000000141        1.8380488468189693     
   252.00000000000142       0.71559194047785946     
   252.80000000000143      -0.71665790122403150     
   253.60000000000144       -1.8771094765078611     
   254.40000000000146       -1.9329088131921839     
   255.20000000000147      -0.89234069779818515     
   256.00000000000148       0.53530111455546936     
   256.80000000000149        1.7770967736991079     
   257.60000000000150        2.0031396259032062     
   258.40000000000151        1.0576899075197297     
   259.20000000000152      -0.35314365043329921     
   260.00000000000153       -1.6560679853515690     
   260.80000000000155       -2.0484164793176465     
   261.60000000000156       -1.2155065794123057     
   262.40000000000157       0.16564962714200315     
   263.20000000000158        1.5134507823721413     
   264.00000000000159        2.0691492156787255     
   264.80000000000160        1.3688951570986529     
   265.60000000000161        2.9432183135086110E-002
   266.40000000000163       -1.3511247081108559     
   267.20000000000164       -2.0656410358095556     
   268.00000000000165       -1.5177045938030653     
   268.80000000000166      -0.23028098521093576     
   269.60000000000167        1.1741430166603086     
   270.40000000000168        2.0383687673807489     
   271.20000000000169        1.6581515205526707     
   272.00000000000171       0.43143238819597052     
   272.80000000000172      -0.98973331726035085     
   273.60000000000173       -1.9885966545077218     
   274.40000000000174       -1.7842738282867727     
   275.20000000000175      -0.62600956091723114     
   276.00000000000176       0.80469666519262883     
   276.80000000000177        1.9180722776136847     
   277.60000000000178        1.8902817449524298     
   278.40000000000180       0.80894524122625544     
   279.20000000000181      -0.62233019156290981     
   280.00000000000182       -1.8277309769826253     
   280.80000000000183       -1.9724970600476199     
   281.60000000000184      -0.97938206105520020     
   282.40000000000185       0.44113901073941730     
   283.20000000000186        1.7169628964533092     
   284.00000000000188        2.0297353682041206     
   284.80000000000189        1.1403069932690424     
   285.60000000000190      -0.25670130311488504     
   286.40000000000191       -1.5846787356220018     
   287.20000000000192       -2.0622201727342193     
   288.00000000000193       -1.2956084258654488     
   288.80000000000194        6.5306292171893876E-002
   289.60000000000196        1.4313919988894346     
   290.40000000000197        2.0703367058215925     
   291.20000000000198        1.4468844741402549     
   292.00000000000199       0.13326063287616119     
   292.80000000000200       -1.2606451140852317     
   293.60000000000201       -2.0543906520725845     
   294.40000000000202       -1.5920125157571490     
   295.20000000000203      -0.33510758203921065     
   296.00000000000205        1.0788563232093225     
   296.80000000000206        2.0152260030401115     
   297.60000000000207        1.7258135012160749     
   298.40000000000208       0.53366735824148126     
   299.20000000000209      -0.89343062575282972     
   300.00000000000210       -1.9544800983537665     
   300.80000000000211       -1.8421133308075950     
   301.60000000000213      -0.72259725958834098     
   302.40000000000214       0.70967821329800262     
   303.20000000000215        1.8736514825905117     
   304.00000000000216        1.9360581901785054     
   304.80000000000217       0.89886111061605445     
   305.60000000000218      -0.52837118718500009     
   306.40000000000219       -1.7728576037156387     
   307.20000000000221       -2.0053305837723419     
   308.00000000000222       -1.0638448257922639     
   308.80000000000223       0.34608806342293819     
   309.60000000000224        1.6510024107485890     
   310.40000000000225        2.0496597225839142     
   311.20000000000226        1.2214501579422214     
   312.00000000000227      -0.15832180948124330     
   312.80000000000229       -1.5075760832849598     
   313.60000000000230       -2.0694597518352227     
   314.40000000000231       -1.3746907946262246     
   315.20000000000232       -3.7041347878629338E-002
   316.00000000000233        1.3445766680316982     
   316.80000000000234        2.0650292709711757     
   317.60000000000235        1.5232698596750880     
   318.40000000000236       0.23802022957365532     
   319.20000000000238       -1.1671703419868733     
   320.00000000000239       -2.0368664078357952     
   320.80000000000240       -1.6632847262971799     
   321.60000000000241      -0.43904554502071380     
   322.40000000000242       0.98262473193782052     
   323.20000000000243        1.9862680779107154     
   324.00000000000244        1.7887346753686175     
   324.80000000000246       0.63324844505342393     
   325.60000000000247      -0.79765987949247541     
   326.40000000000248       -1.9149772746021683     
   327.20000000000249       -1.8938823193334500     
   328.00000000000250      -0.81569153465461453     
   328.80000000000251       0.61539428847079214     
   329.60000000000252        1.8238738557942711     
   330.40000000000254        1.9751495556899259     
   331.20000000000255       0.98569213895809793     
   332.00000000000256      -0.43416755819174480     
   332.80000000000257       -1.7122984880948695     
   333.60000000000258       -2.0314318610326270     
   334.40000000000259       -1.1463361646403747     
   335.20000000000260       0.24951576352298033     
   336.00000000000261        1.5791841723509938     
   336.80000000000263        2.0629778976728144     
   337.60000000000264        1.3014761495116607     
   338.40000000000265       -5.7822956567901151E-002
   339.20000000000266       -1.4251426418993594     
   340.00000000000267       -2.0701664183297082     
   340.80000000000268       -1.4525797900022026     
   341.60000000000269      -0.14096503843174646     
   342.40000000000271        1.2538404593542924     
   343.20000000000272        2.0533102051924041     
   344.00000000000273        1.5973834480733620     
   344.80000000000274       0.34281606732789793     
   345.60000000000275       -1.0717790541468282     
   346.40000000000276       -2.0132856033860942     
   347.20000000000277       -1.7306262815719515     
   348.00000000000279      -0.54111141093018644     
   348.80000000000280       0.88634340464690298     
   349.60000000000281        1.9517489300843525     
   350.40000000000282        1.8461450129232546     
   351.20000000000283       0.72958368966729714     
   352.00000000000284      -0.70270262831482611     
   352.80000000000285       -1.8701645834215512     
   353.60000000000286       -1.9391712928039693     
   354.40000000000288      -0.90536460274696839     
   355.20000000000289       0.52144019199103497     
   356.00000000000290        1.7685877159610104     
   356.80000000000291        2.0074848835817152     
   357.60000000000292        1.0699888351008306     
   358.40000000000293      -0.33902435933519248     
   359.20000000000294       -1.6459049969514346     
   360.00000000000296       -2.0508669298050242     
   360.80000000000297       -1.2273876066316189     
   361.60000000000298       0.15098240276588104     
   362.40000000000299        1.5016722261838589     
   363.20000000000300        2.0697346386600275     
   364.00000000000301        1.3804800436165880     
   364.80000000000302        4.4659295937072185E-002
   365.60000000000304       -1.3380070882796142     
   366.40000000000305       -2.0643825449480424     
   367.20000000000306       -1.5288229250745389     
   368.00000000000307      -0.24575985732232586     
   368.80000000000308        1.1601871524599965     
   369.60000000000309        2.0353310935867830     
   370.40000000000310        1.6683966353346964     
   371.20000000000312       0.44664852870884819     
   372.00000000000313      -0.97551599402554445     
   372.80000000000314       -1.9839093367152714     
   373.60000000000315       -1.7931655083889919     
   374.40000000000316      -0.64046950170509565     
   375.20000000000317       0.79062775719108314     
   376.00000000000318        1.9118535075505780     
   376.80000000000319        1.8974475418318850     
   377.60000000000321       0.82241901548336527     
   378.40000000000322      -0.60846034890024070     
   379.20000000000323       -1.8199868145879987     
   380.00000000000324       -1.9777652191940671     
   380.80000000000325      -0.99198835659656104     
   381.60000000000326       0.42719098283158363     
   382.40000000000327        1.7076022678311764     
   383.20000000000329        2.0330920656025597     
   384.00000000000330        1.1523575877081276     
   384.80000000000331      -0.24231940296009435     
   385.60000000000332       -1.5736584934114861     
   386.40000000000333       -2.0636999304017922     
   387.20000000000334       -1.3073384732733668     
   388.00000000000335        5.0328649586124818E-002
   388.80000000000337        1.4188675793906880     
   389.60000000000338        2.0699608131714147     
   390.40000000000339        1.4582662866703995     
   391.20000000000340       0.14867429618777472     
   392.00000000000341       -1.2470198993605344     
   392.80000000000342       -2.0521956891934838     
   393.60000000000343       -1.6027375576756611     
   394.40000000000344      -0.35051929757011147     
   395.20000000000346        1.0646971361706243     
   396.00000000000347        2.0113136968508472     
   396.80000000000348        1.7354128811653224     
   397.60000000000349       0.54854059314024362     
   398.40000000000350      -0.87925944634823394     
   399.20000000000351       -1.9489885777784921     
   400.00000000000352       -1.8501433655880806     
   400.80000000000354      -0.73655090508545484     
   401.60000000000355       0.69573108976106379     
   402.40000000000356        1.8666485443119873     
   403.20000000000357        1.9422478992400678     
   404.00000000000358       0.91185142040630485     
   404.80000000000359      -0.51450761615659601     
   405.60000000000360       -1.7642867954361214     
   406.40000000000362       -2.0096025680982890     
   407.20000000000363       -1.0761224056260106     
   408.00000000000364       0.33195205617771051     
   408.80000000000365        1.6407756479396192     
   409.60000000000366        2.0520382402871449     
   410.40000000000367        1.2333191993993391     
   411.20000000000368      -0.14363131012215247     
   412.00000000000369       -1.4957394672059059     
   412.80000000000371       -2.0699740016854093     
   413.60000000000372       -1.3862627985238056     
   414.40000000000373       -5.2285704257097665E-002
   415.20000000000374        1.3314164872760379     
   416.00000000000375        2.0637009603096002     
   416.80000000000376        1.5343633929543228     
   417.60000000000377       0.25349933196970054     
   418.40000000000379       -1.1531939958540942     
   419.20000000000380       -2.0337629147451937     
   420.00000000000381       -1.6734867849883410     
   420.80000000000382      -0.45424088169411392     
   421.60000000000383       0.96840742528301660     
   422.40000000000384        1.9815204688704413     
   423.20000000000385        1.7975660063520356     
   424.00000000000387       0.64767257668331824     
   424.80000000000388      -0.78360026319050990     
   425.60000000000389       -1.9087009190861366     
   426.40000000000390       -1.9009773073188421     
   427.20000000000391      -0.82912785283559276     
   428.00000000000392       0.60152807823189192     
   428.80000000000393        1.8160697500678673     
   429.60000000000394        1.9803440895487616     
   430.40000000000396       0.99827101381692751     
   431.20000000000397      -0.42020898309924171     
   432.00000000000398       -1.7028742125079248     
   432.80000000000399       -2.0347160429327618     
   433.60000000000400       -1.1583714499533535     
   434.40000000000401       0.23511212435569906     
   435.20000000000402        1.5681018507373405     
   436.00000000000404        2.0643862936555912     
   436.80000000000405        1.3131953462054224     
   437.60000000000406       -4.2823536206201274E-002
   438.40000000000407       -1.4125671433513849     
   439.20000000000408       -2.0697199053552016     
   440.00000000000409       -1.4639436974282600     
   440.80000000000410      -0.15638804867610956     
   441.60000000000412        1.2401838659596318     
   442.40000000000413        2.0510471651053992     
   443.20000000000414        1.6080744762585315     
   444.00000000000415       0.35821686818616127     
   444.80000000000416       -1.0576109479332194     
   445.60000000000417       -2.0093103785038267     
   446.40000000000418       -1.7401729731338875     
   447.20000000000420      -0.55595463624146313     
   448.00000000000421       0.87217890573156098     
   448.80000000000422        1.9461990889792824     
   449.60000000000423        1.8541082051089619     
   450.40000000000424       0.74349889697227800     
   451.20000000000425      -0.68876347217994449     
   452.00000000000426       -1.8631033212497408     
   452.80000000000427       -1.9452879706262780     
   453.60000000000429      -0.91832176830536971     
   454.40000000000430       0.50757318507367866     
   455.20000000000431        1.7599547767674408     
   456.00000000000432        2.0116836637505977     
   456.80000000000433        1.0822457673374375     
   457.60000000000434      -0.32487094796631832     
   458.40000000000435       -1.6356144003672306     
   459.20000000000437       -2.0531736718594287     
   460.00000000000438       -1.2392450115933622     
   460.80000000000439       0.13626854086215356     
   461.60000000000440        1.4897780209341047     
   462.40000000000441        2.0701778479419044     
   463.20000000000442        1.3920389150452874     
   464.00000000000443        5.9920329070843881E-002
   464.80000000000445       -1.3248052439379441     
   465.60000000000446       -2.0629845626139627     
   466.40000000000447       -1.5398909499182305     
   467.20000000000448      -0.26123826276867357     
   468.00000000000449        1.1461913042475640     
   468.80000000000450        2.0321619731944489     
   469.60000000000451        1.6785548165410236     
   470.40000000000452       0.46182223695326874     
   471.20000000000454      -0.96129932505427496     
   472.00000000000455       -1.9791015671285195     
   472.80000000000456       -1.8019359006488338     
   473.60000000000457      -0.65485751133659131     
   474.40000000000458       0.77657741720040563     
   475.20000000000459        1.9055195091804584     
   476.00000000000460        1.9044715020743763     
   476.80000000000462       0.83581815574165885     
   477.60000000000463      -0.59459724929246538     
   478.40000000000464       -1.8121225851490124     
   479.20000000000465       -1.9828861673068603     
   480.00000000000466       -1.0045403572588576     
   480.80000000000467       0.41322128547612591     
   481.60000000000468        1.6981142862930925     
   482.40000000000470        2.0363038207070701     
   483.20000000000471        1.1643779258956288     
   484.00000000000472      -0.22789381365939687     
   484.80000000000473       -1.5625143645377890     
   485.60000000000474       -2.0650369992118698     
   486.40000000000475       -1.3190467362855762     
   487.20000000000476        3.5307749120907284E-002
   488.00000000000477        1.4062416432939970     
   488.80000000000479        2.0694437199033580     
   489.60000000000480        1.4696117791460610     
   490.40000000000481       0.16410595575500420     
   491.20000000000482       -1.2333327909767315     
   492.00000000000483       -2.0498647130737160     
   492.80000000000484       -1.6133938457629486     
   493.60000000000485      -0.36590837044087854     
   494.40000000000487        1.0505208813232079     
   495.20000000000488        2.0072757575744107     
   496.00000000000489        1.7449062276689629     
   496.80000000000490       0.56335325991018115     
   497.60000000000491      -0.86510194657778272     
   498.40000000000492       -1.9433805123972663     
   499.20000000000493       -1.8580393405561311     
   500.00000000000495      -0.75042765151880797     
   500.80000000000496       0.68179964711957708     
   501.60000000000497        1.8595288615626901     
   502.40000000000498        1.9482914633125508     
   503.20000000000499       0.92477585480832092     
   504.00000000000500      -0.50063661519554348     
   504.80000000000501       -1.7555915859980711     
   505.60000000000502       -2.0137281964326403     
   506.40000000000504       -1.0883591555162893     
   507.20000000000505       0.31778082359084570     
   508.00000000000506        1.6304212899614623     
   508.80000000000507        2.0542732454275994     
   509.60000000000508        1.2451651191502235     
   510.40000000000509      -0.12889410781156774     
   511.20000000000510       -1.4837881093726277     
   512.00000000000512       -2.0703461899230904     
   512.80000000000507       -1.3978082436865955     
   513.60000000000502       -6.7562916772209825E-002
   514.40000000000498        1.3181737471963626     
   515.20000000000493        2.0622334029194476     
   516.00000000000489        1.5454052756246817     
   516.80000000000484       0.26897625048143459     
   517.60000000000480       -1.1391795135937661     
   518.40000000000475       -2.0305283725567662     
   519.20000000000471       -1.6836003682020289     
   520.00000000000466      -0.46939222806838066     
   520.80000000000462       0.95419198548784223     
   521.60000000000457        1.9766527200105424     
   522.40000000000452        1.8062749255718591     
   523.20000000000448       0.66202415709374662     
   524.00000000000443      -0.76955922537872112     
   524.80000000000439       -1.9023092710792726     
   525.60000000000434       -1.9079300180997458     
   526.40000000000430      -0.84249004441075392     
   527.20000000000425       0.58766762567132558     
   528.00000000000421        1.8081452402134899     
   528.80000000000416        1.9853914571005475     
   529.60000000000412        1.0107966370785963     
   530.40000000000407      -0.40622761771475835     
   531.20000000000402       -1.6933224578424662     
   532.00000000000398       -2.0378554277608529     
   532.80000000000393       -1.1703771845482103     
   533.60000000000389       0.22066436617249741     
   534.40000000000384        1.5568961637446568     
   535.20000000000380        2.0656520591422010     
   536.00000000000375        1.3248926018459857     
   536.80000000000371       -2.7781432048322063E-002
   537.60000000000366       -1.3998913966733317     
   538.40000000000362       -2.0691322832578560     
   539.20000000000357       -1.4752702807609475     
   540.00000000000352      -0.17182767035383906     
   540.80000000000348        1.2264671085819685     
   541.60000000000343        2.0486484148095747     
   542.40000000000339        1.6186953058102269     
   543.20000000000334       0.37359339673547787     
   544.00000000000330       -1.0434273220827217     
   544.80000000000325       -2.0052099420900951     
   545.60000000000321       -1.7496123188474495     
   546.40000000000316      -0.57073619310039758     
   547.20000000000312       0.85802872052356105     
   548.00000000000307        1.9405328925578844     
   548.80000000000302        1.8619365877214447     
   549.60000000000298       0.75733716627693615     
   550.40000000000293      -0.67483947609750627     
   551.20000000000289       -1.8559251097121179     
   552.00000000000284       -1.9512583384738378     
   552.80000000000280      -0.93121389360513573     
   553.60000000000275       0.49369762177708143     
   554.40000000000271        1.7511971514313076     
   555.20000000000266        2.0157361930274313     
   556.00000000000261        1.0944628019364044     
   556.80000000000257      -0.31068147902766419     
   557.60000000000252       -1.6251963590773524     
   558.40000000000248       -2.0553369810254756     
   559.20000000000243       -1.2510795893479272     
   560.00000000000239       0.12150803383326059     
   560.80000000000234        1.4777699619837819     
   561.60000000000230        2.0704790404581046     
   562.40000000000225        1.4035706265883359     
   563.20000000000221        7.5213205808230876E-002
   564.00000000000216       -1.3115223904410751     
   564.80000000000211       -2.0614475343687384     
   565.60000000000207       -1.5509060455201089     
   566.40000000000202      -0.27671289365893958     
   567.20000000000198        1.1321590578085687     
   568.00000000000193        2.0288622175256079     
   568.80000000000189        1.6886230797226212     
   569.60000000000184       0.47695049416010171     
   570.40000000000180      -0.94708568942547489     
   571.20000000000175       -1.9741740135587773     
   572.00000000000171       -1.8105828211544619     
   572.80000000000166      -0.66917237606284874     
   573.60000000000161       0.76254568245801835     
   574.40000000000157        1.8990701940758421     
   575.20000000000152        1.9113527531425523     
   576.00000000000148       0.84914364751318616     
   576.80000000000143      -0.58073896534250369     
   577.60000000000139       -1.8041376350326950     
   578.40000000000134       -1.9878599660178047     
   579.20000000000130       -1.0170401039763810     
   580.00000000000125       0.39922771090473153     
   580.80000000000121        1.6884987003018572     
   581.60000000000116        2.0393708924717964     
   582.40000000000111        1.1763693883533519     
   583.20000000000107      -0.21342368611452001     
   584.00000000000102       -1.5512473845655652     
   584.80000000000098       -2.0662314851146490     
   585.60000000000093       -1.3307328924199076     
   586.40000000000089        2.0244737960691150E-002
   587.20000000000084        1.3935167273249309     
   588.00000000000080        2.0687856234638300     
   588.80000000000075        1.4809189447567812     
   589.60000000000070       0.17955283995915239     
   590.40000000000066       -1.2195872546017836     
   591.20000000000061       -2.0473983541748084     
   592.00000000000057       -1.6239784946744775     
   592.80000000000052      -0.38127154101445138     
   593.60000000000048        1.0363306501086256     
   594.40000000000043        2.0031130394181633     
   595.20000000000039        1.7542909247247505     
   596.00000000000034       0.57810317351587948     
   596.80000000000030      -0.85095936787849524     
   597.60000000000025       -1.9376562701073425     
   598.40000000000020       -1.8657997686049506     
   599.20000000000016      -0.76422744930530695     
   600.00000000000011       0.66788281131524907     
   600.80000000000007        1.8522920073296878     
   601.60000000000002        1.9541885615174301     
   602.39999999999998       0.93763610314370505     
   603.19999999999993      -0.48675591908425719     
   603.99999999999989       -1.7467714034401165     
   604.79999999999984       -2.0177076811265096     
   605.59999999999980       -1.1005569348274844     
   606.39999999999975       0.30357271709988209     
   607.19999999999970        1.6199396564530588     
   607.99999999999966        2.0563648979156577     
   608.79999999999961        1.2569884810962291     
   609.59999999999957      -0.11411035151064586     
   610.39999999999952       -1.4717238155767625     
   611.19999999999948       -2.0705764129967537     
   611.99999999999943       -1.4093258978092420     
   612.79999999999939       -8.2870926823182867E-002
   613.59999999999934        1.3048515715256201     
   614.39999999999930        2.0606270123832937     
   615.19999999999925        1.5563929309798592     
   615.99999999999920       0.28444778868121712     
   616.79999999999916       -1.1251303687327949     
   617.59999999999911       -2.0271636138176596     
   618.39999999999907       -1.6936225924276354     
   619.19999999999902      -0.48449667994303414     
   619.99999999999898       0.93998071031843300     
   620.79999999999893        1.9716655311576363     
   621.59999999999889        1.8148593331156113     
   622.39999999999884       0.67630204102492097     
   623.19999999999879      -0.75553677178670253     
   623.99999999999875       -1.8958022634457323     
   624.79999999999870       -1.9147396105777434     
   625.59999999999866      -0.85577910202008867     
   626.39999999999861       0.57381102087115954     
   627.19999999999857        1.8000996888768250     
   627.99999999999852        1.9902917035028409     
   628.79999999999848        1.0232710089762458     
   629.59999999999843      -0.39222129969049013     
   630.39999999999839       -1.6836429914626185     
   631.19999999999834       -2.0408502427642881     
   631.99999999999829       -1.1823546930490187     
   632.79999999999825       0.20617168673321129     
   633.59999999999820        1.5455681705716191     
   634.39999999999816        2.0667752884916437     
   635.19999999999811        1.3365675487359112     
   635.99999999999807       -1.2697829071478539E-002
   636.79999999999802       -1.3871179654186050     
   637.59999999999798       -2.0684037702440961     
   638.39999999999793       -1.4865575072688861     
   639.19999999999789      -0.18728110677331333     
   639.99999999999784        1.2126936662928021     
   640.79999999999779        2.0461146171119777     
   641.59999999999775        1.6292430494671371     
   642.39999999999770       0.38894239905760775     
   643.19999999999766       -1.0292312391421923     
   643.99999999999761       -2.0009851560840577     
   644.79999999999757       -1.7589417274936332     
   645.59999999999752      -0.58545394784256799     
   646.39999999999748       0.84389401749991921     
   647.19999999999743        1.9347506817305720     
   647.99999999999739        1.8696287114307928     
   648.79999999999734       0.77109851911631044     
   649.59999999999729      -0.66092949586011485     
   650.39999999999725       -1.8486294933497704     
   651.19999999999720       -1.9570821019744262     
   651.99999999999716      -0.94404270633934684     
   652.79999999999711       0.47981122073542837     
   653.59999999999707        1.7423142746758666     
   654.39999999999702        2.0196426889313677     
   655.19999999999698        1.1066417786061136     
   655.99999999999693      -0.29645434769123269     
   656.79999999999688       -1.6146512373204815     
   657.59999999999684       -2.0573570145980384     
   658.39999999999679       -1.2628918448550026     
   659.19999999999675       0.10670110315311043     
   659.99999999999670        1.4656499142610437     
   660.79999999999666        2.0706383216836119     
   661.59999999999661        1.4150738834257555     
   662.39999999999657        9.0535802825906675E-002
   663.19999999999652       -1.2981616925563499     
   663.99999999999648       -2.0597718946722283     
   664.79999999999643       -1.5618655995242157     
   665.59999999999638      -0.29218053006174594     
   666.39999999999634        1.1180938758055663     
   667.19999999999629        2.0254326680480981     
   667.99999999999625        1.6985985494437326     
   668.79999999999620       0.49203043603750052     
   669.59999999999616      -0.93287731199287216     
   670.39999999999611       -1.9691273534030409     
   671.19999999999607       -1.8191042129580099     
   671.99999999999602      -0.68341303551174537     
   672.79999999999598       0.74853246541086094     
   673.59999999999593        1.8925054604975273     
   674.39999999999588        1.9180904993308523     
   675.19999999999584       0.86239655297192463     
   675.99999999999579      -0.56688353974684147     
   676.79999999999575       -1.7960313207134997     
   677.59999999999570       -1.9926866812174677     
   678.39999999999566       -1.0294896031015708     
   679.19999999999561       0.38520812256954251     
   679.99999999999557        1.6787553139230005     
   680.79999999999552        2.0422935060552763     
   681.59999999999548        1.1883332474939019     
   682.39999999999543      -0.19890829039774660     
   683.19999999999538       -1.5398586727213137     
   683.99999999999534       -2.0672834803900990     
   684.79999999999529       -1.3423965027450122     
   685.59999999999525        5.1408767445693115E-003
   686.39999999999520        1.3806954473344968     
   687.19999999999516        2.0679867550660345     
   687.99999999999511        1.4921856982518182     
   688.79999999999507       0.19501210794500379     
   689.59999999999502       -1.2057867820769570     
   690.39999999999498       -2.0447972915908572     
   691.19999999999493       -1.6344886063641186     
   691.99999999999488      -0.39660556879144382     
   692.79999999999484        1.0221294564783043     
   693.59999999999479        1.9988263976220697     
   694.39999999999475        1.7635644136446436     
   695.19999999999470       0.59278827194508610     
   695.99999999999466      -0.83683278672417294     
   696.79999999999461       -1.9318161601035411     
   697.59999999999457       -1.8734232506372492     
   698.39999999999452      -0.77795040456824949     
   699.19999999999447       0.65397936395653322     
   699.99999999999443        1.8449375041591667     
   700.79999999999438        1.9599389333646677     
   701.59999999999434       0.95043393025030642     
   702.39999999999429      -0.47286324005876246     
   703.19999999999425       -1.7378257002733337     
   703.99999999999420       -2.0215412451433883     
   704.79999999999416       -1.1127175536026874     
   705.59999999999411       0.28932618795295251     
   706.39999999999407        1.6093311635074719     
   707.19999999999402        2.0583133488215077     
   707.99999999999397        1.2687897225605984     
   708.79999999999393       -9.9280340798044930E-002
   709.59999999999388       -1.4595485094053238     
   710.39999999999384       -2.0706647814416130     
   711.19999999999379       -1.4208144016313859     
   711.99999999999375       -9.8207549341748468E-002
   712.79999999999370        1.2914531597046326     
   713.59999999999366        2.0588822412483831     
   714.39999999999361        1.5673237150184920     
   715.19999999999357       0.29991071071990971     
   715.99999999999352       -1.1110500057716881     
   716.79999999999347       -2.0236694876105918     
   717.59999999999343       -1.7035505959001749     
   718.39999999999338      -0.49955141924181845     
   719.19999999999334       0.92577574845131161     
   719.99999999999329        1.9665595579787158     
   720.79999999999325        1.8233172180387291     
   721.59999999999320       0.69050525384875283     
   722.39999999999316      -0.74153272418276917     
   723.19999999999311       -1.8891797626316067     
   723.99999999999307       -1.9214053337854353     
   724.79999999999302      -0.86899615322798907     
   725.59999999999297       0.55995626472769389     
   726.39999999999293        1.7919324494109423     
   727.19999999999288        1.9950449129002863     
   727.99999999999284        1.0356961370465962     
   728.79999999999279      -0.37818792219252395     
   729.59999999999275       -1.6738356552522879     
   730.39999999999270       -2.0437007092045540     
   731.19999999999266       -1.1943051934924989     
   731.99999999999261       0.19163342869523547     
   732.79999999999256        1.5341190493886605     
   733.59999999999252        2.0677560717442267     
   734.39999999999247        1.3482196776451372     
   735.19999999999243        2.4259385903053765E-003
   735.99999999999238       -1.3742495155430243     
   736.79999999999234       -2.0675346112055908     
   737.59999999999229       -1.4978032416423817     
   738.39999999999225      -0.20274547579413071     
   739.19999999999220        1.1988670412804574     
   739.99999999999216        2.0434464675495652     
   740.79999999999211        1.6397148008261435     
   741.59999999999206       0.40426065059243554     
   742.39999999999202       -1.0150256626840448     
   743.19999999999197       -1.9966368684252804     
   743.99999999999193       -1.7681586741160338     
   744.79999999999188      -0.60010591104919930     
   745.59999999999184       0.82977578131186713     
   746.39999999999179        1.9288527338509114     
   747.19999999999175        1.8771832268576221     
   747.99999999999170       0.78478314474565525     
   748.79999999999166      -0.64703224122389313     
   749.59999999999161       -1.8412159737495155     
   750.39999999999156       -1.9627590330601263     
   751.19999999999152      -0.95681000575376496     
   751.99999999999147       0.46591169044337888     
   752.79999999999143        1.7333056180518984     
   753.59999999999138        2.0234033788593289     
   754.39999999999134        1.1187844757979586     
   755.19999999999129      -0.28218806250026107     
   755.99999999999125       -1.6039795035339477     
   756.79999999999120       -2.0592339176009431     
   757.59999999999116       -1.2746821475613066     
   758.39999999999111        9.1848126204016278E-002
   759.19999999999106        1.4534198595875649     
   759.99999999999102        2.0706558080538313     
   760.79999999999097        1.4265472628434535     
   761.59999999999093       0.10588587457572851     
   762.39999999999088       -1.2847263830058502     
   763.19999999999084       -2.0579581144368206     
   763.99999999999079       -1.5727669378807558     
   764.79999999999075      -0.30763792226625730     
   765.59999999999070        1.1039991823792226     
   766.39999999999065        2.0218741805519524     
   767.19999999999061        1.7084783791334788     
   767.99999999999056       0.50705929280837103     
   768.79999999999052      -0.91867626367734734     
   769.59999999999047       -1.9639622195367388     
   770.39999999999043       -1.8274981116376039     
   771.19999999999038      -0.69757860119003734     
   771.99999999999034       0.73453749787948097     
   772.79999999999029        1.8858251434062883     
   773.59999999999025        1.9246840336873503     
   774.39999999999020       0.87557806321009002     
   775.19999999999015      -0.55302893418515353     
   775.99999999999011       -1.7878029939403159     
   776.79999999999006       -1.9973664142278293     
   777.59999999999002       -1.0418908608541071     
   778.39999999998997       0.37116044565205231     
   779.19999999998993        1.6688840081475351     
   779.99999999998988        2.0450718784713686     
   780.79999999998984        1.2002706656323765     
   781.59999999998979      -0.18434704251527068     
   782.39999999998975       -1.5283494663837078     
   783.19999999998970       -2.0681930733721625     
   783.99999999998965       -1.3540369879147947     
   784.79999999998961       -1.0002427530189983E-002
   785.59999999998956        1.3677805184774723     
   786.39999999998952        2.0670473738082311     
   787.19999999998947        1.5034098555278326     
   787.99999999998943       0.21048083804381079     
   788.79999999998938       -1.1919348838654409     
   789.59999999998934       -2.0420622368288024     
   790.39999999998929       -1.6449212678209690     
   791.19999999998925      -0.41190724759429975     
   791.99999999998920        1.0079202113174077     
   792.79999999998915        1.9944166715949396     
   793.59999999998911        1.7727242044412410     
   794.39999999998906       0.60740663991831778     
   795.19999999998902      -0.82272309540408850     
   795.99999999998897       -1.9258604275122388     
   796.79999999998893       -1.8809084868964536     
   797.59999999998888      -0.79159678882839679     
   798.39999999998884       0.64008794494450916     
   799.19999999998879        1.8374648338762112     
