   0.0000000000000000        9.3568156620557730E-002
  0.80000000000000004       0.33294634017795344     
   1.6000000000000001       -4.6211543008501388E-002
   2.4000000000000004      -0.31359061393424698     
   3.2000000000000002        2.4813992977219201E-002
   4.0000000000000000       0.24095649228202856     
   4.7999999999999998      -0.10104645185119251     
   5.5999999999999996      -0.25519288929692335     
   6.3999999999999995       0.14635948377089586     
   7.1999999999999993       0.30804677222783650     
   7.9999999999999991      -0.10719357852157446     
   8.7999999999999989      -0.27966845972138210     
   9.5999999999999996       0.10051060130277828     
   10.400000000000000       0.22086714807458638     
   11.200000000000001      -0.16578287986008403     
   12.000000000000002      -0.23475235678947226     
   12.800000000000002       0.19585910887287283     
   13.600000000000003       0.26830852947619022     
   14.400000000000004      -0.16400775474043217     
   15.200000000000005      -0.23466285024810438     
   16.000000000000004       0.16651581079903763     
   16.800000000000004       0.18670223578114301     
   17.600000000000005      -0.22036300299728892     
   18.400000000000006      -0.19795749440565780     
   19.200000000000006       0.23859231662795444     
   20.000000000000007       0.21599274361662008     
   20.800000000000008      -0.21271779923219636     
   21.600000000000009      -0.17986887055388362     
   22.400000000000009       0.22005978268625359     
   23.200000000000010       0.14032532207318993     
   24.000000000000011      -0.26260461588432110     
   24.800000000000011      -0.14788478389283025     
   25.600000000000012       0.27151152999771810     
   26.400000000000013       0.15390536007569416     
   27.200000000000014      -0.25009522221430353     
   28.000000000000014      -0.11738379252594408     
   28.800000000000015       0.25895166309373574     
   29.600000000000016        8.4421406471215349E-002
   30.400000000000016      -0.29070706843249217     
   31.200000000000017       -8.8102898357283632E-002
   32.000000000000014       0.29216744353998270     
   32.800000000000011        8.5292441691638632E-002
   33.600000000000009      -0.27371426045425168     
   34.400000000000006       -4.9939230672554208E-002
   35.200000000000003       0.28167580872110509     
   36.000000000000000        2.2268519463367831E-002
   36.799999999999997      -0.30341716935168439     
   37.599999999999994       -2.2499764533933486E-002
   38.399999999999991       0.29884661301763038     
   39.199999999999989        1.3689968884972648E-002
   39.999999999999986      -0.28203081089417542     
   40.799999999999983        1.9302331821178964E-002
   41.599999999999980       0.28747755533940594     
   42.399999999999977       -4.2502341496235718E-002
   43.199999999999974      -0.30016288695472804     
   43.999999999999972        4.4907062212071303E-002
   44.799999999999969       0.29067499924607010     
   45.599999999999966       -5.7249514609211516E-002
   46.399999999999963      -0.27443758477889368     
   47.199999999999960        8.6963729855825400E-002
   47.999999999999957       0.27642532614713722     
   48.799999999999955      -0.10614175950922577     
   49.599999999999952      -0.28114558769487774     
   50.399999999999949       0.11016009407332639     
   51.199999999999946       0.26767929478770447     
   51.999999999999943      -0.12393393145154380     
   52.799999999999940      -0.25128238831110583     
   53.599999999999937       0.14966430123692032     
   54.399999999999935       0.24943424224588803     
   55.199999999999932      -0.16499835114319647     
   55.999999999999929      -0.24737992735104486     
   56.799999999999926       0.16953901443874664     
   57.599999999999923       0.23079432689063320     
   58.399999999999920      -0.18300021085345439     
   59.199999999999918      -0.21383681793647935     
   59.999999999999915       0.20421559158281793     
   60.799999999999912       0.20823885100759040     
   61.599999999999909      -0.21571082745468975     
   62.399999999999906      -0.20067234259663341     
   63.199999999999903       0.21971960132397361     
   63.999999999999901       0.18180827353040313     
   64.799999999999898      -0.23146950159698126     
   65.599999999999895      -0.16420875991057146     
   66.399999999999892       0.24779741960600318     
   67.199999999999889       0.15530922834219435     
   67.999999999999886      -0.25537516090670870     
   68.799999999999883      -0.14353599178182441     
   69.599999999999881       0.25791462285100636     
   70.399999999999878       0.12324649525977915     
   71.199999999999875      -0.26688828523299546     
   71.999999999999872      -0.10520149285749941     
   72.799999999999869       0.27811364821444484     
   73.599999999999866        9.3714206738909261E-002
   74.399999999999864      -0.28168907797534859     
   75.199999999999861       -7.9050002718558776E-002
   75.999999999999858       0.28199818185140801     
   76.799999999999855        5.8205223056519928E-002
   77.599999999999852      -0.28745438385331262     
   78.399999999999849       -4.0131460712735711E-002
   79.199999999999847       0.29352678144590322     
   79.999999999999844        2.6944798361744737E-002
   80.799999999999841      -0.29307437369660833     
   81.599999999999838       -1.0679736471295442E-002
   82.399999999999835       0.29061164141787182     
   83.199999999999832       -9.8462881667798485E-003
   83.999999999999829      -0.29212320789930951     
   84.799999999999827        2.7377265593392208E-002
   85.599999999999824       0.29316693716579589     
   86.399999999999821       -4.1283469214429380E-002
   87.199999999999818      -0.28877234174300631     
   87.999999999999815        5.7921285623499630E-002
   88.799999999999812       0.28324352487053972     
   89.599999999999810       -7.7274710210327835E-002
   90.399999999999807      -0.28068470960981495     
   91.199999999999804        9.3602993695194536E-002
   91.999999999999801       0.27700588817909949     
   92.799999999999798      -0.10723060802825557     
   93.599999999999795      -0.26890204654508448     
   94.399999999999793       0.12310922164811622     
   95.199999999999790       0.26027116260533933     
   95.999999999999787      -0.14048581993359183     
   96.799999999999784      -0.25379828052764913     
   97.599999999999781       0.15492608742736391     
   98.399999999999778       0.24588396372555468     
   99.199999999999775      -0.16732094094831765     
   99.999999999999773      -0.23446895406801110     
   100.79999999999977       0.18143523000708534     
   101.59999999999977       0.22295145544056744     
   102.39999999999976      -0.19611168967376436     
   103.19999999999976      -0.21297382398227160     
   103.99999999999976       0.20801023003655494     
   104.79999999999976       0.20147945098334463     
   105.59999999999975      -0.21831402188791588     
   106.39999999999975      -0.18731481096637392     
   107.19999999999975       0.22981309271662770     
   107.99999999999974       0.17335315092349951     
   108.79999999999974      -0.24117830067941770     
   109.59999999999974      -0.16049332090015853     
   110.39999999999974       0.24996336780351294     
   111.19999999999973       0.14621723304696119     
   111.99999999999973      -0.25745679809054689     
   112.79999999999973      -0.13000799425871234     
   113.59999999999972       0.26566870764310863     
   114.39999999999972       0.11423212794817705     
   115.19999999999972      -0.27325384764301286     
   115.99999999999972       -9.9276761323169815E-002
   116.79999999999971       0.27847935600232404     
   117.59999999999971        8.3123387299220780E-002
   118.39999999999971      -0.28261787679673489     
   119.19999999999970       -6.5683671280748424E-002
   119.99999999999970       0.28707166274404344     
   120.79999999999970        4.8861008153303270E-002
   121.59999999999970      -0.29057771693217915     
   122.39999999999969       -3.2705798219762106E-002
   123.19999999999969       0.29195990724474857     
   123.99999999999969        1.5641358699052588E-002
   124.79999999999968      -0.29240221902343994     
   125.59999999999968        2.1490071150998546E-003
   126.39999999999968       0.29284583292455341     
   127.19999999999968       -1.9168772481547636E-002
   127.99999999999967      -0.29216618504718922     
   128.79999999999967        3.5575766721115121E-002
   129.59999999999968       0.28961169896254513     
   130.39999999999969       -5.2570340523686754E-002
   131.19999999999970      -0.28623940739065779     
   131.99999999999972        6.9812665971407728E-002
   132.79999999999973       0.28265074794454648     
   133.59999999999974       -8.6152833470912404E-002
   134.39999999999975      -0.27788561741148904     
   135.19999999999976       0.10186545281572917     
   135.99999999999977       0.27150825641911192     
   136.79999999999978      -0.11784038769801086     
   137.59999999999980      -0.26443392920186803     
   138.39999999999981       0.13366316402208689     
   139.19999999999982       0.25702152522944044     
   139.99999999999983      -0.14847186996957579     
   140.79999999999984      -0.24848068568249199     
   141.59999999999985       0.16259517226494896     
   142.39999999999986       0.23860392160834276     
   143.19999999999987      -0.17667414491753014     
   143.99999999999989      -0.22816489577778121     
   144.79999999999990       0.19027588712274091     
   145.59999999999991       0.21735540928197761     
   146.39999999999992      -0.20277280592036956     
   147.19999999999993      -0.20554661551305109     
   147.99999999999994       0.21450660329879873     
   148.79999999999995       0.19269013395029469     
   149.59999999999997      -0.22592474116386643     
   150.39999999999998      -0.17942696002833042     
   151.19999999999999       0.23661283119743209     
   152.00000000000000       0.16583855591949065     
   152.80000000000001      -0.24613049033552692     
   153.60000000000002      -0.15144125984940288     
   154.40000000000003       0.25480743240322729     
   155.20000000000005       0.13629214359118266     
   156.00000000000006      -0.26294519754152201     
   156.80000000000007      -0.12091296225339737     
   157.60000000000008       0.27017067052271465     
   158.40000000000009       0.10531611278044212     
   159.20000000000010      -0.27619063179689801     
   160.00000000000011       -8.9142667186168256E-002
   160.80000000000013       0.28130925276534602     
   161.60000000000014        7.2514346092152571E-002
   162.40000000000015      -0.28572218329503091     
   163.20000000000016       -5.5848812253651736E-002
   164.00000000000017       0.28911006971303832     
   164.80000000000018        3.9118319519698241E-002
   165.60000000000019      -0.29129363845442335     
   166.40000000000020       -2.2066930484221647E-002
   167.20000000000022       0.29254584080586216     
   168.00000000000023        4.8507241069550844E-003
   168.80000000000024      -0.29298903091170331     
   169.60000000000025        1.2201576720546836E-002
   170.40000000000026       0.29236273931825235     
   171.20000000000027       -2.9138477150313480E-002
   172.00000000000028      -0.29057456771957552     
   172.80000000000030        4.6134042382738660E-002
   173.60000000000031       0.28786558056857936     
   174.40000000000032       -6.3019675726222024E-002
   175.20000000000033      -0.28431042185926381     
   176.00000000000034        7.9541458326129244E-002
   176.80000000000035       0.27970740052336818     
   177.60000000000036       -9.5756410602829412E-002
   178.40000000000038      -0.27402914110866566     
   179.20000000000039       0.11177605524036383     
   180.00000000000040       0.26748692020087272     
   180.80000000000041      -0.12743450412097440     
   181.60000000000042      -0.26012683796115443     
   182.40000000000043       0.14254009181473226     
   183.20000000000044       0.25180223218819298     
   184.00000000000045      -0.15715130696575924     
   184.80000000000047      -0.24253312292550119     
   185.60000000000048       0.17133410793629864     
   186.40000000000049       0.23250421642804220     
   187.20000000000050      -0.18493553662566153     
   188.00000000000051      -0.22174657060325823     
   188.80000000000052       0.19781547822548809     
   189.60000000000053       0.21016237341469809     
   190.40000000000055      -0.21003052925913249     
   191.20000000000056      -0.19780474473777804     
   192.00000000000057       0.22161556978182062     
   192.80000000000058       0.18483509411178750     
   193.60000000000059      -0.23243713178309533     
   194.40000000000060      -0.17127817622484776     
   195.20000000000061       0.24239783699647005     
   196.00000000000063       0.15707740106839124     
   196.80000000000064      -0.25155156395293909     
   197.60000000000065      -0.14230733836347428     
   198.40000000000066       0.25991419485492939     
   199.20000000000067       0.12710888383762653     
   200.00000000000068      -0.26737568596157418     
   200.80000000000069      -0.11150545576910315     
   201.60000000000070       0.27387433488085416     
   202.40000000000072        9.5473428927641824E-002
   203.20000000000073      -0.27946210520009584     
   204.00000000000074       -7.9099356330911724E-002
   204.80000000000075       0.28414570189457056     
   205.60000000000076        6.2505746319637678E-002
   206.40000000000077      -0.28784052914465830     
   207.20000000000078       -4.5716862483785869E-002
   208.00000000000080       0.29051496800119891     
   208.80000000000081        2.8733831559712542E-002
   209.60000000000082      -0.29222073620035638     
   210.40000000000083       -1.1647603795640948E-002
   211.20000000000084       0.29296302689984660     
   212.00000000000085       -5.4361790989370662E-003
   212.80000000000086      -0.29268323279702912     
   213.60000000000088        2.2492125230496041E-002
   214.40000000000089       0.29137529263187451     
   215.20000000000090       -3.9502025587917211E-002
   216.00000000000091      -0.28909254067008294     
   216.80000000000092        5.6376478095050586E-002
   217.60000000000093       0.28584421608244504     
   218.40000000000094       -7.3025669878549859E-002
   219.20000000000095      -0.28159697438819642     
   220.00000000000097        8.9423986298435287E-002
   220.80000000000098       0.27636639972792998     
   221.60000000000099      -0.10554296691778603     
   222.40000000000100      -0.27020893246428235     
   223.20000000000101       0.12129931158430424     
   224.00000000000102       0.26314135105175263     
   224.80000000000103      -0.13661837699042279     
   225.60000000000105      -0.25515369700462104     
   226.40000000000106       0.15147591601523624     
   227.20000000000107       0.24627949226253254     
   228.00000000000108      -0.16583910740784230     
   228.80000000000109      -0.23657900253276995     
   229.60000000000110       0.17963419132573313     
   230.40000000000111       0.22607809131288592     
   231.20000000000113      -0.19280135374561880     
   232.00000000000114      -0.21478728293179350     
   232.80000000000115       0.20531966871963631     
   233.60000000000116       0.20275426530978086     
   234.40000000000117      -0.21715694067226154     
   235.20000000000118      -0.19004290582933583     
   236.00000000000119       0.22825154403030071     
   236.80000000000121       0.17668799858108727     
   237.60000000000122      -0.23855843393068590     
   238.40000000000123      -0.16271683052986891     
   239.20000000000124       0.24806211656690352     
   240.00000000000125       0.14818734101952680     
   240.80000000000126      -0.25673518996199396     
   241.60000000000127      -0.13316589011502519     
   242.40000000000128       0.26453012030883305     
   243.20000000000130       0.11769472652988103     
   244.00000000000131      -0.27141678387945090     
   244.80000000000132      -0.10181366846171791     
   245.60000000000133       0.27738721272727940     
   246.40000000000134        8.5586941843322051E-002
   247.20000000000135      -0.28242219643193206     
   248.00000000000136       -6.9081633833478262E-002
   248.80000000000138       0.28648970803963258     
   249.60000000000139        5.2345103682965272E-002
   250.40000000000140      -0.28957476643978020     
   251.20000000000141       -3.5425310649586428E-002
   252.00000000000142       0.29167879767024740     
   252.80000000000143        1.8388937458181931E-002
   253.60000000000144      -0.29279337148034146     
   254.40000000000146       -1.3016748792575306E-003
   255.20000000000147       0.29290280431652094     
   256.00000000000148       -1.5786780301980330E-002
   256.80000000000149      -0.29200732043657307     
   257.60000000000150        3.2824558550524241E-002
   258.40000000000151       0.29011912380122362     
   259.20000000000152       -4.9746034241873238E-002
   260.00000000000153      -0.28724222242864117     
   260.80000000000155        6.6489127289760863E-002
   261.60000000000156       0.28337740268980383     
   262.40000000000157       -8.3004661955337178E-002
   263.20000000000158      -0.27853972458112286     
   264.00000000000159        9.9240715129739143E-002
   264.80000000000160       0.27275280350138226     
   265.60000000000161      -0.11513581163520692     
   266.40000000000163      -0.26603367241728848     
   267.20000000000164       0.13063361531659101     
   268.00000000000165       0.25839885771916316     
   268.80000000000166      -0.14568820849328157     
   269.60000000000167      -0.24987721634817162     
   270.40000000000168       0.16025100999867281     
   271.20000000000169       0.24050346553291285     
   272.00000000000171      -0.17426735866098475     
   272.80000000000172      -0.23030710659743783     
   273.60000000000173       0.18768864530928078     
   274.40000000000174       0.21931875271994572     
   275.20000000000175      -0.20047474051288611     
   276.00000000000176      -0.20757923724144800     
   276.80000000000177       0.21258335058196176     
   277.60000000000178       0.19513308299744800     
   278.40000000000180      -0.22396891498817775     
   279.20000000000181      -0.18202062725062002     
   280.00000000000182       0.23459237610098183     
   280.80000000000183       0.16828407030232112     
   281.60000000000184      -0.24442169465963509     
   282.40000000000185      -0.15397367863922332     
   283.20000000000186       0.25342340329967616     
   284.00000000000188       0.13914163085526882     
   284.80000000000189      -0.26156300278427802     
   285.60000000000190      -0.12383661346205541     
   286.40000000000191       0.26881263889404150     
   287.20000000000192       0.10810929123809954     
   288.00000000000193      -0.27515040403983937     
   288.80000000000194       -9.2016310624327968E-002
   289.60000000000196       0.28055379196582292     
   290.40000000000197        7.5614774096515902E-002
   291.20000000000198      -0.28500098503493532     
   292.00000000000199       -5.8958703509782329E-002
   292.80000000000200       0.28847673204810725     
   293.60000000000201        4.2103793494819797E-002
   294.40000000000202      -0.29097093771515897     
   295.20000000000203       -2.5109799148064271E-002
   296.00000000000205       0.29247370301436965     
   296.80000000000206        8.0357572743182115E-003
   297.60000000000207      -0.29297706068502599     
   298.40000000000208        9.0621718247653194E-003
   299.20000000000209       0.29247934300286549     
   300.00000000000210       -2.6126702539585711E-002
   300.80000000000211      -0.29098340583489529     
   301.60000000000213        4.3098185071254902E-002
   302.40000000000214       0.28849294726532204     
   303.20000000000215       -5.9918612725656240E-002
   304.00000000000216      -0.28501438048238059     
   304.80000000000217        7.6532792004881445E-002
   305.60000000000218       0.28055996100609393     
   306.40000000000219       -9.2885064590472077E-002
   307.20000000000221      -0.27514587607624119     
   308.00000000000222       0.10891885670702234     
   308.80000000000223       0.26878956277664001     
   309.60000000000224      -0.12457995227688834     
   310.40000000000225      -0.26151151401348383     
   311.20000000000226       0.13981698106656382     
   312.00000000000227       0.25333740984366537     
   312.80000000000229      -0.15457880232228871     
   313.60000000000230      -0.24429622151619632     
   314.40000000000231       0.16881457203508124     
   315.20000000000232       0.23441829223591557     
   316.00000000000233      -0.18247635496248546     
   316.80000000000234      -0.22373695699685556     
   317.60000000000235       0.19551916515815074     
   318.40000000000236       0.21228989702352086     
   319.20000000000238      -0.20789893157868089     
   320.00000000000239      -0.20011735364932368     
   320.80000000000240       0.21957288427918878     
   321.60000000000241       0.18726078181327385     
   322.40000000000242      -0.23050159310631416     
   323.20000000000243      -0.17376422954302334     
   324.00000000000244       0.24064873313304097     
   324.80000000000246       0.15967510862723608     
   325.60000000000247      -0.24997954391087665     
   326.40000000000248      -0.14504257770978807     
   327.20000000000249       0.25846138858614576     
   328.00000000000250       0.12991662279504740     
   328.80000000000251      -0.26606530664013472     
   329.60000000000252      -0.11434918759055435     
   330.40000000000254       0.27276562373265090     
   331.20000000000255        9.8394526032733437E-002
   332.00000000000256      -0.27853881241274592     
   332.80000000000257       -8.2107788308099477E-002
   333.60000000000258       0.28336411596903255     
   334.40000000000259        6.5544418675589189E-002
   335.20000000000260      -0.28722469296791242     
   336.00000000000261       -4.8761054908786655E-002
   336.80000000000263       0.29010714708794283     
   337.60000000000264        3.1815598362491593E-002
   338.40000000000265      -0.29200069735874573     
   339.20000000000266       -1.4766015832264723E-002
   340.00000000000267       0.29289778634876218     
   340.80000000000268       -2.3300289237070948E-003
   341.60000000000269      -0.29279488155876304     
   342.40000000000271        1.9414476635103484E-002
   343.20000000000272       0.29169196763492622     
   344.00000000000273       -3.6428980481869877E-002
   344.80000000000274      -0.28959193996088856     
   345.60000000000275        5.3315893113294988E-002
   346.40000000000276       0.28650113990351134     
   347.20000000000277       -7.0018467426222808E-002
   348.00000000000279      -0.28242986763678496     
   348.80000000000280        8.6480327460485673E-002
   349.60000000000281       0.27739185820050427     
   350.40000000000282      -0.10264567958000148     
   351.20000000000283      -0.27140382473193841     
   352.00000000000284       0.11846010664818041     
   352.80000000000285       0.26448588563334868     
   353.60000000000286      -0.13387065452164221     
   354.40000000000288      -0.25666183805808779     
   355.20000000000289       0.14882544424132044     
   356.00000000000290       0.24795863020059483     
   356.80000000000291      -0.16327393614969515     
   357.60000000000292      -0.23840599868134210     
   358.40000000000293       0.17716755731649392     
   359.20000000000294       0.22803677436113920     
   360.00000000000296      -0.19045971604695119     
   360.80000000000297      -0.21688696511912314     
   361.60000000000298       0.20310553055778546     
   362.40000000000299       0.20499523622629739     
   363.20000000000300      -0.21506211279635606     
   364.00000000000301      -0.19240260688076100     
   364.80000000000302       0.22628905638788932     
   365.60000000000304       0.17915264085882282     
   366.40000000000305      -0.23674840947060460     
   367.20000000000306      -0.16529138823799172     
   368.00000000000307       0.24640449574946505     
   368.80000000000308       0.15086688854575450     
   369.60000000000309      -0.25522419395593055     
   370.40000000000310      -0.13592890948397834     
   371.20000000000312       0.26317730880390366     
   372.00000000000313       0.12052904245680282     
   372.80000000000314      -0.27023651917930336     
   373.60000000000315      -0.10472055169629313     
   374.40000000000316       0.27637726531246348     
   375.20000000000317        8.8557916208242660E-002
   376.00000000000318      -0.28157800288223145     
   376.80000000000319       -7.2096605591923796E-002
   377.60000000000321       0.28582047112333597     
   378.40000000000322        5.5393106530177094E-002
   379.20000000000323      -0.28908962039666664     
   380.00000000000324       -3.8504721959707999E-002
   380.80000000000325       0.29137353623055484     
   381.60000000000326        2.1489165036075231E-002
   382.40000000000327      -0.29266364753122492     
   383.20000000000329       -4.4043714759303132E-003
   384.00000000000330       0.29295489778847050     
   384.80000000000331       -1.2691518434928939E-002
   385.60000000000332      -0.29224564632564776     
   386.40000000000333        2.9740378193073402E-002
   387.20000000000334       0.29053759939201756     
   388.00000000000335       -4.6684442435242446E-002
   388.80000000000337      -0.28783595385809324     
   389.60000000000338        6.3466459810635201E-002
   390.40000000000339       0.28414947320746148     
   391.20000000000340       -8.0029737330983175E-002
   392.00000000000341      -0.27949035319612581     
   392.80000000000342        9.6318355848671655E-002
   393.60000000000343       0.27387413473241168     
   394.40000000000344      -0.11227745980477244     
   395.20000000000346      -0.26731977061361212     
   396.00000000000347       0.12785338046099859     
   396.80000000000348       0.25984960972281723     
   397.60000000000349      -0.14299369591347116     
   398.40000000000350      -0.25148922129856122     
   399.20000000000351       0.15764743370511236     
   400.00000000000352       0.24226727434131085     
   400.80000000000354      -0.17176530971737730     
   401.60000000000355      -0.23221552539960272     
   402.40000000000356       0.18529982902378128     
   403.20000000000357       0.22136872118342388     
   404.00000000000358      -0.19820535582016940     
   404.80000000000359      -0.20976438408828441     
   405.60000000000360       0.21043829921370433     
   406.40000000000362       0.19744265574765044     
   407.20000000000363      -0.22195730941812761     
   408.00000000000364      -0.18444621578371997     
   408.80000000000365       0.23272336209111708     
   409.60000000000366       0.17082012139405695     
   410.40000000000367      -0.24269983306804249     
   411.20000000000368      -0.15661156600086851     
   412.00000000000369       0.25185266407707529     
   412.80000000000371       0.14186969610694861     
   413.60000000000372      -0.26015052110833103     
   414.40000000000373      -0.12664548023674535     
   415.20000000000374       0.26756486295431292     
   416.00000000000375       0.11099150974400618     
   416.80000000000376      -0.27407001226809979     
   417.60000000000377       -9.4961748240521227E-002
   418.40000000000379       0.27964329446670871     
   419.20000000000380        7.8611337412193116E-002
   420.00000000000381      -0.28426515676146713     
   420.80000000000382       -6.1996439002410086E-002
   421.60000000000383       0.28791921456603020     
   422.40000000000384        4.5174021378626222E-002
   423.20000000000385      -0.29059230537094971     
   424.00000000000387       -2.8201617475154372E-002
   424.80000000000388       0.29227458936464984     
   425.60000000000389        1.1137135284248367E-002
   426.40000000000390      -0.29295962135135795     
   427.20000000000391        5.9613069209001890E-003
   428.00000000000392       0.29264436301888130     
   428.80000000000393       -2.3035588884432801E-002
   429.60000000000394      -0.29132920295780085     
   430.40000000000396        4.0027809224988720E-002
   431.20000000000397       0.28901800528297550     
   432.00000000000398       -5.6880459551076845E-002
   432.80000000000399      -0.28571812412908471     
   433.60000000000400        7.3536582694752273E-002
   434.40000000000401       0.28144036877763756     
   435.20000000000402       -8.9939964681207685E-002
   436.00000000000404      -0.27619897490380069     
   436.80000000000405       0.10603532905405610     
   437.60000000000406       0.27001159044861112     
   438.40000000000407      -0.12176849165372733     
   439.20000000000408      -0.26289922569853369     
   440.00000000000409       0.13708650660928889     
   440.80000000000410       0.25488616336300818     
   441.60000000000412      -0.15193783846104525     
   442.40000000000413      -0.24599987356062741     
   443.20000000000414       0.16627253077047982     
   444.00000000000415       0.23627093445508546     
   444.80000000000416      -0.18004234265968327     
   445.60000000000417      -0.22573291935333351     
   446.40000000000418       0.19320088184940548     
   447.20000000000420       0.21442225343776949     
   448.00000000000421      -0.20570375762280491     
   448.80000000000422      -0.20237807588578349     
   449.60000000000423       0.21750872686836820     
   450.40000000000424       0.18964210354188721     
   451.20000000000425      -0.22857581449711928     
   452.00000000000426      -0.17625846661657785     
   452.80000000000427       0.23886743334978722     
   453.60000000000429       0.16227352404599354     
   454.40000000000430      -0.24834851815469489     
   455.20000000000431      -0.14773568637218909     
   456.00000000000432       0.25698664989208070     
   456.80000000000433       0.13269523976943959     
   457.60000000000434      -0.26475215888443948     
   458.40000000000435      -0.11720414952730865     
   459.20000000000437       0.27161822770753263     
   460.00000000000438       0.10131585277700653     
   460.80000000000439      -0.27756100183081867     
   461.60000000000440       -8.5085061508491711E-002
   462.40000000000441       0.28255968764713413     
   463.20000000000442        6.8567568184218886E-002
   464.00000000000443      -0.28659663112468037     
   464.80000000000445       -5.1820038285453174E-002
   465.60000000000446       0.28965739418580883     
   466.40000000000447        3.4899800021802319E-002
   467.20000000000448      -0.29173083202252476     
   468.00000000000449       -1.7864646434163856E-002
   468.80000000000450       0.29280915434326160     
   469.60000000000451        7.7264162995566155E-004
   470.40000000000452      -0.29288796727705335     
   471.20000000000454        1.6318080045765182E-002
   472.00000000000455       0.29196630954804287     
   472.80000000000456       -3.3349512319120034E-002
   473.60000000000457      -0.29004668317412374     
   474.40000000000458        5.0263962347876390E-002
   475.20000000000459       0.28713506505218728     
   476.00000000000460       -6.7004231409290405E-002
   476.80000000000462      -0.28324089877073694     
   477.60000000000463        8.3513798809878359E-002
   478.40000000000464       0.27837707752037594     
   479.20000000000465       -9.9737000595275183E-002
   480.00000000000466      -0.27255991685852032     
   480.80000000000467       0.11561919636360962     
   481.60000000000468       0.26580910701981275     
   482.40000000000470      -0.13110693198426926     
   483.20000000000471      -0.25814764614323082     
   484.00000000000472       0.14614810358421226     
   484.80000000000473       0.24960176327457212     
   485.60000000000474      -0.16069211561233698     
   486.40000000000475      -0.24020082944488752     
   487.20000000000476       0.17469002894384605     
   488.00000000000477       0.22997724960475888     
   488.80000000000479      -0.18809470591255464     
   489.60000000000480      -0.21896633828277154     
   490.40000000000481       0.20086095557229208     
   491.20000000000482       0.20720618631432020     
   492.00000000000483      -0.21294567303738543     
   492.80000000000484      -0.19473751703443781     
   493.60000000000485       0.22430797054875712     
   494.40000000000487       0.18160352729758950     
   495.20000000000488      -0.23490930590355547     
   496.00000000000489      -0.16784971708218613     
   496.80000000000490       0.24471360980837062     
   497.60000000000491       0.15352371371543083     
   498.40000000000492      -0.25368740678069435     
   499.20000000000493      -0.13867508931749875     
   500.00000000000495       0.26179992816884401     
   500.80000000000496       0.12335516870499907     
   501.60000000000497      -0.26902322152913682     
   502.40000000000498      -0.10761683174324860     
   503.20000000000499       0.27533225649886589     
   504.00000000000500        9.1514314864069246E-002
   504.80000000000501      -0.28070502239439965     
   505.60000000000502       -7.5103010404304393E-002
   506.40000000000504       0.28512261657550891     
   507.20000000000505        5.8439262140413173E-002
   508.00000000000506      -0.28856932652388567     
   508.80000000000507       -4.1580160662019361E-002
   509.60000000000508       0.29103270478451060     
   510.40000000000509        2.4583341934158620E-002
   511.20000000000510      -0.29250363263051021     
   512.00000000000512       -7.5067875672515938E-003
   512.80000000000507       0.29297637184834213     
   513.60000000000502       -9.5913742869043750E-003
   514.40000000000498      -0.29244860666550726     
   515.20000000000493        2.6653064476224397E-002
   516.00000000000489       0.29092147453779638     
   516.80000000000484       -4.3620442775323731E-002
   517.60000000000480      -0.28839958249598618     
   518.40000000000475        6.0436093882582143E-002
   519.20000000000471       0.28489100893884917     
   520.00000000000466       -7.7043210353792357E-002
   520.80000000000462      -0.28040729247457974     
   521.60000000000457        9.3385770314901306E-002
   522.40000000000452       0.27496340666881702     
   523.20000000000448      -0.10940870894936927     
   524.00000000000443      -0.26857771848427936     
   524.80000000000439       0.12505808553420672     
   525.60000000000434       0.26127193098374452     
   526.40000000000430      -0.14028124673180814     
   527.20000000000425      -0.25307101192063380     
   528.00000000000421       0.15502698458631542     
   528.80000000000416       0.24400310762236416     
   529.60000000000412      -0.16924568887279001     
   530.40000000000407      -0.23409944113799333     
   531.20000000000402       0.18288949541370977     
   532.00000000000398       0.22339419595650928     
   532.80000000000393      -0.19591243078753495     
   533.60000000000389      -0.21192438714689035     
   534.40000000000384       0.20827055217832210     
   535.20000000000380       0.19972971997964284     
   536.00000000000375      -0.21992208223463511     
   536.80000000000371      -0.18685243602986976     
   537.60000000000366       0.23082754011826187     
   538.40000000000362       0.17333714861328209     
   539.20000000000357      -0.24094986871549423     
   540.00000000000352      -0.15923066954752771     
   540.80000000000348       0.25025455676334363     
   541.60000000000343       0.14458182776230177     
   542.40000000000339      -0.25870975563505022     
   543.20000000000334      -0.12944128039826003     
   544.00000000000330       0.26628639135597054     
   544.80000000000325       0.11386131841224684     
   545.60000000000321      -0.27295827129218059     
   546.40000000000316       -9.7895668538336256E-002
   547.20000000000312       0.27870218411405639     
   548.00000000000307        8.1599292233421494E-002
   548.80000000000302      -0.28349799251449820     
   549.60000000000298       -6.5028182413505664E-002
   550.40000000000293       0.28732871867171428     
   551.20000000000289        4.8239159750852967E-002
   552.00000000000284      -0.29018062148413404     
   552.80000000000280       -3.1289669931740982E-002
   553.60000000000275       0.29204326410433085     
   554.40000000000271        1.4237582271504345E-002
   555.20000000000266      -0.29290957110327703     
   556.00000000000261        2.8590097189454267E-003
   556.80000000000257       0.29277587493648599     
   557.60000000000252       -1.9941984570824356E-002
   558.40000000000248      -0.29164195064620263     
   559.20000000000243        3.6953385113862314E-002
   560.00000000000239       0.28951103753332541     
   560.80000000000234       -5.3835606749957299E-002
   561.60000000000230      -0.28638984729519923     
   562.40000000000225        7.0531581519316988E-002
   563.20000000000221       0.28228855838954958     
   564.00000000000216       -8.6984957287232323E-002
   564.80000000000211      -0.27722079587811865     
   565.60000000000207       0.10314027182567453     
   566.40000000000202       0.27120359603622834     
   567.20000000000198      -0.11894312212175345     
   568.00000000000193      -0.26425735572678000     
   568.80000000000189       0.13434032897755599     
   569.60000000000184       0.25640576675231025     
   570.40000000000180      -0.14928009662897340     
   571.20000000000175      -0.24767573507098892     
   572.00000000000171       0.16371216747654380     
   572.80000000000166       0.23809728492888727     
   573.60000000000161      -0.17758797236108709     
   574.40000000000157      -0.22770344857740077     
   575.20000000000152       0.19086077649931404     
   576.00000000000148       0.21653014238742202     
   576.80000000000143      -0.20348582091030176     
   577.60000000000139      -0.20461602993836198     
   578.40000000000134       0.21542045942284477     
   579.20000000000130       0.19200237285305807     
   580.00000000000125      -0.22662429150906419     
   580.80000000000121      -0.17873287061612597     
   581.60000000000116       0.23705929083975424     
   582.40000000000111       0.16485349064718324     
   583.20000000000107      -0.24668992920814092     
   584.00000000000102      -0.15041228968277534     
   584.80000000000098       0.25548329563732908     
   585.60000000000093       0.13545922765956558     
   586.40000000000089      -0.26340921051811622     
   587.20000000000084      -0.12004597557867980     
   588.00000000000080       0.27044033428488790     
   588.80000000000075       0.10422571874254880     
   589.60000000000070      -0.27655226994329307     
   590.40000000000066       -8.8052956513443026E-002
   591.20000000000061       0.28172365889048495     
   592.00000000000057        7.1583299796765587E-002
   592.80000000000052      -0.28593626945519612     
   593.60000000000048       -5.4873267575367507E-002
   594.40000000000043       0.28917507731605607     
   595.20000000000039        3.7980083636195539E-002
   596.00000000000034      -0.29142833685687108     
   596.80000000000030       -2.0961474370949973E-002
   597.60000000000025       0.29268764266412878     
   598.40000000000020        3.8754685214052453E-003
   599.20000000000016      -0.29294798038887798     
   600.00000000000011        1.3219800245883706E-002
   600.80000000000007       0.29220776604624082     
   601.60000000000002       -3.0266287274353931E-002
   602.39999999999998      -0.29046887284986012     
   603.19999999999993        4.7206226937387574E-002
   603.99999999999989       0.28773664488458406     
   604.79999999999984       -6.3982318345464417E-002
   605.59999999999980      -0.28401989700812080     
   606.39999999999975        8.0537906366276113E-002
   607.19999999999970       0.27933090035384767     
   607.99999999999966       -9.6817157780980545E-002
   608.79999999999961      -0.27368535294448959     
   609.59999999999957       0.11276523256781312     
   610.39999999999952       0.26710233518507670     
   611.19999999999948      -0.12832845029622847     
   611.99999999999943      -0.25960425014798244     
   612.79999999999939       0.14345445161661519     
   613.59999999999934       0.25121674863397303     
   614.39999999999930      -0.15809235495514717     
   615.19999999999925      -0.24196863918850872     
   615.99999999999920       0.17219290859495331     
   616.79999999999916       0.23189178351269640     
   617.59999999999911      -0.18570863825482448     
   618.39999999999907      -0.22102097785387767     
   619.19999999999902       0.19859399022647004     
   619.99999999999898       0.20939382104855697     
   620.79999999999893      -0.21080547016821005     
   621.59999999999889      -0.19705057006639917     
   622.39999999999884       0.22230177763056544     
   623.19999999999879       0.18403398409940613     
   623.99999999999875      -0.23304393626114556     
   624.79999999999870      -0.17038915832358204     
   625.59999999999866       0.24299541953908305     
   626.39999999999861       0.15616334849594335     
   627.19999999999857      -0.25212227185861280     
   627.99999999999852      -0.14140578764450454     
   628.79999999999848       0.26039322469905724     
   629.59999999999843       0.12616749619444001     
   630.39999999999839      -0.26777980746772700     
   631.19999999999834      -0.11050108685830956     
   631.99999999999829       0.27425645249576797     
   632.79999999999825        9.4460565568748822E-002
   633.59999999999820      -0.27980059361863896     
   634.39999999999816       -7.8101129725653473E-002
   635.19999999999811       0.28439275768932909     
   635.99999999999807        6.1478965004194530E-002
   636.79999999999802      -0.28801664825582723     
   637.59999999999798       -4.4651041864841812E-002
   638.39999999999793       0.29065922057450250     
   639.19999999999789        2.7674912786346872E-002
   639.99999999999784      -0.29231074712631905     
   640.79999999999779       -1.0608511161716461E-002
   641.59999999999775       0.29296487277983757     
   642.39999999999770       -6.4900472988857483E-003
   643.19999999999766      -0.29261865871563630     
   643.99999999999761        2.3562659962737764E-002
   644.79999999999757       0.29127261425896322     
   645.59999999999752       -4.0551428913460918E-002
   646.39999999999748      -0.28893071584802504     
   647.19999999999743        5.7398848381343681E-002
   647.99999999999739       0.28560041243593393     
   648.79999999999734       -7.4047987617483602E-002
   649.59999999999729      -0.28129261670006067     
   650.39999999999725        9.0442668995938225E-002
   651.19999999999720       0.27602168156145812     
   651.99999999999716      -0.10652764123687375     
   652.79999999999711      -0.26980536167825780     
   653.59999999999707       0.12224874770828270     
   654.39999999999702       0.26266475972397796     
   655.19999999999698      -0.13755308982476722     
   655.99999999999693      -0.25462425740970562     
   656.79999999999688       0.15238918563098003     
   657.59999999999684       0.24571143139054030     
   658.39999999999679      -0.16670712369477453     
   659.19999999999675      -0.23595695438725778     
   659.99999999999670       0.18045871243134870     
   660.79999999999666       0.22539448201813334     
   661.59999999999661      -0.19359762496964139     
   662.39999999999657      -0.21406052598838793     
   663.19999999999652       0.20607953966193571     
   663.99999999999648       0.20199431444755195     
   664.79999999999643      -0.21786227629677840     
   665.59999999999638      -0.18923764047493463     
   666.39999999999634       0.22890592800294818     
   667.19999999999629       0.17583469976520907     
   667.99999999999625      -0.23917298875837509     
   668.79999999999620      -0.16183191867575653     
   669.59999999999616       0.24862847634540330     
   670.39999999999611       0.14727777388055294     
   671.19999999999607      -0.25724005050082444     
   671.99999999999602      -0.13222260493277105     
   672.79999999999598       0.26497812590067421     
   673.59999999999593       0.11671842105481917     
   674.39999999999588      -0.27181597952132580     
   675.19999999999584      -0.10081870346719518     
   675.99999999999579       0.27772985183082616     
   676.79999999999575        8.4578204548871605E-002
   677.59999999999570      -0.28269904117244909     
   678.39999999999566       -6.8052745077723381E-002
   679.19999999999561       0.28670599061407342     
   679.99999999999557        5.1299010722895472E-002
   680.79999999999552      -0.28973636647254863     
   681.59999999999548       -3.4374348869400939E-002
   682.39999999999543       0.29177912768020658     
   683.19999999999538        1.7336566758875127E-002
   683.99999999999534      -0.29282658512965465     
   684.79999999999529       -2.4373181939385535E-004
   685.59999999999525       0.29287445012052049     
   686.39999999999520       -1.6846025069895187E-002
   687.19999999999516      -0.29192187105186079     
   687.99999999999511        3.3874702760741948E-002
   688.79999999999507       0.28997145755169851     
   689.59999999999502       -5.0784618965358408E-002
   690.39999999999498      -0.28702929130000465     
   691.19999999999493        6.7518594954112832E-002
   691.99999999999488       0.28310492288827649     
   692.79999999999484       -8.4020135560463338E-002
   693.59999999999479      -0.27821135417485288     
   694.39999999999475       0.10023360433663930     
   695.19999999999470       0.27236500573198191     
   695.99999999999466      -0.11610439378966259     
   696.79999999999461      -0.26558566912777348     
   697.59999999999457       0.13157909070179774     
   698.39999999999452       0.25789644394537942     
   699.19999999999447      -0.14660563660131515     
   699.99999999999443      -0.24932365961501568     
   700.79999999999438       0.16113348348921830     
   701.59999999999434       0.23989678231183584     
   702.39999999999429      -0.17511374494458856     
   703.19999999999425      -0.22964830734445463     
   703.99999999999420       0.18849934273235169     
   704.79999999999416       0.21861363762569841     
   705.59999999999411      -0.20124514902234414     
   706.39999999999407      -0.20683094897858387     
   707.19999999999402       0.21330812429218585     
   707.99999999999397       0.19434104317766382     
   708.79999999999393      -0.22464745093090538     
   709.59999999999388      -0.18118718975173653     
   710.39999999999384       0.23522466249295559     
   711.19999999999379       0.16741495768003792     
   711.99999999999375      -0.24500376847433045     
   712.79999999999370      -0.15307203820056381     
   713.59999999999366       0.25395137439202287     
   714.39999999999361       0.13820806001017621     
   715.19999999999357      -0.26203679684971715     
   715.99999999999352      -0.12287439816873788     
   716.79999999999347       0.26923217317403092     
   717.59999999999343       0.10712397802740189     
   718.39999999999338      -0.27551256510906763     
   719.19999999999334       -9.1011075486460591E-002
   719.99999999999329       0.28085605596285257     
   720.79999999999325        7.4591114848587992E-002
   721.59999999999320      -0.28524384051298801     
   722.39999999999316       -5.7920465469868232E-002
   723.19999999999311       0.28866030690734290     
   723.99999999999307        4.1056238329464534E-002
   724.79999999999302      -0.29109310974064539     
   725.59999999999297       -2.4056083542938311E-002
   726.39999999999293       0.29253323345000021     
   727.19999999999288        6.9779897345866870E-003
   727.99999999999284      -0.29297504515582007     
   728.79999999999279        1.0119913935954628E-002
   729.59999999999275       0.29241633608343770     
   730.39999999999270       -2.7179552421814024E-002
   731.19999999999266      -0.29085835073427835     
   731.99999999999261        4.4143095564914303E-002
   732.79999999999256       0.28830580303238229     
   733.59999999999252       -6.0953144576069707E-002
   734.39999999999247      -0.28476687875332651     
   735.19999999999243        7.7552913913319033E-002
   735.99999999999238       0.28025322364827110     
   736.79999999999234       -9.3886408360485729E-002
   737.59999999999229      -0.27477991680218916     
   738.39999999999225       0.10989859520289574     
   739.19999999999220       0.26836542890824094     
   739.99999999999216      -0.12553557147861222     
   740.79999999999211      -0.26103156529758520     
   741.59999999999206       0.14074472634915919     
   742.39999999999202       0.25280339373252658     
   743.19999999999197      -0.15547489868050385     
   743.99999999999193      -0.24370915714508312     
   744.79999999999188       0.16967652995240834     
   745.59999999999184       0.23378017167744475     
   746.39999999999179      -0.18330181262312722     
   747.19999999999175      -0.22305071055200387     
   747.99999999999170       0.19630483406646831     
   748.79999999999166       0.21155787446267499     
   749.59999999999161      -0.20864171616896948     
   750.39999999999156      -0.19934144933076126     
   751.19999999999152       0.22027075062796153     
   751.99999999999147       0.18644375240338923     
   752.79999999999143      -0.23115252992932867     
   753.59999999999138      -0.17290946778823646     
   754.39999999999134       0.24125007390856157     
   755.19999999999129       0.15878547261254794     
   755.99999999999125      -0.25052895171202688     
   756.79999999999120      -0.14412065506435434     
   757.59999999999116       0.25895739888078906     
   758.39999999999111       0.12896572561792885     
   759.19999999999106      -0.26650642918102035     
   759.99999999999102      -0.11337302276423233     
   760.79999999999097       0.27314994070621690     
   761.59999999999093        9.7396314560823871E-002
   762.39999999999088      -0.27886481568037191     
   763.19999999999084       -8.1090597284743937E-002
   763.99999999999079       0.28363101330235840     
   764.79999999999075        6.4511892417937367E-002
   765.59999999999070      -0.28743165489435657     
   766.39999999999065       -4.7717043120854674E-002
   767.19999999999061       0.29025310055446563     
   767.99999999999056        3.0763511258887266E-002
   768.79999999999052      -0.29208501646846907     
   769.59999999999047       -1.3709175940946228E-002
   770.39999999999043       0.29292043201128759     
   771.19999999999038       -3.3878655865687279E-003
   771.99999999999034      -0.29275578576746247     
   772.79999999999029        2.0469493969618224E-002
   773.59999999999025       0.29159095962307374     
   774.39999999999020       -3.7477760104480839E-002
   775.19999999999015      -0.28942930012914780     
   775.99999999999011        5.4355073352498839E-002
   776.79999999999006       0.28627762640902654     
   777.59999999999002       -7.1044385260262410E-002
   778.39999999998997      -0.28214622397848677     
   779.19999999998993        8.7489368545664581E-002
   779.99999999998988       0.27704882396535713     
   780.79999999998984      -0.10363459121097385     
   781.59999999998979      -0.27100256735216632     
   782.39999999998975       0.11942568573141116     
   783.19999999998970       0.26402795401793971     
   783.99999999998965      -0.13480951333941654     
   784.79999999998961      -0.25614877651989848     
   785.59999999998956       0.14973432347887383     
   786.39999999998952       0.24739203872793294     
   787.19999999998947      -0.16414990853896003     
   787.99999999998943      -0.23778785959963725     
   788.79999999998938       0.17800775399367749     
   789.59999999998934       0.22736936255707921     
   790.39999999998929      -0.19126118407022144     
   791.19999999998925      -0.21617255109377864     
   791.99999999998920       0.20386550304738893     
   792.79999999998915       0.20423617139699501     
   793.59999999998911      -0.21577813224534120     
   794.39999999998906      -0.19160156291231834     
   795.19999999998902       0.22695874271186328     
   795.99999999998897       0.17831249790139497     
   796.79999999998893      -0.23736938353972237     
   797.59999999998888      -0.16441501114650928     
   798.39999999998884       0.24697460566712118     
   799.19999999998879       0.14995722103520576     
