   0.0000000000000000       -4.6194987060492743E-003
  0.80000000000000004       0.75531188515736014     
   1.6000000000000001        1.2267973767591489     
   2.4000000000000004       0.82688351200949850     
   3.2000000000000002      -0.36693903517000714     
   4.0000000000000000       -1.7367965761591657     
   4.7999999999999998       -2.1161937032631668     
   5.5999999999999996       -1.0872141406925737     
   6.3999999999999995       0.49615427408550850     
   7.1999999999999993        1.8327205465621212     
   7.9999999999999991        2.0161395734024423     
   8.7999999999999989        1.0736562714044906     
   9.5999999999999996       -5.7047547708704460E-002
   10.400000000000000      -0.81749039427305759     
   11.200000000000001       -1.0522105825066030     
   12.000000000000002      -0.89918636687490250     
   12.800000000000002      -0.67637879638159704     
   13.600000000000003      -0.58548578857755951     
   14.400000000000004      -0.56899330036920581     
   15.200000000000005      -0.40372335392983943     
   16.000000000000004        8.8708896230892453E-002
   16.800000000000004       0.86794842445826315     
   17.600000000000005        1.5447075013003333     
   18.400000000000006        1.5354591684973169     
   19.200000000000006       0.76952331961557774     
   20.000000000000007      -0.35696227431243610     
   20.800000000000008       -1.4202070828937425     
   21.600000000000009       -1.8231208331527089     
   22.400000000000009       -1.3065900726018029     
   23.200000000000010      -0.37715841667709615     
   24.000000000000011       0.48742455701897891     
   24.800000000000011        1.0719273440526491     
   25.600000000000012        1.2574610814718479     
   26.400000000000013        1.0817753768571305     
   27.200000000000014       0.73231549586231492     
   28.000000000000014       0.34378142553659441     
   28.800000000000015       -8.7961585802061371E-002
   29.600000000000016      -0.60923918825992140     
   30.400000000000016       -1.1387886673986396     
   31.200000000000017       -1.3937181623327601     
   32.000000000000014       -1.1397442698734290     
   32.800000000000011      -0.45727893138129649     
   33.600000000000009       0.43535577897477640     
   34.400000000000006        1.2814469859527620     
   35.200000000000003        1.6464869151134283     
   36.000000000000000        1.2850507475804589     
   36.799999999999997       0.49880067933421413     
   37.599999999999994      -0.34679868004835912     
   38.399999999999991       -1.0446795251313836     
   39.199999999999989       -1.3851905016298611     
   39.999999999999986       -1.2481052286656631     
   40.799999999999983      -0.78441074302831382     
   41.599999999999980      -0.21544707061047197     
   42.399999999999977       0.36398002169200161     
   43.199999999999974       0.91282469162860269     
   43.999999999999972        1.2863908098674308     
   44.799999999999969        1.2803815362540443     
   45.599999999999966       0.86807955035936735     
   46.399999999999963       0.19847672025494922     
   47.199999999999960      -0.58036889846188999     
   47.999999999999957       -1.2726810862458171     
   48.799999999999955       -1.5298765712401019     
   49.599999999999952       -1.1833869258549949     
   50.399999999999949      -0.46858205554991528     
   51.199999999999946       0.33600869340405459     
   51.999999999999943        1.0492503271613778     
   52.799999999999940        1.4300774104126022     
   53.599999999999937        1.2953251328263120     
   54.399999999999935       0.77629068769411846     
   55.199999999999932       0.12107225831569879     
   55.999999999999929      -0.53676019213811010     
   56.799999999999926       -1.0964823577042702     
   57.599999999999923       -1.3619047963845894     
   58.399999999999920       -1.1900276027835317     
   59.199999999999918      -0.67445844493992435     
   59.999999999999915        6.9086088567580362E-003
   60.799999999999912       0.73099963294016645     
   61.599999999999909        1.3114595691276614     
   62.399999999999906        1.4502366683869230     
   63.199999999999903        1.0627371786046613     
   63.999999999999901       0.37260865599862669     
   64.799999999999898      -0.39875919758500400     
   65.599999999999895       -1.0898185543541130     
   66.399999999999892       -1.4462642063150062     
   67.199999999999889       -1.2784334167723024     
   67.999999999999886      -0.72287212186539695     
   68.799999999999883       -2.7407935229190716E-002
   69.599999999999881       0.66572367681480071     
   70.399999999999878        1.2151174225365273     
   71.199999999999875        1.3923547518950563     
   71.999999999999872        1.1072783927644116     
   72.799999999999869       0.52300353554121681     
   73.599999999999866      -0.17485143114166291     
   74.399999999999864      -0.86837486397933628     
   75.199999999999861       -1.3583871881992806     
   75.999999999999858       -1.3847384857324132     
   76.799999999999855      -0.94040732713338038     
   77.599999999999852      -0.25179761193407968     
   78.399999999999849       0.49703594332001888     
   79.199999999999847        1.1513843765567335     
   79.999999999999844        1.4492761945683583     
   80.799999999999841        1.2260502505375612     
   81.599999999999838       0.63917283326860364     
   82.399999999999835       -7.5103573804802037E-002
   83.199999999999832      -0.77783109325141619     
   83.999999999999829       -1.2972906570385012     
   84.799999999999827       -1.3916093382687538     
   85.599999999999824       -1.0219492727036870     
   86.399999999999821      -0.39106564555110479     
   87.199999999999818       0.31994736723795436     
   87.999999999999815       0.98895308945997662     
   88.799999999999812        1.3968805454164783     
   89.599999999999810        1.3204351197034356     
   90.399999999999807       0.81993812934985111     
   91.199999999999804       0.12363947399823227     
   91.999999999999801      -0.60944944771221787     
   92.799999999999798       -1.2197013349266717     
   93.599999999999795       -1.4414668758666001     
   94.399999999999793       -1.1528236298550409     
   95.199999999999790      -0.53699589941705372     
   95.999999999999787       0.18625197514636838     
   96.799999999999784       0.88304104285314167     
   97.599999999999781        1.3563199608104564     
   98.399999999999778        1.3674983297205627     
   99.199999999999775       0.92971953556574305     
   99.999999999999773       0.26657392401864000     
   100.79999999999977      -0.45191133619824575     
   101.59999999999977       -1.0937611850663904     
   102.39999999999976       -1.4208912495770156     
   103.19999999999976       -1.2511243306284063     
   103.99999999999976      -0.70085504082344618     
   104.79999999999976        5.3271417838749446E-003
   105.59999999999975       0.72500400630213158     
   106.39999999999975        1.2850290716527732     
   107.19999999999975        1.4219679878165881     
   107.99999999999974        1.0662697826621073     
   108.79999999999974       0.42421127509606360     
   109.59999999999974      -0.30307392812044376     
   110.39999999999974      -0.98346507730102750     
   111.19999999999973       -1.3975981026145941     
   111.99999999999973       -1.3249021179195311     
   112.79999999999973      -0.82988560460741212     
   113.59999999999972      -0.14399495281481745     
   114.39999999999972       0.57612527480608855     
   115.19999999999972        1.1842853967622839     
   115.99999999999972        1.4287075987493081     
   116.79999999999971        1.1742503691475035     
   117.59999999999971       0.58193366235524890     
   118.39999999999971      -0.13310278847515922     
   119.19999999999970      -0.83817720255750150     
   119.99999999999970       -1.3414507454341322     
   120.79999999999970       -1.3899028756609240     
   121.59999999999970      -0.97041581004547872     
   122.39999999999969      -0.30556686620476081     
   123.19999999999969       0.42254867848892497     
   123.99999999999969        1.0781263676248940     
   124.79999999999968        1.4229003394391615     
   125.59999999999968        1.2671313632262629     
   126.39999999999968       0.72334075194797243     
   127.19999999999968        2.1270067633064937E-002
   127.99999999999967      -0.69495458207114702     
   128.79999999999967       -1.2612646930225990     
   129.59999999999968       -1.4202759939066723     
   130.39999999999969       -1.0891685812030580     
   131.19999999999970      -0.46224562177689843     
   131.99999999999972       0.25924218782480346     
   132.79999999999973       0.94600379701415949     
   133.59999999999974        1.3855621202328696     
   134.39999999999975        1.3450833853350814     
   135.19999999999976       0.86760171597786462     
   135.99999999999977       0.18375781832428917     
   136.79999999999978      -0.54227063757506444     
   137.59999999999980       -1.1651160371146068     
   138.39999999999981       -1.4326535178024020     
   139.19999999999982       -1.1966286357524893     
   139.99999999999983      -0.61142559268247232     
   140.79999999999984       0.10200847600419682     
   141.59999999999985       0.80889532676970144     
   142.39999999999986        1.3246528992899258     
   143.19999999999987        1.3961969494272681     
   143.99999999999989       0.99623276296365348     
   144.79999999999990       0.34135134026248137     
   145.59999999999991      -0.38361111107415280     
   146.39999999999992       -1.0465750215981036     
   147.19999999999993       -1.4154786762875737     
   147.99999999999994       -1.2879468265793306     
   148.79999999999995      -0.75934702752530214     
   149.59999999999997       -6.0292855941135426E-002
   150.39999999999998       0.66037494161923893     
   151.19999999999999        1.2424396104537623     
   152.00000000000000        1.4270029316640143     
   152.80000000000001        1.1153419369981596     
   153.60000000000002       0.49541936830322086     
   154.40000000000003      -0.22553687523630861     
   155.20000000000005      -0.91737312446115438     
   156.00000000000006       -1.3739373735951546     
   156.80000000000007       -1.3573913857188273     
   157.60000000000008      -0.89628906349970894     
   158.40000000000009      -0.21920371491086810     
   159.20000000000010       0.50593706786882708     
   160.00000000000011        1.1383537726293422     
   160.80000000000013        1.4302457659425130     
   161.60000000000014        1.2193487033843278     
   162.40000000000015       0.64675693750837360     
   163.20000000000016       -6.3925583660500496E-002
   164.00000000000017      -0.77529486853748886     
   164.80000000000018       -1.3083001500829918     
   165.60000000000019       -1.4062482735171180     
   166.40000000000020       -1.0249241071981945     
   167.20000000000022      -0.37638038344312419     
   168.00000000000023       0.34872127466447245     
   168.80000000000024        1.0192458625681979     
   169.60000000000025        1.4084782810333609     
   170.40000000000026        1.3049827486940739     
   171.20000000000027       0.79037740728182460     
   172.00000000000028        9.6005236615130274E-002
   172.80000000000030      -0.62567982714292669     
   173.60000000000031       -1.2199117917966174     
   174.40000000000032       -1.4295297170033938     
   175.20000000000033       -1.1403840448180227     
   176.00000000000034      -0.53070560982151282     
   176.80000000000035       0.18825491238072622     
   177.60000000000036       0.88556434374575144     
   178.40000000000038        1.3611864921345789     
   179.20000000000039        1.3709780222501666     
   180.00000000000040       0.92683578299271530     
   180.80000000000041       0.25514442219267208     
   181.60000000000042      -0.47082961374489063     
   182.40000000000043       -1.1131028401092877     
   183.20000000000044       -1.4277577785275553     
   184.00000000000045       -1.2402266072734485     
   184.80000000000047      -0.67955209387300242     
   185.60000000000048        2.7897043000316257E-002
   186.40000000000049       0.74201591536317446     
   187.20000000000050        1.2898717347457465     
   188.00000000000051        1.4134642805912783     
   188.80000000000052        1.0522659482980214     
   189.60000000000053       0.41191941957258427     
   190.40000000000055      -0.31211956867292401     
   191.20000000000056      -0.98971410842842678     
   192.00000000000057       -1.3999153086601490     
   192.80000000000058       -1.3220657729550065     
   193.60000000000059      -0.82238868461809822     
   194.40000000000060      -0.13237925627795655     
   195.20000000000061       0.59101667581701633     
   196.00000000000063        1.1974375837524294     
   196.80000000000064        1.4315256306391779     
   197.60000000000065        1.1644490165212338     
   198.40000000000066       0.56478259083125348     
   199.20000000000067      -0.15206607582206433     
   200.00000000000068      -0.85386609048905726     
   200.80000000000069       -1.3469479410255494     
   201.60000000000070       -1.3825658031573675     
   202.40000000000072      -0.95624677143531800     
   203.20000000000073      -0.29102056640609075     
   204.00000000000074       0.43490417667365755     
   204.80000000000075        1.0862439395676919     
   205.60000000000076        1.4236640307918893     
   206.40000000000077        1.2606054536129725     
   207.20000000000078       0.71275271281749664     
   208.00000000000080        8.6498422578105139E-003
   208.80000000000081      -0.70830169158361578     
   209.60000000000082       -1.2707540362308754     
   210.40000000000083       -1.4198645067356888     
   211.20000000000084       -1.0789971007178569     
   212.00000000000085      -0.44691298687077907     
   212.80000000000086       0.27599102542904275     
   213.60000000000088       0.95994714002068826     
   214.40000000000089        1.3900304677131230     
   215.20000000000090        1.3376643931172243     
   216.00000000000091       0.85355931012435837     
   216.80000000000092       0.16855765197006056     
   217.60000000000093      -0.55588751735207809     
   218.40000000000094       -1.1736376217553663     
   219.20000000000095       -1.4319916037620013     
   220.00000000000097       -1.1878291331965809     
   220.80000000000098      -0.59894991596802094     
   221.60000000000099       0.11552214040772257     
   222.40000000000100       0.82154585859339180     
   223.20000000000101        1.3316508162106477     
   224.00000000000102        1.3932015177650581     
   224.80000000000103       0.98520343665063315     
   225.60000000000105       0.32666114244342837     
   226.40000000000106      -0.39907881388114597     
   227.20000000000107       -1.0588375482533889     
   228.00000000000108       -1.4182735255198780     
   228.80000000000109       -1.2798268211423161     
   229.60000000000110      -0.74536536305943191     
   230.40000000000111       -4.5034202298817272E-002
   231.20000000000113       0.67419622515248767     
   232.00000000000114        1.2503994830554679     
   232.80000000000115        1.4248420564403508     
   233.60000000000116        1.1050354332577581     
   234.40000000000117       0.48185426025793143     
   235.20000000000118      -0.23960840009339102     
   236.00000000000119      -0.92945550715311331     
   236.80000000000121       -1.3789062782647092     
   237.60000000000122       -1.3522805997579217     
   238.40000000000123      -0.88435516007741954     
   239.20000000000124      -0.20464014844455103     
   240.00000000000125       0.52062946007792055     
   240.80000000000126        1.1490441356036438     
   241.60000000000127        1.4311612333998249     
   242.40000000000128        1.2102727671959381     
   243.20000000000130       0.63271412116327208     
   244.00000000000131       -7.9061223436583949E-002
   244.80000000000132      -0.78877806676548567     
   245.60000000000133       -1.3151093359408701     
   246.40000000000134       -1.4025306745533201     
   247.20000000000135       -1.0135380333652995     
   248.00000000000136      -0.36220496959659010     
   248.80000000000138       0.36303193659407773     
   249.60000000000139        1.0306145626285379     
   250.40000000000140        1.4115616124096375     
   251.20000000000141        1.2981028245797028     
   252.00000000000142       0.77765978827627102     
   252.80000000000143        8.1390231816095615E-002
   253.60000000000144      -0.63980277198899871     
   254.40000000000146       -1.2290632614326309     
   255.20000000000147       -1.4285408956314207     
   256.00000000000148       -1.1303001495719498     
   256.80000000000149      -0.51651940674147601     
   257.60000000000150       0.20322376071101278     
   258.40000000000151       0.89840362875203306     
   259.20000000000152        1.3664970608538844     
   260.00000000000153        1.3657104617489748     
   260.80000000000155       0.91462655444603136     
   261.60000000000156       0.24063123173359002     
   262.40000000000157      -0.48512771929300857     
   263.20000000000158       -1.1235336828802107     
   264.00000000000159       -1.4289858908487896     
   264.80000000000160       -1.2318471283005814     
   265.60000000000161      -0.66621106143954356     
   266.40000000000163        4.2585167716811645E-002
   267.20000000000164       0.75558955711053943     
   268.00000000000165        1.2974431599560459     
   268.80000000000166        1.4106271136594286     
   269.60000000000167        1.0412302167856766     
   270.40000000000168       0.39755962335794504     
   271.20000000000169      -0.32690072356265953     
   272.00000000000171       -1.0016982537864976     
   272.80000000000172       -1.4035268309856568     
   273.60000000000173       -1.3153146787916614     
   274.40000000000174      -0.80952848031846381     
   275.20000000000175      -0.11768341990771747     
   276.00000000000176       0.60510305570224299     
   276.80000000000177        1.2067030448391178     
   277.60000000000178        1.4309122526469251     
   278.40000000000180        1.1547919725753757     
   279.20000000000181       0.55096614761589191     
   280.00000000000182      -0.16678285711567564     
   280.80000000000183      -0.86680398721720642     
   281.60000000000184       -1.3528580021263052     
   282.40000000000185       -1.3779804833293756     
   283.20000000000186      -0.94436789048394854     
   284.00000000000188      -0.27649575623906486     
   284.80000000000189       0.44945842519478085     
   285.60000000000190        1.0971930276249202     
   286.40000000000191        1.4254705747859049     
   287.20000000000192        1.2524792564862466     
   288.00000000000193       0.69937079596562246     
   288.80000000000194       -6.1323720120998182E-003
   289.60000000000196      -0.72200301687940494     
   290.40000000000197       -1.2786483410938430     
   291.20000000000198       -1.4174461010044836     
   292.00000000000199       -1.0682542782486713     
   292.80000000000200      -0.43274236059131854     
   293.60000000000201       0.29066489435183329     
   294.40000000000202       0.97210594111623794     
   295.20000000000203        1.3941924959482461     
   296.00000000000205        1.3314598267465012     
   296.80000000000206       0.84096534878457396     
   297.60000000000207       0.15389982369922606     
   298.40000000000208      -0.57014552094449344     
   299.20000000000209       -1.1833802208016271     
   300.00000000000210       -1.4319545586836431     
   300.80000000000211       -1.1784613476959982     
   301.60000000000213      -0.58515075280857332     
   302.40000000000214       0.13031878722367418     
   303.20000000000215       0.83469445949654997     
   304.00000000000216        1.3379987212097815     
   304.80000000000217        1.3890492449340313     
   305.60000000000218       0.97354621608279102     
   306.40000000000219       0.31223219863107321     
   307.20000000000221      -0.41362414048414398     
   308.00000000000222       -1.0700468241768917     
   308.80000000000223       -1.4206207212425874     
   309.60000000000224       -1.2721502691613664     
   310.40000000000225      -0.73218394178192137     
   311.20000000000226       -3.0288495801627846E-002
   312.00000000000227       0.68805699490968308     
   312.80000000000229        1.2587691821214184     
   313.60000000000230        1.4229763717924766     
   314.40000000000231        1.0945721892798983     
   315.20000000000232       0.46772549266339902     
   316.00000000000233      -0.25435263637382421     
   316.80000000000234      -0.94187963754918957     
   317.60000000000235       -1.3835687307923195     
   318.40000000000236       -1.3464991480533102     
   319.20000000000238      -0.87193864167980317     
   320.00000000000239      -0.19003004129569845     
   320.80000000000240       0.53494755919061987     
   321.60000000000241        1.1591239373976878     
   322.40000000000242        1.4316612139070979     
   323.20000000000243        1.2012811379991055     
   324.00000000000244       0.61906158120502974     
   324.80000000000246       -9.3841257037229564E-002
   325.60000000000247      -0.80211160161907880     
   326.40000000000248       -1.3219506996971147     
   327.20000000000249       -1.3988965892098839     
   328.00000000000250       -1.0021295291897541     
   328.80000000000251      -0.34782175000195248     
   329.60000000000252       0.37765116873458959     
   330.40000000000254        1.0421368215930074     
   331.20000000000255        1.4144407933563228     
   332.00000000000256        1.2908228312731753     
   332.80000000000257       0.76462303863543424     
   333.60000000000258        6.6664820676058945E-002
   334.40000000000259      -0.65377855543888252     
   335.20000000000260       -1.2378352839155742     
   336.00000000000261       -1.4272020077038412     
   336.80000000000263       -1.1201534152983750     
   337.60000000000264      -0.50249657205806364     
   338.40000000000265       0.21797698006450672     
   339.20000000000266       0.91105642320552094     
   340.00000000000267        1.3716758693256068     
   340.80000000000268        1.3604059187745334     
   341.60000000000269       0.90242041064123901     
   342.40000000000271       0.22605958902284529     
   343.20000000000272      -0.49953655345131520     
   344.00000000000273       -1.1339737826301428     
   344.80000000000274       -1.4300285715595662     
   345.60000000000275       -1.2232155490723549     
   346.40000000000276      -0.65267595492326780     
   347.20000000000277        5.7364623523786240E-002
   348.00000000000279       0.76908864759386020     
   348.80000000000280        1.3047401276184001     
   349.60000000000281        1.4074992075017305     
   350.40000000000282        1.0300869243647892     
   351.20000000000283       0.38325202332753361     
   352.00000000000284      -0.34155680254278864     
   352.80000000000285       -1.0135006922786229     
   353.60000000000286       -1.4069406140135787     
   354.40000000000288       -1.3084662321543394     
   355.20000000000289      -0.79666374234065429     
   356.00000000000290      -0.10298364075565558     
   356.80000000000291       0.61919801738333191     
   357.60000000000292        1.2158826004603167     
   358.40000000000293        1.4301107529128649     
   359.20000000000294        1.1449636284958848     
   360.00000000000296       0.53703704364021809     
   360.80000000000297      -0.18155405553273440     
   361.60000000000298      -0.87967307904236547     
   362.40000000000299       -1.3585336402452359     
   363.20000000000300       -1.3731514737761956     
   364.00000000000301      -0.93238142842068772     
   364.80000000000302      -0.26197632608010402     
   365.60000000000304       0.46393463338781893     
   366.40000000000305        1.1079670774019896     
   367.20000000000306        1.4270563946983643     
   368.00000000000307        1.2442319696711301     
   368.80000000000308       0.68597298370190740     
   369.60000000000309       -2.0902082305449321E-002
   370.40000000000310      -0.73565931587474542     
   371.20000000000312       -1.2863975470779265     
   372.00000000000313       -1.4148369514471384     
   372.80000000000314       -1.0573857936578825     
   373.60000000000315      -0.41850753811426855     
   374.40000000000316       0.30535968007045355     
   375.20000000000317       0.98417676012475408     
   376.00000000000318        1.3981315330560145     
   376.80000000000319        1.3250485599127000     
   377.60000000000321       0.82827982787080645     
   378.40000000000322       0.13923274523900664     
   379.20000000000323      -0.58434258100478575     
   380.00000000000324       -1.1929465323719408     
   380.80000000000325       -1.4316929166880024     
   381.60000000000326       -1.1689697490622453     
   382.40000000000327      -0.57132912234087696     
   383.20000000000329       0.14509850028275983     
   384.00000000000330       0.84776607212247179     
   384.80000000000331        1.3441653014219304     
   385.60000000000332        1.3847093969039537     
   386.40000000000333       0.96179144143430229     
   387.20000000000334       0.29776673384140462     
   388.00000000000335      -0.42816394544062963     
   388.80000000000337       -1.0811420980427342     
   389.60000000000338       -1.4227468067578111     
   390.40000000000339       -1.2642970096679949     
   391.20000000000340      -0.71893002252489435     
   392.00000000000341       -1.5533496986881667E-002
   392.80000000000342       0.70185547997756359     
   393.60000000000343        1.2669543410351167     
   394.40000000000344        1.4208916852405862     
   395.20000000000346        1.0839936732946578     
   396.00000000000347       0.45357302554149692     
   396.80000000000348      -0.26907690511770399     
   397.60000000000349      -0.95420305962642182     
   398.40000000000350       -1.3880280916355392     
   399.20000000000351       -1.3405392365619262     
   400.00000000000352      -0.85944415049575662     
   400.80000000000354      -0.17539949984953607     
   401.60000000000355       0.54923870773326866     
   402.40000000000356        1.1690637252664797     
   403.20000000000357        1.4319413483279291     
   404.00000000000358        1.1921381274527734     
   404.80000000000359       0.60535364166046968     
   405.60000000000360      -0.10862455453367104     
   406.40000000000362      -0.81537087305772860     
   407.20000000000363       -1.3285959596723964     
   408.00000000000364       -1.3950547146235419     
   408.80000000000365      -0.99061966435271431     
   409.60000000000366      -0.33341731109754880     
   410.40000000000367       0.39224507009393861     
   411.20000000000368        1.0535371618553810     
   412.00000000000369        1.4171049199457466     
   412.80000000000371        1.2833779106862042     
   413.60000000000372       0.75152350710956251     
   414.40000000000373        5.1929366008207412E-002
   415.20000000000374      -0.66770806114395032     
   416.00000000000375       -1.2464435906049784     
   416.80000000000376       -1.4256476001684311     
   417.60000000000377       -1.1098775400457626     
   418.40000000000379      -0.48843224442615440     
   419.20000000000380       0.23272490914248301     
   420.00000000000381       0.92361722704419480     
   420.80000000000382        1.3766472804726511     
   421.60000000000383        1.3549085377497596     
   422.40000000000384       0.89012863462440162     
   423.20000000000385       0.21147132395604473     
   424.00000000000387      -0.51391130277877706     
   424.80000000000388       -1.1442713703028922     
   425.60000000000389       -1.4308516756874639     
   426.40000000000390       -1.2144352805315857     
   427.20000000000391      -0.63909058466345658     
   428.00000000000392        7.2145987296950875E-002
   428.80000000000393       0.78252217152174142     
   429.60000000000394        1.3118529331225264     
   430.40000000000396        1.4041642858907670     
   431.20000000000397        1.0188345961344019     
   432.00000000000398       0.36891396209918659     
   432.80000000000399      -0.35619758061995477     
   433.60000000000400       -1.0251906442848124     
   434.40000000000401       -1.4101385520131158     
   435.20000000000402       -1.3014422812052302     
   436.00000000000404      -0.78372878814241331     
   436.80000000000405       -8.8272983096332691E-002
   437.60000000000406       0.63324658964241864     
   438.40000000000407        1.2248995710151109     
   439.20000000000408        1.4290913516383590     
   440.00000000000409        1.1350041941748024     
   440.80000000000410       0.52306825426333914     
   441.60000000000412      -0.19631936144896389     
   442.40000000000413      -0.89245646002984158     
   443.20000000000414       -1.3640086941185392     
   444.00000000000415       -1.3681279375434059     
   444.80000000000416      -0.92030427769082468     
   445.60000000000417      -0.24743538220637917     
   446.40000000000418       0.47838400809416715     
   447.20000000000420        1.1186071751477127     
   448.00000000000421        1.4284222448107202     
   448.80000000000422        1.2358277625421383     
   449.60000000000423       0.67251889935469999     
   450.40000000000424       -3.5676157164196143E-002
   451.20000000000425      -0.74925361226566622     
   452.00000000000426       -1.2939654136664274     
   452.80000000000427       -1.4120169463345165     
   453.60000000000429       -1.0464042315562856     
   454.40000000000430      -0.40424209901427377     
   455.20000000000431       0.32003999801703031     
   456.00000000000432       0.99614085628995974     
   456.80000000000433        1.4018583103856692     
   457.60000000000434        1.3184583430973427     
   458.40000000000435       0.81552015936428301     
   459.20000000000437       0.12455185380425515     
   460.00000000000438      -0.59849929090482978     
   460.80000000000439       -1.2023576451185309     
   461.60000000000440       -1.4312121266584719     
   462.40000000000441       -1.1593402294689801     
   463.20000000000442      -0.55746325652075202     
   464.00000000000443       0.15987527856472161     
   464.80000000000445       0.86075734466798925     
   465.60000000000446        1.3501343394895342     
   466.40000000000447        1.3801702630313164     
   467.20000000000448       0.94994126314830196     
   468.00000000000449       0.28327858981996290     
   468.80000000000450      -0.44267917132977086     
   469.60000000000451       -1.0921091981020163     
   470.40000000000452       -1.4246541919336893     
   471.20000000000454       -1.2562823206936937     
   472.00000000000455      -0.70561649605478771     
   472.80000000000456       -7.7189235435826120E-004
   473.60000000000457       0.71559774947248178     
   474.40000000000458        1.2749643303249720     
   475.20000000000459        1.4185936624594051     
   476.00000000000460        1.0732960994069265     
   476.80000000000462       0.43938651305523657     
   477.60000000000463      -0.28378990664230330     
   478.40000000000464      -0.96642591648775389     
   479.20000000000465       -1.3922775129555409     
   480.00000000000466       -1.3343950598439129     
   480.80000000000467      -0.84687089364376711     
   481.60000000000468      -0.16075349009071505     
   482.40000000000470       0.56349302116887934     
   483.20000000000471        1.1788540610541134     
   484.00000000000472        1.4320017411205508     
   484.80000000000473        1.1828521431250567     
   485.60000000000474       0.59159856023480728     
   486.40000000000475      -0.12340710341606764     
   487.20000000000476      -0.82855575530180925     
   488.00000000000477       -1.3350485307034670     
   488.80000000000479       -1.3910098876282724     
   489.60000000000480      -0.97900902093308551     
   490.40000000000481      -0.31898750531711340     
   491.20000000000482       0.40681792867491195     
   492.00000000000483        1.0648157167324697     
   492.80000000000484        1.4195514393099444     
   493.60000000000485        1.2757659811651481     
   494.40000000000487       0.73836022430313186     
   495.20000000000488        3.7185373104552610E-002
   496.00000000000489      -0.68158593615688734     
   496.80000000000490       -1.2548821438971811     
   497.60000000000491       -1.4238776786788452     
   498.40000000000492       -1.0994773637548498     
   499.20000000000493      -0.47433131876090873     
   500.00000000000495       0.24746403579230558     
   500.80000000000496       0.93608364161041113     
   501.60000000000497        1.3814121412324332     
   502.40000000000498        1.3492223105368710     
   503.20000000000499       0.87775327964756711     
   504.00000000000500       0.19686531926110429     
   504.80000000000501      -0.52825327995398375     
   505.60000000000502       -1.1544257840799022     
   506.40000000000504       -1.4314546960767693     
   507.20000000000505       -1.2055064018088750     
   508.00000000000506      -0.62545452460623430     
   508.80000000000507        8.6928777893484410E-002
   509.60000000000508       0.79588672380624148     
   510.40000000000509        1.3187777311511193     
   511.20000000000510        1.4006229167177617     
   512.00000000000512        1.0074763202623784     
   512.80000000000507       0.35454826151446250     
   513.60000000000502      -0.37082027301403098     
   514.40000000000498       -1.0367651050954492     
   515.20000000000493       -1.4131206999474983     
   516.00000000000489       -1.2942461711061832     
   516.80000000000484      -0.77072586504262830     
   517.60000000000480       -7.3551673470103274E-002
   518.40000000000475       0.64724825804041730     
   519.20000000000471        1.2337526554446925     
   520.00000000000466        1.4278546385343041     
   520.80000000000462        1.1249148990254356     
   521.60000000000457       0.50905988154490556     
   522.40000000000452      -0.21107834506185985     
   523.20000000000448      -0.90515142367609802     
   524.00000000000443       -1.3692807562759548     
   524.80000000000439       -1.3629110686164954     
   525.60000000000434      -0.90813868114687879     
   526.40000000000430      -0.23287460985054820     
   527.20000000000425       0.49280422761965437     
   528.00000000000421        1.1291103365014057     
   528.80000000000416        1.4295682283916584     
   529.60000000000412        1.2272695251947585     
   530.40000000000407       0.65901051475379391     
   531.20000000000402       -5.0453818604767497E-002
   532.00000000000398      -0.76278432593083667     
   532.80000000000393       -1.3013503881762771     
   533.60000000000389       -1.4089873632056369     
   534.40000000000384       -1.0353113543280528     
   535.20000000000380      -0.38994648644935537     
   536.00000000000375       0.33470513566473092     
   536.80000000000371        1.0079957134449020     
   537.60000000000366        1.4053714587974295     
   538.40000000000362        1.3116908507662939     
   539.20000000000357       0.80268813899699776     
   540.00000000000352       0.10985828597731873     
   540.80000000000348      -0.61261347862555682     
   541.60000000000343       -1.2116108133463550     
   542.40000000000339       -1.4305126915252153     
   543.20000000000334       -1.1495753692402215     
   544.00000000000330      -0.54355475367220607     
   544.80000000000325       0.17464810752391413     
   545.60000000000321       0.87366610974611036     
   546.40000000000316        1.3559043986395571     
   547.20000000000312        1.3754335883245741     
   548.00000000000307       0.93799760360818074     
   548.80000000000302       0.26876839108283368     
   549.60000000000298      -0.45716872624107985     
   550.40000000000293       -1.1029456497711103     
   551.20000000000289       -1.4263423428489272     
   552.00000000000284       -1.2481081732684676     
   552.80000000000280      -0.69224486611047165     
   553.60000000000275        1.3995388691631971E-002
   554.40000000000271       0.72928157182590436     
   555.20000000000266        1.2827967517969086     
   556.00000000000261        1.4160833120298955     
   556.80000000000257        1.0624818285458471     
   557.60000000000252       0.42516722936341456     
   558.40000000000248      -0.29849047153778940     
   559.20000000000243      -0.97854575212114558     
   560.00000000000239       -1.3963159398757838     
   560.80000000000234       -1.3280686622704783     
   561.60000000000230      -0.83422072850950080     
   562.40000000000225      -0.14609273066097350     
   563.20000000000221       0.57770900849848272     
   564.00000000000216        1.1884925273699376     
   564.80000000000211        1.4318425801792569     
   565.60000000000207        1.1734253030985689     
   566.40000000000202       0.57779761364565718     
   567.20000000000198      -0.13818798915459940     
   568.00000000000193      -0.84166387827396194     
   568.80000000000189       -1.3413064655866134     
   569.60000000000184       -1.3867635940829979     
   570.40000000000180      -0.96729977158810632     
   571.20000000000175      -0.30453337429906502     
   572.00000000000171       0.42136839565831141     
   572.80000000000166        1.0759699281474913     
   573.60000000000161        1.4217798313219379     
   574.40000000000157        1.2679892450311330     
   575.20000000000152       0.72513485946324163     
   576.00000000000148        2.2433629435753333E-002
   576.80000000000143      -0.69541031026582534     
   577.60000000000139       -1.2631486848902926     
   578.40000000000134       -1.4218930686508700     
   579.20000000000130       -1.0889550455652728     
   580.00000000000125      -0.46019488814130749     
   580.80000000000121       0.26219334577306597     
   581.60000000000116       0.94845317468828394     
   582.40000000000111        1.3859690542486467     
   583.20000000000107        1.3433490928493792     
   584.00000000000102       0.86529631483514802     
   584.80000000000098       0.18224247803734150     
   585.60000000000093      -0.54256089616701564     
   586.40000000000089       -1.1644344923203036     
   587.20000000000084       -1.4318377104724718     
   588.00000000000080       -1.1964311697782184     
   588.80000000000075      -0.61176921120390504     
   589.60000000000070       0.10171212581240707     
   590.40000000000066       0.80918011662874278     
   591.20000000000061        1.3255125684572666     
   592.00000000000057        1.3968764675471335     
   592.80000000000052       0.99601421189902095     
   593.60000000000048       0.34015587452425033     
   594.40000000000043      -0.38542368246022807     
   595.20000000000039       -1.0482215212101678     
   596.00000000000034       -1.4158862772262186     
   596.80000000000030       -1.2868799901965029     
   597.60000000000025      -0.75765670872687407     
   598.40000000000020       -5.8820561308730146E-002
   599.20000000000016       0.66120114838015309     
   600.00000000000011        1.2424394689324678     
   600.80000000000007        1.4264012904852685     
   601.60000000000002        1.1146979874495591     
   602.39999999999998       0.49501313963340765     
   603.19999999999993      -0.22583001979022110     
   603.99999999999989      -0.91775555968546529     
   604.79999999999984       -1.3743483284249229     
   605.59999999999980       -1.3575026502309089     
   606.39999999999975      -0.89588662910369821     
   607.19999999999970      -0.21829487069123343     
   607.99999999999966       0.50719384072826579     
   608.79999999999961        1.1394740232023570     
   609.59999999999957        1.4304942058743391     
   610.39999999999952        1.2185594574821412     
   611.19999999999948       0.64544931922485482     
   611.99999999999943       -6.5234197718690767E-002
   612.79999999999939      -0.77624930179600149     
   613.59999999999934       -1.3085503718022737     
   614.39999999999930       -1.4057494280190095     
   615.19999999999925       -1.0241093404737571     
   615.99999999999920      -0.37562173335867188     
   616.79999999999916       0.34935393812724280     
   617.59999999999911        1.0197388029593264     
   618.39999999999907        1.4086700451467737     
   619.19999999999902        1.3047481358831940     
   619.99999999999898       0.78978556246865916     
   620.79999999999893        9.5152866398770186E-002
   621.59999999999889      -0.62668339043397014     
   622.39999999999884       -1.2207036101704558     
   623.19999999999879       -1.4295950999711984     
   623.99999999999875       -1.1396773943813430     
   624.79999999999870      -0.52960487323966421     
   625.59999999999866       0.18941603511055938     
   626.39999999999861       0.88648998986470007     
   627.19999999999857        1.3614738117543943     
   627.99999999999852        1.3705010468460961     
   628.79999999999848       0.92596251574808019     
   629.59999999999843       0.25423704430552152     
   630.39999999999839      -0.47163122449884320     
   631.19999999999834       -1.1136489026996348     
   631.99999999999829       -1.4278109463480941     
   632.79999999999825       -1.2397767580844679     
   633.59999999999820      -0.67881669407122502     
   634.39999999999816        2.8767502504398856E-002
   635.19999999999811       0.74290488808158817     
   635.99999999999807        1.2904494175500343     
   636.79999999999802        1.4133617019117946     
   637.59999999999798        1.0515530500108934     
   638.39999999999793       0.41091624349896183     
   639.19999999999789      -0.31317750283538925     
   639.99999999999784      -0.99056005446516149     
   640.79999999999779       -1.4001422542842523     
   641.59999999999775       -1.3215620290044117     
   642.39999999999770      -0.82149552017682737     
   643.19999999999766      -0.13141806280180046     
   643.99999999999761       0.59188499765566083     
   644.79999999999757        1.1979766506254568     
   645.59999999999752        1.4314641793645029     
   646.39999999999748        1.1638598408216558     
   647.19999999999743       0.56395212851695875     
   647.99999999999739      -0.15296629431418052     
   648.79999999999734      -0.85469292947952835     
   649.59999999999729       -1.3473679625094759     
   650.39999999999725       -1.3823173885467284     
   651.19999999999720      -0.95549400606472146     
   651.99999999999716      -0.29005584855239297     
   652.79999999999711       0.43589516305903531     
   653.59999999999707        1.0869972403332091     
   654.39999999999702        1.4237895929364022     
   655.19999999999698        1.2600498610636308     
   655.99999999999693       0.71184904614946842     
   656.79999999999688        7.6749723827644889E-003
   657.59999999999684      -0.70917920556291347     
   658.39999999999679       -1.2712409382381595     
   659.19999999999675       -1.4196946779618180     
   659.99999999999670       -1.0783127962821526     
   660.79999999999666      -0.44602407535232991     
   661.59999999999661       0.27691179186096948     
   662.39999999999657       0.96072334747940114     
   663.19999999999652        1.3903167342434501     
   663.99999999999648        1.3372907937912868     
   664.79999999999643       0.85275966341853937     
   665.59999999999638       0.16760365050054482     
   666.39999999999634      -0.55683257020757104     
   667.19999999999629       -1.1742949875083137     
   667.99999999999625       -1.4320008478676307     
   668.79999999999620       -1.1872118108386136     
   669.59999999999616      -0.59803603781078463     
   670.39999999999611       0.11649513900049513     
   671.19999999999607       0.82240010113304296     
   671.99999999999602        1.3320555131902792     
   672.79999999999598        1.3929263631651223     
   673.59999999999593       0.98445039929558575     
   674.39999999999588       0.32573776843451951     
   675.19999999999584      -0.40000656948390834     
   675.99999999999579       -1.0595573416623254     
   676.79999999999575       -1.4184345981536277     
   677.59999999999570       -1.2793458596105800     
   678.39999999999566      -0.74452302235138701     
   679.19999999999561       -4.4080477053744405E-002
   679.99999999999557       0.67510337305558532     
   680.79999999999552        1.2509576639360596     
   681.59999999999548        1.4247320457784551     
   682.39999999999543        1.1043556816026254     
   683.19999999999538       0.48092920617648738     
   683.99999999999534      -0.24057338208612700     
   684.79999999999529      -0.93026642693608019     
   685.59999999999525       -1.3792099615745557     
   686.39999999999520       -1.3519045026196936     
   687.19999999999516      -0.88355010137672441     
   687.99999999999511      -0.20369703341543022     
   688.79999999999507       0.52155135118944052     
   689.59999999999502        1.1496957035596214     
   690.39999999999498        1.4312001221415487     
   691.19999999999493        1.2096997751398284     
   691.99999999999488       0.63183677517062131     
   692.79999999999484       -8.0016425171881123E-002
   693.59999999999479      -0.78964636475646000     
   694.39999999999475       -1.3155633167012644     
   695.19999999999470       -1.4023044241654321     
   695.99999999999466       -1.0128003483648931     
   696.79999999999461      -0.36126884661004377     
   697.59999999999457       0.36398522919687670     
   698.39999999999452        1.0313675850716546     
   699.19999999999447        1.4117532017610421     
   699.99999999999443        1.2976322711018398     
   700.79999999999438       0.77681420186261607     
   701.59999999999434        8.0436425695659786E-002
   702.39999999999429      -0.64070722888378107     
   703.19999999999425       -1.2296336276870261     
   703.99999999999420       -1.4284599163903424     
   704.79999999999416       -1.1296485348841425     
   705.59999999999411      -0.51561485225450865     
   706.39999999999407       0.20417809684619848     
   707.19999999999402       0.89922659120612314     
   707.99999999999397        1.3668409757605575     
   708.79999999999393        1.3653743571197479     
   709.59999999999388       0.91383802947517967     
   710.39999999999384       0.23968544061712538     
   711.19999999999379      -0.48606525143355928     
   711.99999999999375       -1.1242164095405434     
   712.79999999999370       -1.4290597613039671     
   713.59999999999366       -1.2312902728612594     
   714.39999999999361      -0.66533351306935895     
   715.19999999999357        4.3543596765042381E-002
   715.99999999999352       0.75646560203376711     
   716.79999999999347        1.2979201761455919     
   717.59999999999343        1.4104299649951051     
   718.39999999999338        1.0405119474944242     
   719.19999999999334       0.39663460719214982     
   719.99999999999329      -0.32784988187987973     
   720.79999999999325       -1.0024663033168630     
   721.59999999999320       -1.4037554109335493     
   722.39999999999316       -1.3148771731196276     
   723.19999999999311      -0.80869710639796921     
   723.99999999999307      -0.11673032181701459     
   724.79999999999302       0.60601928197999433     
   725.59999999999297        1.2073039740673086     
   726.39999999999293        1.4308669244050995     
   727.19999999999288        1.1541579886721152     
   727.99999999999284       0.55006340476836946     
   728.79999999999279      -0.16774108809580301     
   729.59999999999275      -0.86764057005690876     
   730.39999999999270       -1.3532312739321080     
   731.19999999999266       -1.3776728756123744     
   731.99999999999261      -0.94359379912676311     
   732.79999999999256      -0.27555584720172410     
   733.59999999999252       0.45039689285276974     
   734.39999999999247        1.0978950988008636     
   735.19999999999243        1.4255802972964398     
   735.99999999999238        1.2519500013597096     
   736.79999999999234       0.69850438861530717     
   737.59999999999229       -7.0897582074095356E-003
   738.39999999999225      -0.72289061002904320     
   739.19999999999220       -1.2791566619545356     
   739.99999999999216       -1.4172834804209435     
   740.79999999999211       -1.0675528192799209     
   741.59999999999206      -0.43181998146596445     
   742.39999999999202       0.29161830716195369     
   743.19999999999197       0.97289166703781271     
   743.99999999999193        1.3944539634001702     
   744.79999999999188        1.3310493549918674     
   745.59999999999184       0.84014522534434266     
   746.39999999999179       0.15294968207291726     
   747.19999999999175      -0.57106668482977652     
   747.99999999999170       -1.1840047748229401     
   748.79999999999166       -1.4319443121861812     
   749.59999999999161       -1.1778505545440536     
   750.39999999999156      -0.58425637025771482     
   751.19999999999152       0.13127691555765075     
   751.99999999999147       0.83554440142096165     
   752.79999999999143        1.3384046844565760     
   753.59999999999138        1.3887740823120129     
   754.39999999999134       0.97278699610763131     
   755.19999999999129       0.31129489538385002     
   755.99999999999125      -0.41456766733972128     
   756.79999999999120       -1.0707700126698909     
   757.59999999999116       -1.4207650510449206     
   758.39999999999111       -1.2716459170766172     
   759.19999999999106      -0.73132648098313247     
   759.99999999999102       -2.9332253135251563E-002
   760.79999999999097       0.68895300784154490     
   761.59999999999093        1.2593049207872320     
   762.39999999999088        1.4228477120516321     
   763.19999999999084        1.0938901994341776     
   763.99999999999079       0.46680923594892165     
   764.79999999999075      -0.25530741133852131     
   765.59999999999070      -0.94268156790330382     
   766.39999999999065       -1.3838642719652823     
   767.19999999999061       -1.3461184835290463     
   767.99999999999056      -0.87113105558396964     
   768.79999999999052      -0.18908195877115019     
   769.59999999999047       0.53587522863348958     
   770.39999999999043        1.1597728545604622     
   771.19999999999038        1.4316859969627942     
   771.99999999999034        1.2006926991065761     
   772.79999999999029       0.61817431681859336     
   773.59999999999025       -9.4799623077449491E-002
   774.39999999999020      -0.80297330914810539     
   775.19999999999015       -1.3223872205963689     
   775.99999999999011       -1.3986536935240887     
   776.79999999999006       -1.0013865247527636     
   777.59999999999002      -0.34688881636029323     
   778.39999999998997       0.37859780775263818     
   779.19999999998993        1.0428795144979244     
   779.99999999998988        1.4146201342474236     
   780.79999999998984        1.2903453499841528     
   781.59999999998979       0.76377580164970826     
   782.39999999998975        6.5709793888296564E-002
   783.19999999998970      -0.65468315980654779     
   783.99999999998965       -1.2383984809955897     
   784.79999999998961       -1.4271077762773876     
   785.59999999998956       -1.1194910182335853     
   786.39999999998952      -0.50158590326657959     
   787.19999999998947       0.21893331305489927     
   787.99999999998943       0.91187349984581212     
   788.79999999998938        1.3720043489522591     
   789.59999999998934        1.3600552803972992     
   790.39999999998929       0.90162615501678367     
   791.19999999998925       0.22511446136975566     
   791.99999999998920      -0.50046935989328656     
   792.79999999998915       -1.1346456282500448     
   793.59999999998911       -1.4300886219901849     
   794.39999999998906       -1.2226509234684033     
   795.19999999998902      -0.65179682746405465     
   795.99999999998897        5.8322812804644242E-002
   796.79999999998893       0.76996158478700560     
   797.59999999998888        1.3052069165448872     
   798.39999999998884        1.4072892962582104     
   799.19999999998879        1.0293606951281853     
