   0.0000000000000000      -0.85582689062373030     
  0.80000000000000004      -0.36044019685544992     
   1.6000000000000001       0.79423975291677273     
   2.4000000000000004        1.7846357149268353     
   3.2000000000000002        1.6915139399527084     
   4.0000000000000000       0.65279065653318447     
   4.7999999999999998      -0.53564216312308943     
   5.5999999999999996       -1.2495931820006152     
   6.3999999999999995       -1.1363958084544019     
   7.1999999999999993      -0.44393774839378386     
   7.9999999999999991       0.23630792088555930     
   8.7999999999999989       0.43247340545152857     
   9.5999999999999996       -1.2088742967749810E-002
   10.400000000000000      -0.87840542448441705     
   11.200000000000001       -1.6184656006536779     
   12.000000000000002       -1.6208357176126436     
   12.800000000000002      -0.96632096212517227     
   13.600000000000003      -0.25216137730153843     
   14.400000000000004        8.6849055618910653E-002
   15.200000000000005       -5.9175258278837600E-002
   16.000000000000004      -0.50889068223084410     
   16.800000000000004      -0.89773430940241550     
   17.600000000000005      -0.88397317352248772     
   18.400000000000006      -0.40522775853122306     
   19.200000000000006       0.32159137951056282     
   20.000000000000007       0.97639962470834107     
   20.800000000000008        1.2342427791086481     
   21.600000000000009        1.0101154278338980     
   22.400000000000009       0.58459786261332614     
   23.200000000000010       0.31910188563683917     
   24.000000000000011       0.40372923934825211     
   24.800000000000011       0.78375840894461546     
   25.600000000000012        1.1854282743769176     
   26.400000000000013        1.2759490896458070     
   27.200000000000014       0.96751558097795565     
   28.000000000000014       0.47640200851736053     
   28.800000000000015        6.4784271434430385E-002
   29.600000000000016      -0.12782825567917758     
   30.400000000000016      -0.11056375923824570     
   31.200000000000017       -1.0125808181288637E-002
   32.000000000000014        8.7202076152324733E-003
   32.800000000000011      -0.16222682534927249     
   33.600000000000009      -0.51416711285175765     
   34.400000000000006      -0.91329159233223978     
   35.200000000000003       -1.1537109761939714     
   36.000000000000000       -1.1112387800150232     
   36.799999999999997      -0.87339196133433072     
   37.599999999999994      -0.64633116514104327     
   38.399999999999991      -0.57729760602700908     
   39.199999999999989      -0.67202801005168966     
   39.999999999999986      -0.81034698264932858     
   40.799999999999983      -0.83194535682600990     
   41.599999999999980      -0.65221627435148932     
   42.399999999999977      -0.31129973038395187     
   43.199999999999974        8.0421049154313362E-002
   43.999999999999972       0.41173992486047956     
   44.799999999999969       0.60769244797134836     
   45.599999999999966       0.65966166894150213     
   46.399999999999963       0.63435441544591276     
   47.199999999999960       0.63063030646051177     
   47.999999999999957       0.71193802562351760     
   48.799999999999955       0.86335191951973100     
   49.599999999999952       0.99902415579863768     
   50.399999999999949        1.0245422677078959     
   51.199999999999946       0.91502875650364357     
   51.999999999999943       0.72951831566489522     
   52.799999999999940       0.55096665382438659     
   53.599999999999937       0.42453874011653486     
   54.399999999999935       0.33905957108224055     
   55.199999999999932       0.24586577721127451     
   55.999999999999929        9.4453562076613568E-002
   56.799999999999926      -0.13584513607608761     
   57.599999999999923      -0.42100658176457439     
   58.399999999999920      -0.69525228261800798     
   59.199999999999918      -0.87657939637098625     
   59.999999999999915      -0.92041284900814957     
   60.799999999999912      -0.86153884284381876     
   61.599999999999909      -0.78865699222784880     
   62.399999999999906      -0.77400774481689327     
   63.199999999999903      -0.82343666767465629     
   63.999999999999901      -0.87748820806586825     
   64.799999999999898      -0.85825021318081329     
   65.599999999999895      -0.72820573346087614     
   66.399999999999892      -0.51080282773683905     
   67.199999999999889      -0.26122094755304875     
   67.999999999999886       -2.7123712375723280E-002
   68.799999999999883       0.16962685051611032     
   69.599999999999881       0.33153219937201939     
   70.399999999999878       0.47419489298737477     
   71.199999999999875       0.61143255029810373     
   71.999999999999872       0.74293038222653951     
   72.799999999999869       0.85179997934943363     
   73.599999999999866       0.91571632160655214     
   74.399999999999864       0.92479293258951711     
   75.199999999999861       0.89020810228641156     
   75.999999999999858       0.83463771419706190     
   76.799999999999855       0.77391456473438569     
   77.599999999999852       0.70617940358416154     
   78.399999999999849       0.61540067549830790     
   79.199999999999847       0.48398633855335471     
   79.999999999999844       0.30418541612731032     
   80.799999999999841        8.2080079687926438E-002
   81.599999999999838      -0.16396112319007428     
   82.399999999999835      -0.40570729644106562     
   83.199999999999832      -0.60915816351860319     
   83.999999999999829      -0.74609017547422973     
   84.799999999999827      -0.81124664197952845     
   85.599999999999824      -0.82886673685684942     
   86.399999999999821      -0.83643563718375979     
   87.199999999999818      -0.85700599759643148     
   87.999999999999815      -0.88290977670991611     
   88.799999999999812      -0.88319671871074346     
   89.599999999999810      -0.82842977066023349     
   90.399999999999807      -0.71196813777909362     
   91.199999999999804      -0.55042460139031013     
   91.999999999999801      -0.36744944396465917     
   92.799999999999798      -0.17839036429633062     
   93.599999999999795        1.3556059238231416E-002
   94.399999999999793       0.21093233792000640     
   95.199999999999790       0.41164769813107571     
   95.999999999999787       0.60135229992279970     
   96.799999999999784       0.75486607056188437     
   97.599999999999781       0.84957613815564159     
   98.399999999999778       0.88286589712059516     
   99.199999999999775       0.87630874197069142     
   99.999999999999773       0.85953963669625677     
   100.79999999999977       0.84766878439871107     
   101.59999999999977       0.83129474682856042     
   102.39999999999976       0.78560980746792830     
   103.19999999999976       0.68964756466391453     
   103.99999999999976       0.53964629617460580     
   104.79999999999976       0.34782455911251808     
   105.59999999999975       0.13234982615328700     
   106.39999999999975       -9.0364121805050185E-002
   107.19999999999975      -0.30639151685067761     
   107.99999999999974      -0.50134983714004566     
   108.79999999999974      -0.65984241451478398     
   109.59999999999974      -0.77061952267618405     
   110.39999999999974      -0.83401418667502003     
   111.19999999999973      -0.86323179391999327     
   111.99999999999973      -0.87549464502864716     
   112.79999999999973      -0.87942849643403376     
   113.59999999999972      -0.86922982999684306     
   114.39999999999972      -0.83011574459958304     
   115.19999999999972      -0.74989015609888121     
   115.99999999999972      -0.62674764727004539     
   116.79999999999971      -0.46806249669575134     
   117.59999999999971      -0.28378563352974517     
   118.39999999999971       -8.1640631051954404E-002
   119.19999999999970       0.13215734179800875     
   119.99999999999970       0.34798951956038893     
   120.79999999999970       0.54829558128634903     
   121.59999999999970       0.70931385353515608     
   122.39999999999969       0.81223251282532938     
   123.19999999999969       0.85711972475437981     
   123.99999999999969       0.86509055960659442     
   124.79999999999968       0.86312908337257210     
   125.59999999999968       0.86386823066146279     
   126.39999999999968       0.85721535227330237     
   127.19999999999968       0.81964366592894566     
   127.99999999999967       0.73250985491996667     
   128.79999999999967       0.59398466059549460     
   129.59999999999968       0.41661802838354517     
   130.39999999999969       0.21670487466956256     
   131.19999999999970        6.5463993260901354E-003
   131.99999999999972      -0.20557107428916818     
   132.79999999999973      -0.41027809718510239     
   133.59999999999974      -0.59275945399096941     
   134.39999999999975      -0.73472410790639819     
   135.19999999999976      -0.82391551250381889     
   135.99999999999977      -0.86391521317694675     
   136.79999999999978      -0.87319418616900191     
   137.59999999999980      -0.87168343295555739     
   138.39999999999981      -0.86596633170100323     
   139.19999999999982      -0.84537703082426696     
   139.99999999999983      -0.79133825365189647     
   140.79999999999984      -0.69134605268028926     
   141.59999999999985      -0.54610950628616717     
   142.39999999999986      -0.36612838877476273     
   143.19999999999987      -0.16390514065376921     
   143.99999999999989        5.0304238097902604E-002
   144.79999999999990       0.26676278926108665     
   145.59999999999991       0.47171154155359596     
   146.39999999999992       0.64581425721162888     
   147.19999999999993       0.77030309247826945     
   147.99999999999994       0.83875935426445780     
   148.79999999999995       0.86361747920716836     
   149.59999999999997       0.86820630103411789     
   150.39999999999998       0.86938533722290912     
   151.19999999999999       0.86544432852221964     
   152.00000000000000       0.83878779430087036     
   152.80000000000001       0.77023961242509942     
   153.60000000000002       0.65253930957613571     
   154.40000000000003       0.49268138158813807     
   155.20000000000005       0.30432449319053789     
   156.00000000000006        9.9561993126445369E-002
   156.80000000000007      -0.11318082183265502     
   157.60000000000008      -0.32527411365576780     
   158.40000000000009      -0.52272407057992931     
   159.20000000000010      -0.68574889189766841     
   160.00000000000011      -0.79678176068436213     
   160.80000000000013      -0.85266722036229714     
   161.60000000000014      -0.86896625177861242     
   162.40000000000015      -0.86924542035976993     
   163.20000000000016      -0.86741445046415189     
   164.00000000000017      -0.85805055848229195     
   164.80000000000018      -0.82197084922866936     
   165.60000000000019      -0.74144136926985005     
   166.40000000000020      -0.61201601530973115     
   167.20000000000022      -0.44257506198321866     
   168.00000000000023      -0.24704446923956286     
   168.80000000000024       -3.7240942793780180E-002
   169.60000000000025       0.17781979778170290     
   170.40000000000026       0.38759937571697178     
   171.20000000000027       0.57600644707251558     
   172.00000000000028       0.72343183836416647     
   172.80000000000030       0.81655161348666527     
   173.60000000000031       0.85874367755044112     
   174.40000000000032       0.86941630999709829     
   175.20000000000033       0.86997124890215149     
   176.00000000000034       0.86790386786856044     
   176.80000000000035       0.85223064713366703     
   177.60000000000036       0.80314640666289228     
   178.40000000000038       0.70707057837488141     
   179.20000000000039       0.56461317563489410     
   180.00000000000040       0.38699707911242187     
   180.80000000000041       0.18740650326532643     
   181.60000000000042       -2.4053182439023491E-002
   182.40000000000043      -0.23886509789995725     
   183.20000000000044      -0.44508634700344690     
   184.00000000000045      -0.62456541827425105     
   184.80000000000047      -0.75760239799034113     
   185.60000000000048      -0.83450666577073729     
   186.40000000000049      -0.86422121641386007     
   187.20000000000050      -0.86920577058988480     
   188.00000000000051      -0.86878353495841287     
   188.80000000000052      -0.86501161684925643     
   189.60000000000053      -0.84245540636253335     
   190.40000000000055      -0.78105341803983219     
   191.20000000000056      -0.67070900544411338     
   192.00000000000057      -0.51601145509355084     
   192.80000000000058      -0.33002800454615844     
   193.60000000000059      -0.12567078840024498     
   194.40000000000060        8.7629183828426715E-002
   195.20000000000061       0.30095998176964939     
   196.00000000000063       0.50087590059746012     
   196.80000000000064       0.66825834596103117     
   197.60000000000065       0.78525055508858088     
   198.40000000000066       0.84710986182530890     
   199.20000000000067       0.86758806420682000     
   200.00000000000068       0.86976308283058190     
   200.80000000000069       0.86878480120269763     
   201.60000000000070       0.86114780914865785     
   202.40000000000072       0.82876302017963788     
   203.20000000000073       0.75347567009258420     
   204.00000000000074       0.62950205942837312     
   204.80000000000075       0.46459195518486662     
   205.60000000000076       0.27227107468469192     
   206.40000000000077        6.4363852474211725E-002
   207.20000000000078      -0.15028669762107144     
   208.00000000000080      -0.36173124416422503     
   208.80000000000081      -0.55446472299555460     
   209.60000000000082      -0.70853350671576609     
   210.40000000000083      -0.80877411718707448     
   211.20000000000084      -0.85610654343200610     
   212.00000000000085      -0.86878601459668681     
   212.80000000000086      -0.86939343672046487     
   213.60000000000088      -0.86798571375241973     
   214.40000000000089      -0.85550094132223564     
   215.20000000000090      -0.81203115533622972     
   216.00000000000091      -0.72221328571229715     
   216.80000000000092      -0.58480641822210278     
   217.60000000000093      -0.41036618122905832     
   218.40000000000094      -0.21251354731692274     
   219.20000000000095       -1.9700270632167505E-003
   220.00000000000097       0.21276461791933221     
   220.80000000000098       0.42054551323247213     
   221.60000000000099       0.60413717494879859     
   222.40000000000100       0.74369367161860334     
   223.20000000000101       0.82768038898472740     
   224.00000000000102       0.86251948017565438     
   224.80000000000103       0.86951325629731313     
   225.60000000000105       0.86917952345811200     
   226.40000000000106       0.86611393103278200     
   227.20000000000107       0.84675389611672747     
   228.00000000000108       0.79092236458663501     
   228.80000000000109       0.68681027614078438     
   229.60000000000110       0.53723988716929494     
   230.40000000000111       0.35457044860015713     
   231.20000000000113       0.15195045196221404     
   232.00000000000114       -6.0819837386214437E-002
   232.80000000000115      -0.27496730071406916     
   233.60000000000116      -0.47767965516367628     
   234.40000000000117      -0.65023164676166412     
   235.20000000000118      -0.77395812776250539     
   236.00000000000119      -0.84203948926207806     
   236.80000000000121      -0.86628796294506594     
   237.60000000000122      -0.86962646644319896     
   238.40000000000123      -0.86899212751390964     
   239.20000000000124      -0.86315008711754393     
   240.00000000000125      -0.83501693031776658     
   240.80000000000126      -0.76557889655820566     
   241.60000000000127      -0.64727904718673968     
   242.40000000000128      -0.48662065068204485     
   243.20000000000130      -0.29697210003538721     
   244.00000000000131       -9.0572107449522488E-002
   244.80000000000132       0.12357609050946011     
   245.60000000000133       0.33602682092177638     
   246.40000000000134       0.53212024458313512     
   247.20000000000135       0.69210744317350148     
   248.00000000000136       0.79949201930830716     
   248.80000000000138       0.85274108347942623     
   249.60000000000139       0.86837606766386355     
   250.40000000000140       0.86945390615492746     
   251.20000000000141       0.86832511680837321     
   252.00000000000142       0.85819042053529648     
   252.80000000000143       0.81968219451569257     
   253.60000000000144       0.73607968405954405     
   254.40000000000146       0.60422181418309506     
   255.20000000000147       0.43360631229395080     
   256.00000000000148       0.23793247388203306     
   256.80000000000149        2.8415998876444415E-002
   257.60000000000150      -0.18635066526988098     
   258.40000000000151      -0.39579919499430954     
   259.20000000000152      -0.58344016071021376     
   260.00000000000153      -0.72929811192262972     
   260.80000000000155      -0.82018037507481656     
   261.60000000000156      -0.86015381913088895     
   262.40000000000157      -0.86935006378893742     
   263.20000000000158      -0.86932140203666752     
   264.00000000000159      -0.86704190585507390     
   264.80000000000160      -0.85078093278568323     
   265.60000000000161      -0.80033394923024481     
   266.40000000000163      -0.70230028571690206     
   267.20000000000164      -0.55780255287103808     
   268.00000000000165      -0.37850764512226492     
   268.80000000000166      -0.17780496498973181     
   269.60000000000167        3.4130519826469030E-002
   270.40000000000168       0.24868387133914474     
   271.20000000000169       0.45376361326770792     
   272.00000000000171       0.63121193323400726     
   272.80000000000172       0.76173296403497648     
   273.60000000000173       0.83642650751141290     
   274.40000000000174       0.86490112638744343     
   275.20000000000175       0.86959104794246356     
   276.00000000000176       0.86909687022776905     
   276.80000000000177       0.86463232056403583     
   277.60000000000178       0.84044418405799848     
   278.40000000000180       0.77686440481419172     
   279.20000000000181       0.66450120311963734     
   280.00000000000182       0.50838793421260653     
   280.80000000000183       0.32156771544980256     
   281.60000000000184       0.11669384818551243     
   282.40000000000185       -9.6938898656287270E-002
   283.20000000000186      -0.31023861756452487     
   284.00000000000188      -0.50934955799009785     
   284.80000000000189      -0.67487810096720202     
   285.60000000000190      -0.78926281859859193     
   286.40000000000191      -0.84865498727941358     
   287.20000000000192      -0.86767960531762733     
   288.00000000000193      -0.86953726227068906     
   288.80000000000194      -0.86865196967872760     
   289.60000000000196      -0.86054276565715326     
   290.40000000000197      -0.82664554255748834     
   291.20000000000198      -0.74912200098823123     
   292.00000000000199      -0.62293111064050721     
   292.80000000000200      -0.45638807237105633     
   293.60000000000201      -0.26313682582063563     
   294.40000000000202       -5.4843760725676233E-002
   295.20000000000203       0.15976653433545779     
   296.00000000000205       0.37065006844542514     
   296.80000000000206       0.56208409694590755     
   297.60000000000207       0.71409127389939564     
   298.40000000000208       0.81195564931825481     
   299.20000000000209       0.85735872465880536     
   300.00000000000210       0.86904657180688261     
   300.80000000000211       0.86939011776765074     
   301.60000000000213       0.86770687007669667     
   302.40000000000214       0.85426097052268735     
   303.20000000000215       0.80903547464006109     
   304.00000000000216       0.71712528612548088     
   304.80000000000217       0.57787143061824497     
   305.60000000000218       0.40211839516829700     
   306.40000000000219       0.20344603276159259     
   307.20000000000221       -7.5442818821939983E-003
   308.00000000000222      -0.22230458003530515     
   308.80000000000223      -0.42942779587859492     
   309.60000000000224      -0.61142257713996506     
   310.40000000000225      -0.74857747586252099     
   311.20000000000226      -0.83006000751889142     
   312.00000000000227      -0.86316721362570226     
   312.80000000000229      -0.86953955791935122     
   313.60000000000230      -0.86919961349266606     
   314.40000000000231      -0.86582319147826015     
   315.20000000000232      -0.84522681207391803     
   316.00000000000233      -0.78734451388698035     
   316.80000000000234      -0.68101923582404023     
   317.60000000000235      -0.52969079360987148     
   318.40000000000236      -0.34591969326662331     
   319.20000000000238      -0.14271565755669552     
   320.00000000000239        7.0282184818507676E-002
   320.80000000000240       0.28424345944521096     
   321.60000000000241       0.48608505690014991     
   322.40000000000242       0.65687334055585966     
   323.20000000000243       0.77817789998195730     
   324.00000000000244       0.84392897162396996     
   324.80000000000246       0.86670891939920514     
   325.60000000000247       0.86958470189186388     
   326.40000000000248       0.86888446575760392     
   327.20000000000249       0.86251302331770507     
   328.00000000000250       0.83294215532701599     
   328.80000000000251       0.76141093875390831     
   329.60000000000252       0.64100993023304720     
   330.40000000000254       0.47874617143596743     
   331.20000000000255       0.28809563979556052     
   332.00000000000256        8.1162496128969919E-002
   332.80000000000257      -0.13312985931355140     
   333.60000000000258      -0.34519467992606689     
   334.40000000000259      -0.54010009039150697     
   335.20000000000260      -0.69802262134266480     
   336.00000000000261      -0.80290657946220856     
   336.80000000000263      -0.85405487915898304     
   337.60000000000264      -0.86859947504555080     
   338.40000000000265      -0.86945607381418133     
   339.20000000000266      -0.86819625313962634     
   340.00000000000267      -0.85723297241596796     
   340.80000000000268      -0.81699350229137269     
   341.60000000000269      -0.73121152394806266     
   342.40000000000271      -0.59738802095958410     
   343.20000000000272      -0.42539328001847476     
   344.00000000000273      -0.22890620795726013     
   344.80000000000274       -1.8976739708577717E-002
   345.60000000000275       0.19582648472455727     
   346.40000000000276       0.40472041793999608     
   347.20000000000277       0.59093798978571344     
   348.00000000000279       0.73453860425147433     
   348.80000000000280       0.82292212540084497     
   349.60000000000281       0.86101829787840578     
   350.40000000000282       0.86940752681014866     
   351.20000000000283       0.86928647138745896     
   352.00000000000284       0.86676509465985074     
   352.80000000000285       0.84942777824037219     
   353.60000000000286       0.79705813951170446     
   354.40000000000288       0.69682812947476058     
   355.20000000000289       0.55049009952267314     
   356.00000000000290       0.36997676186037443     
   356.80000000000291       0.16859145850297233     
   357.60000000000292       -4.3640270748389165E-002
   358.40000000000293      -0.25806550109556359     
   359.20000000000294      -0.46234230426322220     
   360.00000000000296      -0.63809485392774157     
   360.80000000000297      -0.76621891830245636     
   361.60000000000298      -0.83853246288180427     
   362.40000000000299      -0.86544264137008842     
   363.20000000000300      -0.86959988190176774     
   364.00000000000301      -0.86904713203470840     
   364.80000000000302      -0.86412640100012506     
   365.60000000000304      -0.83857909499787064     
   366.40000000000305      -0.77293424981008618     
   367.20000000000306      -0.65844151266850381     
   368.00000000000307      -0.50067236824270933     
   368.80000000000308      -0.31280754510108882     
   369.60000000000309      -0.10736396038298440     
   370.40000000000310       0.10646983770448654     
   371.20000000000312       0.31948473318082349     
   372.00000000000313       0.51754287997074266     
   372.80000000000314       0.68111578347599344     
   373.60000000000315       0.79300495590310160     
   374.40000000000316       0.85018083630116370     
   375.20000000000317       0.86796049826740507     
   376.00000000000318       0.86951914846196598     
   376.80000000000319       0.86855454491109274     
   377.60000000000321       0.85974949811886014     
   378.40000000000322       0.82423051736482766     
   379.20000000000323       0.74454157538120669     
   380.00000000000324       0.61631417418584555     
   380.80000000000325       0.44829824257615325     
   381.60000000000326       0.25416621902630959     
   382.40000000000327        4.5421767217976527E-002
   383.20000000000329      -0.16926604693790465     
   384.00000000000330      -0.37967167280316133     
   384.80000000000331      -0.56979200564127996     
   385.60000000000332      -0.71962913181993959     
   386.40000000000333      -0.81499002674856569     
   387.20000000000334      -0.85841129664317950     
   388.00000000000335      -0.86916476092511497     
   388.80000000000337      -0.86936187362531070     
   389.60000000000338      -0.86749086787862817     
   390.40000000000339      -0.85308145089384624     
   391.20000000000340      -0.80601758381439303     
   392.00000000000341      -0.71191583890750254     
   392.80000000000342      -0.57076314634579961     
   393.60000000000343      -0.39371757684782482     
   394.40000000000344      -0.19430217874208836     
   395.20000000000346        1.7037209774995038E-002
   396.00000000000347       0.23174006615377971     
   396.80000000000348       0.43816292899124876     
   397.60000000000349       0.61857016271324838     
   398.40000000000350       0.75337711199075019     
   399.20000000000351       0.83242229607785090     
   400.00000000000352       0.86383461971990827     
   400.80000000000354       0.86956819911840433     
   401.60000000000355       0.86916564904365734     
   402.40000000000356       0.86542650660892761     
   403.20000000000357       0.84358436847611107     
   404.00000000000358       0.78368775089871345     
   404.80000000000359       0.67519966529467768     
   405.60000000000360       0.52213937760428153     
   406.40000000000362       0.33725543760251592     
   407.20000000000363       0.13343687191766448     
   408.00000000000364       -7.9804751548360059E-002
   408.80000000000365      -0.29355427825787062     
   409.60000000000366      -0.49445485823001301     
   410.40000000000367      -0.66339636211856845     
   411.20000000000368      -0.78223700259790929     
   412.00000000000369      -0.84569033241086111     
   412.80000000000371      -0.86708584279952938     
   413.60000000000372      -0.86957057493568712     
   414.40000000000373      -0.86881187782124514     
   415.20000000000374      -0.86185387961482973     
   416.00000000000375      -0.83077073562401316     
   416.80000000000376      -0.75710820177124405     
   417.60000000000377      -0.63462334387474439     
   418.40000000000379      -0.47080613292634377     
   419.20000000000380      -0.27920654126734734     
   420.00000000000381       -7.1773941794665563E-002
   420.80000000000382       0.14264785107464042     
   421.60000000000383       0.35431799579991419     
   422.40000000000384       0.54802087883179618     
   423.20000000000385       0.70386060789655303     
   424.00000000000387       0.80623712889109023     
   424.80000000000388       0.85529895165773240     
   425.60000000000389       0.86877917778053815     
   426.40000000000390       0.86943194502941989     
   427.20000000000391       0.86803729480604341     
   428.00000000000392       0.85622533237179588     
   428.80000000000393       0.81423480288301942     
   429.60000000000394       0.72626655531695838     
   430.40000000000396       0.59048319605950206     
   431.20000000000397       0.41712013428802469     
   432.00000000000398       0.21983274301963418     
   432.80000000000399        9.5097876014689220E-003
   433.60000000000400      -0.20529669151503305     
   434.40000000000401      -0.41358802440215819     
   435.20000000000402      -0.59833322007358469     
   436.00000000000404      -0.73965354806655381     
   436.80000000000405      -0.82556116700773363     
   437.60000000000406      -0.86183600950608275     
   438.40000000000407      -0.86946622742639312     
   439.20000000000408      -0.86925773666649109     
   440.00000000000409      -0.86645567908941301     
   440.80000000000410      -0.84799164427570917     
   441.60000000000412      -0.79367480291372572     
   442.40000000000413      -0.69126222264887716     
   443.20000000000414      -0.54311888665360386     
   444.00000000000415      -0.36141829112038643     
   444.80000000000416      -0.15936645783985390     
   445.60000000000417        5.3153646792098191E-002
   446.40000000000418       0.26743544232531336     
   447.20000000000420       0.47087637668630900     
   448.00000000000421       0.64489079037586783     
   448.80000000000422       0.77059256480216376     
   449.60000000000423       0.84054017819035332     
   450.40000000000424       0.86593150238213779     
   451.20000000000425       0.86959846930093598     
   452.00000000000426       0.86899499833259630     
   452.80000000000427       0.86358834122995976     
   453.60000000000429       0.83663984586194617     
   454.40000000000430       0.76890644043538636     
   455.20000000000431       0.65229058098400172     
   456.00000000000432       0.49289078257356150     
   456.80000000000433       0.30400871836478782     
   457.60000000000434        9.8017812995303849E-002
   458.40000000000435      -0.11599524627168392     
   459.20000000000437      -0.32869600274506766     
   460.00000000000438      -0.52566380611654862     
   460.80000000000439      -0.68724979990693225     
   461.60000000000440      -0.79664087651955540     
   462.40000000000441      -0.85163335444478006     
   463.20000000000442      -0.86821378250926828     
   464.00000000000443      -0.86949758052787285     
   464.80000000000445      -0.86843958898784257     
   465.60000000000446      -0.85889987011930802     
   466.40000000000447      -0.82172633503102821     
   467.20000000000448      -0.73986694936833941     
   468.00000000000449      -0.60962279111634232     
   468.80000000000450      -0.44016030631699476     
   469.60000000000451      -0.24516698835052148     
   470.40000000000452       -3.5984673218272589E-002
   471.20000000000454       0.17876220555577951     
   472.00000000000455       0.38865691236466060     
   472.80000000000456       0.57741984753589182     
   473.60000000000457       0.72505460617383921     
   474.40000000000458       0.81791644495719174     
   475.20000000000459       0.85939799012171458     
   476.00000000000460       0.86926601974266504     
   476.80000000000462       0.86933579122531190     
   477.60000000000463       0.86725419263512049     
   478.40000000000464       0.85183690698371206     
   479.20000000000465       0.80290296250879878     
   480.00000000000466       0.70660982855328369     
   480.80000000000467       0.56358297419163461     
   481.60000000000468       0.38527420933315426     
   482.40000000000470       0.18513741405381268     
   483.20000000000471       -2.6534974996901051E-002
   484.00000000000472      -0.24115920401757990     
   484.80000000000473      -0.44684794816150791     
   485.60000000000474      -0.62562853281467556     
   486.40000000000475      -0.75806605321018139     
   487.20000000000476      -0.83468949209003374     
   488.00000000000477      -0.86445140221360361     
   488.80000000000479      -0.86958624873666412     
   489.60000000000480      -0.86912708278334705     
   490.40000000000481      -0.86499526999744092     
   491.20000000000482      -0.84186677993856585     
   492.00000000000483      -0.77993458412409200     
   492.80000000000484      -0.66929198930819567     
   493.60000000000485      -0.51452527440332063     
   494.40000000000487      -0.32855353461139403     
   495.20000000000488      -0.12413848238588060     
   496.00000000000489        8.9329748149848259E-002
   496.80000000000490       0.30284072630935033     
   497.60000000000491       0.50276100046406313     
   498.40000000000492       0.66981792547939301     
   499.20000000000493       0.78618378105009434     
   500.00000000000495       0.84736797988956036     
   500.80000000000496       0.86742808468477828     
   501.60000000000497       0.86955422990083175     
   502.40000000000498       0.86872982650403030     
   503.20000000000499       0.86114681039984109     
   504.00000000000500       0.82851280187326137     
   504.80000000000501       0.75270701570457355     
   505.60000000000502       0.62815516139406691     
   506.40000000000504       0.46281286509806585     
   507.20000000000505       0.27028779098359623     
   508.00000000000506        6.2371843999732723E-002
   508.80000000000507      -0.15216176165560696     
   509.60000000000508      -0.36340776011007142     
   510.40000000000509      -0.55586753144805101     
   511.20000000000510      -0.70959129520142472     
   512.00000000000512      -0.80945969916487037     
   512.80000000000507      -0.85647181787767113     
   513.60000000000502      -0.86893553690503589     
   514.40000000000498      -0.86940733077038912     
   515.20000000000493      -0.86786040600700809     
   516.00000000000489      -0.85515827945747125     
   516.80000000000484      -0.81138365351522745     
   517.60000000000480      -0.72122558498896505     
   518.40000000000475      -0.58350382897357078     
   519.20000000000471      -0.40880035239604567     
   520.00000000000466      -0.21073412442121614     
   520.80000000000462       -3.3855069875549093E-005
   521.60000000000457       0.21475486578096237     
   522.40000000000452       0.42240981113857268     
   523.20000000000448       0.60564199998008772     
   524.00000000000443       0.74465693730763749     
   524.80000000000439       0.82810052654481170     
   525.60000000000434       0.86259789547438959     
   526.40000000000430       0.86951240389684181     
   527.20000000000425       0.86922699453109376     
   528.00000000000421       0.86611655560566281     
   528.80000000000416       0.84648366297417532     
   529.60000000000412       0.79019472546807545     
   530.40000000000407       0.68560532942771280     
   531.20000000000402       0.53568211789365094     
   532.00000000000398       0.35282069419669859     
   532.80000000000393       0.15012105585907812     
   533.60000000000389       -6.2671428957400799E-002
   534.40000000000384      -0.27678552267012163     
   535.20000000000380      -0.47935308204553218     
   536.00000000000375      -0.65159000740055928     
   536.80000000000371      -0.77485338810473170     
   537.60000000000366      -0.84245832276602395     
   538.40000000000362      -0.86637882681400114     
   539.20000000000357      -0.86959214107237548     
   540.00000000000352      -0.86893656287640098     
   540.80000000000348      -0.86300854807509908     
   541.60000000000343      -0.83461853016264198     
   542.40000000000339      -0.76478016022517714     
   543.20000000000334      -0.64605454467034862     
   544.00000000000330      -0.48505175148291424     
   544.80000000000325      -0.29517716682142914     
   545.60000000000321       -8.8656096996737321E-002
   546.40000000000316       0.12551890891016909     
   547.20000000000312       0.33787750254983789     
   548.00000000000307       0.53371517119943968     
   548.80000000000302       0.69327912944242021     
   549.60000000000298       0.80016697872278564     
   550.40000000000293       0.85300929954749849     
   551.20000000000289       0.86843888411312531     
   552.00000000000284       0.86947481376313318     
   552.80000000000280       0.86831033301549798     
   553.60000000000275       0.85799572249678779     
   554.40000000000271       0.81913223779191047     
   555.20000000000266       0.73509533091828327     
   556.00000000000261       0.60285390443592102     
   556.80000000000257       0.43197284427593097     
   557.60000000000252       0.23614043812801533     
   558.40000000000248        2.6536322628414155E-002
   559.20000000000243      -0.18824996105245556     
   560.00000000000239      -0.39760152039905217     
   560.80000000000234      -0.58496606232412818     
   561.60000000000230      -0.73036968650191925     
   562.40000000000225      -0.82073920759505470     
   563.20000000000221      -0.86032244091425214     
   564.00000000000216      -0.86935074847754323     
   564.80000000000211      -0.86930894240386025     
   565.60000000000207      -0.86699296623502431     
   566.40000000000202      -0.85052543448296858     
   567.20000000000198      -0.79969288016580131     
   568.00000000000193      -0.70121040511371879     
   568.80000000000189      -0.55633351890228999     
   569.60000000000184      -0.37678881911805456     
   570.40000000000180      -0.17595044792673203     
   571.20000000000175        3.6039115919032361E-002
   572.00000000000171       0.25056204881280564     
   572.80000000000166       0.45548073525343369     
   573.60000000000161       0.63259447947696290     
   574.40000000000157       0.76264230796038379     
   575.20000000000152       0.83686240528610267     
   576.00000000000148       0.86502050686684284     
   576.80000000000143       0.86959646800188573     
   577.60000000000139       0.86908447439049008     
   578.40000000000134       0.86452762537147643     
   579.20000000000130       0.84007133616663532     
   580.00000000000125       0.77608336881681261     
   580.80000000000121       0.66329646166242517     
   581.60000000000116       0.50685019070382875     
   582.40000000000111       0.31981619475340151     
   583.20000000000107       0.11482247962290459     
   584.00000000000102       -9.8855647953956766E-002
   584.80000000000098      -0.31210164986606115     
   585.60000000000093      -0.51100266890388979     
   586.40000000000089      -0.67613787768059797     
   587.20000000000084      -0.79001908921550545     
   588.00000000000080      -0.84896340531108494     
   588.80000000000075      -0.86773671900134219     
   589.60000000000070      -0.86953552852241456     
   590.40000000000066      -0.86863713555782129     
   591.20000000000061      -0.86039057058607604     
   592.00000000000057      -0.82616796804179382     
   592.80000000000052      -0.74820794288794457     
   593.60000000000048      -0.62160620615840534     
   594.40000000000043      -0.45476682068461827     
   595.20000000000039      -0.26133950980080090     
   596.00000000000034       -5.2956594775047106E-002
   596.80000000000030       0.16167029026054863     
   597.60000000000025       0.37246167219370141     
   598.40000000000020       0.56363759664134805     
   599.20000000000016       0.71521360517659816     
   600.00000000000011       0.81257553197850096     
   600.80000000000007       0.85757622566642311     
   601.60000000000002       0.86907073021240755     
   602.39999999999998       0.86938225864950958     
   603.19999999999993       0.86766360661074671     
   603.99999999999989       0.85402945567091926     
   604.79999999999984       0.80843903213366841     
   605.59999999999980       0.71608937629345293     
   606.39999999999975       0.57645161472254158     
   607.19999999999970       0.40043545394539926     
   607.99999999999966       0.20161122464903414     
   608.79999999999961       -9.4505438533594721E-003
   609.59999999999957      -0.22420021921728406     
   610.39999999999952      -0.43118437387557018     
   611.19999999999948      -0.61286279205954874     
   611.99999999999943      -0.74954822707711743     
   612.79999999999939      -0.83054128730220689     
   613.59999999999934      -0.86330593325481841     
   614.39999999999930      -0.86954740820094656     
   615.19999999999925      -0.86919400121484736     
   615.99999999999920      -0.86574619986971457     
   616.79999999999916      -0.84490227303020216     
   617.59999999999911      -0.78661737708314439     
   618.39999999999907      -0.67985803197651906     
   619.19999999999902      -0.52818084550556499     
   619.99999999999898      -0.34418494090016005     
   620.79999999999893      -0.14085610442120539     
   621.59999999999889        7.2192541306123126E-002
   622.39999999999884       0.28611414310799044     
   623.19999999999879       0.48777051795664184     
   623.99999999999875       0.65819123530195522     
   624.79999999999870       0.77900177629633138     
   625.59999999999866       0.84428886614673093     
   626.39999999999861       0.86678673070397383     
   627.19999999999857       0.86958157544456893     
   627.99999999999852       0.86887065894298632     
   628.79999999999848       0.86238502715515664     
   629.59999999999843       0.83251385980438264     
   630.39999999999839       0.76055559058178845     
   631.19999999999834       0.63973459428906265     
   631.99999999999829       0.47715652215502818     
   632.79999999999825       0.28631367956576154     
   633.59999999999820        7.9279338952271738E-002
   634.39999999999816      -0.13503998244891038     
   635.19999999999811      -0.34702767878065310     
   635.99999999999807      -0.54169505167391496     
   636.79999999999802      -0.69920262056482418     
   637.59999999999798      -0.80358390247172684     
   638.39999999999793      -0.85431077943117040     
   639.19999999999789      -0.86863778591140017     
   639.99999999999784      -0.86945123215356246     
   640.79999999999779      -0.86816539758835809     
   641.59999999999775      -0.85703508769726955     
   642.39999999999770      -0.81644713639171118     
   643.19999999999766      -0.73022706037111451     
   643.99999999999761      -0.59600872413539019     
   644.79999999999757      -0.42373708570888857     
   645.59999999999752      -0.22708744871526965     
   646.39999999999748       -1.7077479484121000E-002
   647.19999999999743       0.19772818915496684     
   647.99999999999739       0.40650382709687383     
   648.79999999999734       0.59242899134131144     
   649.59999999999729       0.73557385082256110     
   650.39999999999725       0.82345953951064443     
   651.19999999999720       0.86118681405644859     
   651.99999999999716       0.86942040941776932     
   652.79999999999711       0.86928103772647347     
   653.59999999999707       0.86670550007585945     
   654.39999999999702       0.84914531923851744     
   655.19999999999698       0.79638679631344644     
   655.99999999999693       0.69571829768876881     
   656.79999999999688       0.54901600593299760     
   657.59999999999684       0.36826241226580009     
   658.39999999999679       0.16674196810613007     
   659.19999999999675       -4.5548848438815903E-002
   659.99999999999670      -0.25994725465556667     
   660.79999999999666      -0.46405941795778549     
   661.59999999999661      -0.63946645775508482     
   662.39999999999657      -0.76710583274505151     
   663.19999999999652      -0.83894274033034144     
   663.99999999999648      -0.86554415938287610     
   664.79999999999643      -0.86959991928753211     
   665.59999999999638      -0.86903701047143855     
   666.39999999999634      -0.86402164135369708     
   667.19999999999629      -0.83819650606457996     
   667.99999999999625      -0.77213395679703023     
   668.79999999999620      -0.65721409465508362     
   669.59999999999616      -0.49911541521532077     
   670.39999999999611      -0.31104437379713579     
   671.19999999999607      -0.10548953692065546     
   671.99999999999602       0.10838157920539523     
   672.79999999999598       0.32133557919852118     
   673.59999999999593       0.51917802193192997     
   674.39999999999588       0.68235501893797612     
   675.19999999999584       0.79374340089945350     
   675.99999999999579       0.85047858560239453     
   676.79999999999575       0.86801375016313531     
   677.59999999999570       0.86951500269893944     
   678.39999999999566       0.86853257566603770     
   679.19999999999561       0.85958323263836800     
   679.99999999999557       0.82373506891435122     
   680.79999999999552       0.74361121817438547     
   681.59999999999548       0.61497762046350846     
   682.39999999999543       0.44666919237887703     
   683.19999999999538       0.25236253634574962     
   683.99999999999534        4.3528896621192859E-002
   684.79999999999529      -0.17117237158337228     
   685.59999999999525      -0.38147805999837958     
   686.39999999999520      -0.57132928635962799     
   687.19999999999516      -0.72072677766288218     
   687.99999999999511      -0.81558566364918883     
   688.79999999999507      -0.85861436417543235     
   689.59999999999502      -0.86918644184513283     
   690.39999999999498      -0.86935668020142565     
   691.19999999999493      -0.86744528458025782     
   691.99999999999488      -0.85283701633853082     
   692.79999999999484      -0.80540018964269722     
   693.59999999999479      -0.71085854239430257     
   694.39999999999475      -0.56932780726362808     
   695.19999999999470      -0.39202653817539801     
   695.99999999999466      -0.19246477963220920     
   696.79999999999461        1.8942676633917965E-002
   697.59999999999457       0.23363152601096521     
   698.39999999999452       0.43990991776112698     
   699.19999999999447       0.61999396528754469     
   699.99999999999443       0.75432713408501062     
   700.79999999999438       0.83288494503771648     
   701.59999999999434       0.86396235018172540     
   702.39999999999429       0.86957250807798558     
   703.19999999999425       0.86915818253382848     
   703.99999999999420       0.86534277112317859     
   704.79999999999416       0.84324583676744913     
   705.59999999999411       0.78294242034766603     
   706.39999999999407       0.67402121794563163     
   707.19999999999402       0.52061634290461989     
   707.99999999999397       0.33551202712785261     
   708.79999999999393       0.13157229947201499     
   709.59999999999388       -8.1716141700321987E-002
   710.39999999999384      -0.29541988809105491     
   711.19999999999379      -0.49612683509663313     
   711.99999999999375      -0.66469313362487437     
   712.79999999999370      -0.78303799256518458     
   713.59999999999366      -0.84603367977177268     
   714.39999999999361      -0.86715731478286318     
   715.19999999999357      -0.86956752109713387     
   715.99999999999352      -0.86879622115673460     
   716.79999999999347      -0.86171584259260436     
   717.59999999999343      -0.83032451964147136     
   718.39999999999338      -0.75623281627634387     
   719.19999999999334      -0.63333182361787888     
   719.99999999999329      -0.46920632186137712     
   720.79999999999325      -0.27741913083043934     
   721.59999999999320       -6.9888217276782572E-002
   722.39999999999316       0.14455748445763528     
   723.19999999999311       0.35614493148648940     
   723.99999999999307       0.54960161355634685     
   724.79999999999302       0.70501931074681534     
   725.59999999999297       0.80689245359364681     
   726.39999999999293       0.85553992047227867     
   727.19999999999288       0.86881233118758228     
   727.99999999999284       0.86942703484537553     
   728.79999999999279       0.86800331313568257     
   729.59999999999275       0.85601606176280565     
   730.39999999999270       0.81367009615105856     
   731.19999999999266       0.72526260019160127     
   731.99999999999261       0.58908847322904512     
   732.79999999999256       0.41545417959249631     
   733.59999999999252       0.21800879889261462     
   734.39999999999247        7.6088551497200396E-003
   735.19999999999243      -0.20719574062735821     
   735.99999999999238      -0.41536208949065112     
   736.79999999999234      -0.59980692626676058     
   737.59999999999229      -0.74066660389596262     
   738.39999999999225      -0.82607874561118477     
   739.19999999999220      -0.86199333510944876     
   739.99999999999216      -0.86947645823002173     
   740.79999999999211      -0.86925172538008888     
   741.59999999999206      -0.86639003941714987     
   742.39999999999202      -0.84769482460246892     
   743.19999999999197      -0.79298419672063969     
   743.99999999999193      -0.69013428247172548     
   744.79999999999188      -0.54163170467721078     
   745.59999999999184      -0.35969602835202985     
   746.39999999999179      -0.15751268486057146     
   747.19999999999175        5.5063378318509049E-002
   747.99999999999170       0.26931348287497175     
   748.79999999999166       0.47258215949783083     
   749.59999999999161       0.64624299229081805     
   750.39999999999156       0.77145665950272979     
   751.19999999999152       0.84093222592017636     
   751.99999999999147       0.86602453292446580     
   752.79999999999143       0.86959757653728031     
   753.59999999999138       0.86898382232991478     
   754.39999999999134       0.86347540419559865     
   755.19999999999129       0.83624082830178637     
   755.99999999999125       0.76808625946304998     
   756.79999999999120       0.65104590676459551     
   757.59999999999116       0.49132220150945582     
   758.39999999999111       0.30223899511797836     
   759.19999999999106        9.6140332283563557E-002
   759.99999999999102      -0.11790662537413979     
   760.79999999999097      -0.33054099056992781     
   761.59999999999093      -0.52728520639601539     
   762.39999999999088      -0.68846821261696789     
   763.19999999999084      -0.79735729251477416     
   763.99999999999079      -0.85191555602403746     
   764.79999999999075      -0.86826114860981862     
   765.59999999999070      -0.86949308892580079     
   766.39999999999065      -0.86841483704416444     
   767.19999999999061      -0.85872286201001324     
   767.99999999999056      -0.82121300043214762     
   768.79999999999052      -0.73891714890815507     
   769.59999999999047      -0.60827058210137830     
   770.39999999999043      -0.43852116745554093     
   771.19999999999038      -0.24335768849810777     
   771.99999999999034       -3.4089442220710087E-002
   772.79999999999029       0.18066692991211783     
   773.59999999999025       0.39045523665572046     
   774.39999999999020       0.57894082714136530     
   775.19999999999015       0.72613011120968129     
   775.99999999999011       0.81849119489250322     
   776.79999999999006       0.85958843485730141     
   777.59999999999002       0.86928430427650283     
   778.39999999998997       0.86933047452013124     
   779.19999999998993       0.86720379141005755     
   779.99999999998988       0.85157914004194846     
   780.79999999998984       0.80226643182748814     
   781.59999999998979       0.70553373499900962     
   782.39999999998975       0.56213366444968238     
   783.19999999998970       0.38357469216691237     
   783.99999999998965       0.18329552393631476     
   784.79999999998961       -2.8441789763785724E-002
   785.59999999998956      -0.24304752828552095     
   786.39999999998952      -0.44858463694041417     
   787.19999999998947      -0.62703393150076492     
   787.99999999998943      -0.75899346187849215     
   788.79999999998938      -0.83513306139601751     
   789.59999999998934      -0.86456936118232075     
   790.39999999998929      -0.86958889135081763     
   791.19999999998925      -0.86911888181574481     
   791.99999999998920      -0.86490440592988738     
   792.79999999998915      -0.84151276380464579     
   793.59999999998911      -0.77916958775872791     
   794.39999999998906      -0.66809581316892908     
   795.19999999998902      -0.51298987795054463     
   795.99999999998897      -0.32680292563148472     
   796.79999999998893      -0.12227032745532276     
   797.59999999998888        9.1241370699046559E-002
   798.39999999998884       0.30470131138889789     
   799.19999999998879       0.50442017689039331     
