   0.0000000000000000        2.5880609354715269     
  0.80000000000000004        1.4091518323016747     
   1.6000000000000001      -0.88696615388229638     
   2.4000000000000004       -2.7705548884396638     
   3.2000000000000002       -2.0654773710917120     
   4.0000000000000000       0.28349340726165506     
   4.7999999999999998        2.6086829503899684     
   5.5999999999999996        2.5696021947552667     
   6.3999999999999995       0.37532362411264408     
   7.1999999999999993       -2.1700685654286920     
   7.9999999999999991       -2.9228750548121676     
   8.7999999999999989      -0.97647143365671418     
   9.5999999999999996        1.6451814593435556     
   10.400000000000000        3.0227183502029042     
   11.200000000000001        1.4756330399448210     
   12.000000000000002       -1.0204489032114590     
   12.800000000000002       -2.8062027485128365     
   13.600000000000003       -2.0335892984841490     
   14.400000000000004        8.7675223355806686E-002
   15.200000000000005        2.1242810024186691     
   16.000000000000004        2.5429515199202504     
   16.800000000000004        1.0109569033530590     
   17.600000000000005       -1.0765793724279906     
   18.400000000000006       -2.5409908431783759     
   19.200000000000006       -1.9467482426264524     
   20.000000000000007       -7.8933876487919052E-002
   20.800000000000008        1.9089833072128297     
   21.600000000000009        2.5664059328788658     
   22.400000000000009        1.1691128441119552     
   23.200000000000010      -0.99208656785078686     
   24.000000000000011       -2.6270888235893795     
   24.800000000000011       -2.0166209076448078     
   25.600000000000012        2.4821121274696267E-002
   26.400000000000013        2.1662531146488284     
   27.200000000000014        2.6311707362302208     
   28.000000000000014       0.91727673484475414     
   28.800000000000015       -1.4402903288216837     
   29.600000000000016       -2.8477063334539228     
   30.400000000000016       -1.6476292140868176     
   31.200000000000017       0.68262304146126129     
   32.000000000000014        2.6432987271997330     
   32.800000000000011        2.2815108135212490     
   33.600000000000009       0.23915720886027403     
   34.400000000000006       -1.9965756739327305     
   35.200000000000003       -2.7298628072935749     
   36.000000000000000       -1.1467755336243872     
   36.799999999999997        1.1652375274424185     
   37.599999999999994        2.7509108133930606     
   38.399999999999991        1.9005990771663219     
   39.199999999999989      -0.23172540753323956     
   39.999999999999986       -2.2808812691451088     
   40.799999999999983       -2.5241057272578589     
   41.599999999999980      -0.79949382345367570     
   42.399999999999977        1.4367194852457728     
   43.199999999999974        2.7444932324906528     
   43.999999999999972        1.6593278957779278     
   44.799999999999969      -0.51852360557908717     
   45.599999999999966       -2.4563788003119624     
   46.399999999999963       -2.3684852817087214     
   47.199999999999960      -0.50872181046864240     
   47.999999999999957        1.7148365864314452     
   48.799999999999955        2.7518607174674354     
   49.599999999999952        1.4012584028411372     
   50.399999999999949      -0.87018721601215399     
   51.199999999999946       -2.6590622929595966     
   51.999999999999943       -2.1319382273641594     
   52.799999999999940       -8.5464169803732393E-002
   53.599999999999937        2.0828370105442153     
   54.399999999999935        2.6680226238359364     
   55.199999999999932        1.0388559079338346     
   55.999999999999929       -1.2676037458281044     
   56.799999999999926       -2.7761482470093224     
   57.599999999999923       -1.8087563623599792     
   58.399999999999920       0.38205540090225787     
   59.199999999999918        2.4076014841854971     
   59.999999999999915        2.4581225579685748     
   60.799999999999912       0.62444806044266876     
   61.599999999999909       -1.6287356619287641     
   62.399999999999906       -2.7699906681169990     
   63.199999999999903       -1.4877732149365150     
   63.999999999999901       0.76525834530962156     
   64.799999999999898        2.6041076841347301     
   65.599999999999895        2.2097440928108756     
   66.399999999999892       0.22675869496525225     
   67.199999999999889       -1.9524721578510413     
   67.999999999999886       -2.6982476585048167     
   68.799999999999883       -1.1741847566900032     
   69.599999999999881        1.1085568388215556     
   70.399999999999878        2.7270637275742620     
   71.199999999999875        1.9419900754538806     
   71.999999999999872      -0.17806139837112012     
   72.799999999999869       -2.2629876169175240     
   73.599999999999866       -2.5578007527094426     
   74.399999999999864      -0.82197265750184378     
   75.199999999999861        1.4549431118936607     
   75.999999999999858        2.7793436627169581     
   76.799999999999855        1.6431934880912156     
   77.599999999999852      -0.58463560277151672     
   78.399999999999849       -2.5215484501974306     
   79.199999999999847       -2.3347090207805077     
   79.999999999999844      -0.41664244264908135     
   80.799999999999841        1.8062616383564314     
   81.599999999999838        2.7450404154034804     
   82.399999999999835        1.3198290215051138     
   83.199999999999832      -0.96222777375890245     
   83.999999999999829       -2.6887482752596021     
   84.799999999999827       -2.0613916875178346     
   85.599999999999824        9.1589081966296781E-003
   86.399999999999821        2.1414804104670879     
   87.199999999999818        2.6275136116428133     
   87.999999999999815       0.97206402495382727     
   88.799999999999812       -1.3136104011298573     
   89.599999999999810       -2.7677140474516309     
   90.399999999999807       -1.7682200065825646     
   91.199999999999804       0.41919059972853789     
   91.999999999999801        2.4221727491519291     
   92.799999999999798        2.4345471504931524     
   93.599999999999795       0.59229368471189803     
   94.399999999999793       -1.6547686082932120     
   95.199999999999790       -2.7671420484014071     
   95.999999999999787       -1.4620021543745103     
   96.799999999999784       0.79939774166028887     
   97.599999999999781        2.6240397428596607     
   98.399999999999778        2.1853741705644305     
   99.199999999999775       0.18053019933625380     
   99.999999999999773       -1.9957887463998110     
   100.79999999999977       -2.6897054610462416     
   101.59999999999977       -1.1305003705338967     
   102.39999999999976        1.1601941639851654     
   103.19999999999976        2.7439892571980353     
   103.99999999999976        1.8994903318028808     
   104.79999999999976      -0.24298222854513840     
   105.59999999999975       -2.3094982139064113     
   106.39999999999975       -2.5279665122820352     
   107.19999999999975      -0.76181221963266421     
   107.99999999999974        1.5078067121424017     
   108.79999999999974        2.7777583098515608     
   109.59999999999974        1.5962887208433316     
   110.39999999999974      -0.63961958406884190     
   111.19999999999973       -2.5479805425436699     
   111.99999999999973       -2.2978752902280881     
   112.79999999999973      -0.36006263437376296     
   113.59999999999972        1.8503800299086555     
   114.39999999999972        2.7326427070964239     
   115.19999999999972        1.2767152119011473     
   115.99999999999972       -1.0067691121611826     
   116.79999999999971       -2.7022077467023458     
   117.59999999999971       -2.0256546105578748     
   118.39999999999971        6.1074870362317846E-002
   119.19999999999970        2.1800967519012295     
   119.99999999999970        2.6077640816478445     
   120.79999999999970       0.92650083713524323     
   121.59999999999970       -1.3576076829254338     
   122.39999999999969       -2.7730408442774062     
   123.19999999999969       -1.7297023268153882     
   123.99999999999969       0.47129108674728837     
   124.79999999999968        2.4547527002259670     
   125.59999999999968        2.4045513526194964     
   126.39999999999968       0.53833807570917491     
   127.19999999999968       -1.7017151965086490     
   127.99999999999967       -2.7617624473829472     
   128.79999999999967       -1.4185026799937530     
   129.59999999999968       0.85001214926843272     
   130.39999999999969        2.6455498202652494     
   131.19999999999970        2.1477796549047867     
   131.99999999999972       0.12234733725927471     
   132.79999999999973       -2.0411546064369306     
   133.59999999999974       -2.6723151219065424     
   134.39999999999975       -1.0827567280498331     
   135.19999999999976        1.2073548621799799     
   135.99999999999977        2.7529523155545732     
   136.79999999999978        1.8595925460730980     
   137.59999999999980      -0.29758780959329245     
   138.39999999999981       -2.3456790100879448     
   139.19999999999982       -2.5006300255633276     
   139.99999999999983      -0.71052266479178661     
   140.79999999999984        1.5529142313401962     
   141.59999999999985        2.7760556963920822     
   142.39999999999986        1.5554604076605849     
   143.19999999999987      -0.68922382698532036     
   143.99999999999989       -2.5730328303227030     
   144.79999999999990       -2.2640732201447169     
   145.59999999999991      -0.30518509765321378     
   146.39999999999992        1.8954549905810070     
   147.19999999999993        2.7210823005659122     
   147.99999999999994        1.2323705759039425     
   148.79999999999995       -1.0543289105744387     
   149.59999999999997       -2.7167749956591942     
   150.39999999999998       -1.9871899452612407     
   151.19999999999999       0.11748390637106709     
   152.00000000000000        2.2212603044632178     
   152.80000000000001        2.5847411997785912     
   153.60000000000002       0.87660494113932841     
   154.40000000000003       -1.4038707526889127     
   155.20000000000005       -2.7760860210897675     
   156.00000000000006       -1.6889752023079145     
   156.80000000000007       0.52367039452229758     
   157.60000000000008        2.4851074176633992     
   158.40000000000009        2.3727276114160105     
   159.20000000000010       0.48410205345734414     
   160.00000000000011       -1.7474425428037332     
   160.80000000000013       -2.7543718832440724     
   161.60000000000014       -1.3755090820425482     
   162.40000000000015       0.89851851935490079     
   163.20000000000016        2.6646087000408718     
   164.00000000000017        2.1108278037962438     
   164.80000000000018        6.5968787473016821E-002
   165.60000000000019       -2.0847157574187207     
   166.40000000000020       -2.6541732594777958     
   167.20000000000022       -1.0355249273073164     
   168.00000000000023        1.2537439775856702     
   168.80000000000024        2.7608308224827955     
   169.60000000000025        1.8199232402172199     
   170.40000000000026      -0.35169960087507213     
   171.20000000000027       -2.3809265501419850     
   172.00000000000028       -2.4722710301833022     
   172.80000000000030      -0.65820269242527663     
   173.60000000000031        1.5986779587586553     
   174.40000000000032        2.7731733971448222     
   175.20000000000033        1.5137656672457065     
   176.00000000000034      -0.73911682088124753     
   176.80000000000035       -2.5969603342885734     
   177.60000000000036       -2.2290542125692858     
   178.40000000000038      -0.24928692264242125     
   179.20000000000039        1.9406402234969216     
   180.00000000000040        2.7077733548451328     
   180.80000000000041        1.1871112461877469     
   181.60000000000042       -1.1016428332479218     
   182.40000000000043       -2.7296096972507842     
   183.20000000000044       -1.9483177484344019     
   184.00000000000045       0.17335074302441855     
   184.80000000000047        2.2609718483142283     
   185.60000000000048        2.5603518963417162     
   186.40000000000049       0.82629849355403118     
   187.20000000000050       -1.4497357447479022     
   188.00000000000051       -2.7776539792733219     
   188.80000000000052       -1.6482510923162184     
   189.60000000000053       0.57516743641157042     
   190.40000000000055        2.5138291880081720     
   191.20000000000056        2.3402260434488569     
   192.00000000000057       0.42959118243963990     
   192.80000000000058       -1.7930614343667990     
   193.60000000000059       -2.7457214463829307     
   194.40000000000060       -1.3321031122147782     
   195.20000000000061       0.94675552680646136     
   196.00000000000063        2.6823125924564968     
   196.80000000000064        2.0733274168312574     
   197.60000000000065        9.4311290307511619E-003
   198.40000000000066       -2.1277076285002727     
   199.20000000000067       -2.6344921749151871     
   200.00000000000068      -0.98746805557843476     
   200.80000000000069        1.3000567868337616     
   201.60000000000070        2.7671955849863465     
   202.40000000000072        1.7799296470532679     
   203.20000000000073      -0.40527249469049398     
   204.00000000000074       -2.4146807165987965     
   204.80000000000075       -2.4427760201744357     
   205.60000000000076      -0.60527982270847680     
   206.40000000000077        1.6444188260060670     
   207.20000000000078        2.7689085233213699     
   208.00000000000080        1.4717252848208782     
   208.80000000000081      -0.78853266120388277     
   209.60000000000082       -2.6193845142364562     
   210.40000000000083       -2.1933984597380056     
   211.20000000000084      -0.19316141871033565     
   212.00000000000085        1.9854524355444063     
   212.80000000000086        2.6929987178086359     
   213.60000000000088        1.1412742654429699     
   214.40000000000089       -1.1486559619142613     
   215.20000000000090       -2.7409271696173474     
   216.00000000000091       -1.9091599388568969     
   216.80000000000092       0.22877003540940555     
   217.60000000000093        2.2994173130585338     
   218.40000000000094        2.5346546402515826     
   219.20000000000095       0.77533346292875116     
   220.00000000000097       -1.4955511207911223     
   220.80000000000098       -2.7778254765771941     
   221.60000000000099       -1.6072529140761374     
   222.40000000000100       0.62612537042851768     
   223.20000000000101        2.5410542631229820     
   224.00000000000102        2.3068981034240217     
   224.80000000000103       0.37461285599556193     
   225.60000000000105       -1.8386100717207308     
   226.40000000000106       -2.7356717736962346     
   227.20000000000107       -1.2881736557966990     
   228.00000000000108       0.99468796070021503     
   228.80000000000109        2.6985367812851075     
   229.60000000000110        2.0353535499649302     
   230.40000000000111       -4.7019259829636617E-002
   231.20000000000113       -2.1698429088683286     
   232.00000000000114       -2.6133191210304201     
   232.80000000000115      -0.93871399018407398     
   233.60000000000116        1.3461954532588487     
   234.40000000000117        2.7720578816271901     
   235.20000000000118        1.7397199557298870     
   236.00000000000119      -0.45819306707386187     
   236.80000000000121       -2.4468907732536458     
   237.60000000000122       -2.4122845164910824     
   238.40000000000123      -0.55183570723172171     
   239.20000000000124        1.6901411008170042     
   240.00000000000125        2.7633067581751671     
   240.80000000000126        1.4293042846939796     
   241.60000000000127      -0.83755749893977205     
   242.40000000000128       -2.6403629101820845     
   243.20000000000130       -2.1571214465801964     
   244.00000000000131      -0.13680696852116414     
   244.80000000000132        2.0298475532729694     
   245.60000000000133        2.6767211032728273     
   246.40000000000134        1.0947760028787119     
   247.20000000000135       -1.1954289487634191     
   248.00000000000136       -2.7507176481127096     
   248.80000000000138       -1.8697178159577639     
   249.60000000000139       0.28368375095597576     
   250.40000000000140        2.3364964599172948     
   251.20000000000141        2.5077029893402449     
   252.00000000000142       0.72373232429271850     
   252.80000000000143       -1.5413263334891734     
   253.60000000000144       -2.7766121685982732     
   254.40000000000146       -1.5659676149598221     
   255.20000000000147       0.67655925884200641     
   256.00000000000148        2.5667827674478891     
   256.80000000000149        2.2728064078024621     
   257.60000000000150       0.31923058991075193     
   258.40000000000151       -1.8840155377383936     
   259.20000000000152       -2.7242027071765551     
   260.00000000000153       -1.2437001365663449     
   260.80000000000155        1.0423205119644012     
   261.60000000000156        2.7132693463455242     
   262.40000000000157        1.9969647808962843     
   263.20000000000158      -0.10327006659944882     
   264.00000000000159       -2.2109879650639788     
   264.80000000000160       -2.5906941114358339     
   265.60000000000161      -0.88926284071178063     
   266.40000000000163        1.3922006279422821     
   267.20000000000164        2.7754467346260965     
   268.00000000000165        1.6992836442651775     
   268.80000000000166      -0.51047956734360156     
   269.60000000000167       -2.4775568087344326     
   270.40000000000168       -2.3808567047532865     
   271.20000000000169      -0.49788843940498806     
   272.00000000000171        1.7358401563433850     
   272.80000000000172        2.7563583332943082     
   273.60000000000173        1.3864621987940393     
   274.40000000000174      -0.88622201463055061     
   275.20000000000175       -2.6598914430630396     
   276.00000000000176       -2.1202679166209095     
   276.80000000000177       -8.0310082506204861E-002
   277.60000000000178        2.0737005033018292     
   278.40000000000180        2.6589295501960106     
   279.20000000000181        1.0475973208865659     
   280.00000000000182       -1.2419778642977528     
   280.80000000000183       -2.7589803353937397     
   281.60000000000184       -1.8300230995508933     
   282.40000000000185       0.33802284243019876     
   283.20000000000186        2.3721298917514266     
   284.00000000000188        2.4795770860955861     
   284.80000000000189       0.67152902881509324     
   285.60000000000190       -1.5870781440153594     
   286.40000000000191       -2.7740376318359585     
   287.20000000000192       -1.5243683858515951     
   288.00000000000193       0.72651493132160816     
   288.80000000000194        2.5910369701546632     
   289.60000000000196        2.2379942655822624     
   290.40000000000197       0.26348359423343926     
   291.20000000000198       -1.9292132271937499     
   292.00000000000199       -2.7112842431931705     
   292.80000000000200       -1.1986421303341912     
   293.60000000000201        1.0896703351054027     
   294.40000000000202        2.7264949522284598     
   295.20000000000203        1.9582064940481561     
   296.00000000000205      -0.15921558345166731     
   296.80000000000206       -2.2510106373281609     
   297.60000000000207       -2.5666655868699886     
   298.40000000000208      -0.83912604883526454     
   299.20000000000209        1.4381035271378142     
   300.00000000000210        2.7773891353325943     
   300.80000000000211        1.6586094330233010     
   301.60000000000213      -0.56215359701363132     
   302.40000000000214       -2.5066845879242901     
   303.20000000000215       -2.3485529952651527     
   304.00000000000216      -0.44346678618875690     
   304.80000000000217        1.7814933266948969     
   305.60000000000218        2.7480483391482924     
   306.40000000000219        1.3431627803488491     
   307.20000000000221      -0.93454904725439203     
   308.00000000000222       -2.6779620565073885     
   308.80000000000223       -2.0828868211918143     
   309.60000000000224       -2.3767979733390288E-002
   310.40000000000225        2.1168786159961273     
   311.20000000000226        2.6396267441188321     
   312.00000000000227       0.99972349751906719     
   312.80000000000229       -1.2883273160408795     
   313.60000000000230       -2.7657240874183571     
   314.40000000000231       -1.7900945530724126     
   315.20000000000232       0.39174487334469799     
   316.00000000000233        2.4062638118206023     
   316.80000000000234        2.4503546783436283     
   317.60000000000235       0.61875508993966877     
   318.40000000000236       -1.6328169999083366     
   319.20000000000238       -2.7701165530758560     
   320.00000000000239       -1.4824246001494878     
   320.80000000000240       0.77603492113399897     
   321.60000000000241        2.6138325825429982     
   322.40000000000242        2.2025043208938593     
   323.20000000000243       0.20742445742993376     
   324.00000000000244       -1.9741191310052801     
   324.80000000000246       -2.6968884874639647     
   325.60000000000247       -1.1529640389197862     
   326.40000000000248        1.1367529905932303     
   327.20000000000249        2.7382006748185983     
   328.00000000000250        1.9191218247743551     
   328.80000000000251      -0.21475622873950950     
   329.60000000000252       -2.2897905099725842     
   330.40000000000254       -2.5412952922876801     
   331.20000000000255      -0.78832338758474974     
   332.00000000000256        1.4839337481289481     
   332.80000000000257        2.7779141956475195     
   333.60000000000258        1.6176791324209490     
   334.40000000000259      -0.61325031389024143     
   335.20000000000260       -2.5342906918497121     
   336.00000000000261       -2.3154264557099031     
   336.80000000000263      -0.38859881505307481     
   337.60000000000264        1.8270670268151821     
   338.40000000000265        2.7383542134863146     
   339.20000000000266        1.2993671958957829     
   340.00000000000267      -0.98255781712146106     
   340.80000000000268       -2.6945616154888685     
   341.60000000000269       -2.0450276620919872     
   342.40000000000271        3.2713784482242492E-002
   343.20000000000272        2.1592424757349660     
   344.00000000000273        2.6188292432403091     
   344.80000000000274       0.95114800574327063     
   345.60000000000275       -1.3345050148053317     
   346.40000000000276       -2.7709648960495139     
   347.20000000000277       -1.7499414028282503     
   348.00000000000279       0.44482887879537825     
   348.80000000000280        2.4388659472081642     
   349.60000000000281        2.4201106896253060     
   350.40000000000282       0.56544199036451315     
   351.20000000000283       -1.6785440369409954     
   352.00000000000284       -2.7648548991559037     
   352.80000000000285       -1.4401039163719720     
   353.60000000000286       0.82515628281811026     
   354.40000000000288        2.6351783267346160     
   355.20000000000289        2.1663804720001290     
   356.00000000000290       0.15111970112098305     
   356.80000000000291       -2.0186319834095787     
   357.60000000000292       -2.6809934388306438     
   358.40000000000293       -1.1066350439954871     
   359.20000000000294        1.1835859720351540     
   360.00000000000296        2.7483788571786696     
   360.80000000000297        1.8797481149885278     
   361.60000000000298      -0.26980579642980196     
   362.40000000000299       -2.3272246493905548     
   363.20000000000300       -2.5146541715173201     
   364.00000000000301      -0.73688044397186525     
   364.80000000000302        1.5297171342054443     
   365.60000000000304        2.7770495551175003     
   366.40000000000305        1.5764692053009015     
   367.20000000000306      -0.66381248026472806     
   368.00000000000307       -2.5603963925384328     
   368.80000000000308       -2.2815245011166292     
   369.60000000000309      -0.33331601648121811     
   370.40000000000310        1.8725140343596753     
   371.20000000000312        2.7272481458447135     
   372.00000000000313        1.2550358001587090     
   372.80000000000314       -1.0302646801243571     
   373.60000000000315       -2.7096741221171414     
   374.40000000000316       -2.0067398384702679     
   375.20000000000317        8.9025389146412337E-002
   376.00000000000318        2.2006516660771980     
   376.80000000000319        2.5965685582074816     
   377.60000000000321       0.90187287984141173     
   378.40000000000322       -1.3805411879664868     
   379.20000000000323       -2.7747251388048246     
   380.00000000000324       -1.7095632536622893     
   380.80000000000325       0.49727493549298285     
   381.60000000000326        2.4699237076898841     
   382.40000000000327        2.3889143048884556     
   383.20000000000329       0.51161947757806070     
   384.00000000000330       -1.7242507603434851     
   384.80000000000331       -2.7582491208095483     
   385.60000000000332       -1.3973719372579574     
   386.40000000000333       0.87390985466896320     
   387.20000000000334        2.6550751362609515     
   388.00000000000335        2.1296686037431862     
   388.80000000000337        9.4650203224750040E-002
   389.60000000000338       -2.0626345932978185     
   390.40000000000339       -2.6635862019542209     
   391.20000000000340       -1.0596307168094068     
   392.00000000000341        1.2301894854995434     
   392.80000000000342        2.7570285558916954     
   393.60000000000343        1.8401153661702432     
   394.40000000000344      -0.32429547773427436     
   395.20000000000346       -2.3632307803400048     
   396.00000000000347       -2.4868187727007895     
   396.80000000000348      -0.68482697619958732     
   397.60000000000349        1.5754735415583021     
   398.40000000000350        2.7748186356507638     
   399.20000000000351        1.5349524408811204     
   400.00000000000352      -0.71388527956020709     
   400.80000000000354       -2.5850228795042205     
   401.60000000000355       -2.2468910899698811     
   402.40000000000356      -0.27765705539531926     
   403.20000000000357        1.9177717150473128     
   404.00000000000358        2.7147001475098378     
   404.80000000000359        1.2101295640910508     
   405.60000000000360       -1.0776848185679631     
   406.40000000000362       -2.7232833935101510     
   407.20000000000363       -1.9680710034976061     
   408.00000000000364       0.14505820758415600     
   408.80000000000365        2.2409710537808243     
   409.60000000000366        2.5728906551462121     
   410.40000000000367       0.85190840745659635     
   411.20000000000368       -1.4264671290235458     
   412.00000000000369       -2.7770317127341144     
   412.80000000000371       -1.6689508658253638     
   413.60000000000372       0.54910141653655287     
   414.40000000000373        2.4994404272436705     
   415.20000000000374        2.3568275062322113     
   416.00000000000375       0.45731557534333067     
   416.80000000000376       -1.7699182428667073     
   417.60000000000377       -2.7502863941253617     
   418.40000000000379       -1.3541921579856335     
   419.20000000000380       0.92232052399552455     
   420.00000000000381        2.6735166615403427     
   420.80000000000382        2.0924166838623766     
   421.60000000000383        3.8109861255453126E-002
   422.40000000000384       -2.1059969174636741     
   423.20000000000385       -2.6446657815262120     
   424.00000000000387       -1.0119341885201716     
   424.80000000000388        1.2765870384060332     
   425.60000000000389        2.7641563944799428     
   426.40000000000390        1.8002448732137235     
   427.20000000000391      -0.37817689766401075     
   428.00000000000392       -2.3977489888260672     
   428.80000000000393       -2.4578672509634854     
   429.60000000000394      -0.63219476216737380     
   430.40000000000396        1.6212152124184107     
   431.20000000000397        2.7712382071478352     
   432.00000000000398        1.4930990410258977     
   432.80000000000399      -0.76351204891272628     
   433.60000000000400       -2.6081873715138926     
   434.40000000000401       -2.2115689949818789     
   435.20000000000402      -0.22167137475069199     
   436.00000000000404        1.9627605484153663     
   436.80000000000405        2.7006815146919889     
   437.60000000000406        1.1646119112523199     
   438.40000000000407       -1.1248336787127260     
   439.20000000000408       -2.7353756317635511     
   440.00000000000409       -1.9290653407495948     
   440.80000000000410       0.20071031842212905     
   441.60000000000412        2.2800766905886354     
   442.40000000000413        2.5478543272387477     
   443.20000000000414       0.80127244884200044     
   444.00000000000415       -1.4723131470738635     
   444.80000000000416       -2.7779135943558231     
   445.60000000000417       -1.6280875794926919     
   446.40000000000418       0.60034074166679474     
   447.20000000000420        2.5274306274008023     
   448.00000000000421        2.3239050214185286     
   448.80000000000422       0.40255803981201677     
   449.60000000000423       -1.8155160042929048     
   450.40000000000424       -2.7409458619123335     
   451.20000000000425       -1.3105261782330782     
   452.00000000000426       0.97040840018282526     
   452.80000000000427        2.6904908377552426     
   453.60000000000429        2.0546740884977637     
   454.40000000000430       -1.8397530277506124E-002
   455.20000000000431       -2.1485806951539947     
   456.00000000000432       -2.6242450549895882     
   456.80000000000433      -0.96353683451365146     
   457.60000000000434        1.3228055257255704     
   458.40000000000435        2.7697765687457032     
   459.20000000000437        1.7601483631123309     
   460.00000000000438      -0.43142354511309655     
   460.80000000000439       -2.4307416138940621     
   461.60000000000440       -2.4278755990925402     
   462.40000000000441      -0.57901553952939722     
   463.20000000000442        1.6669456575462474     
   464.00000000000443        2.7663165789398896     
   464.80000000000445        1.4508771406762211     
   465.60000000000446      -0.81273136207277830     
   466.40000000000447       -2.6299005129357109     
   467.20000000000448       -2.1756016955527695     
   468.00000000000449      -0.16542183047293735     
   468.80000000000450        2.0073836109331267     
   469.60000000000451        2.6851684336459947     
   470.40000000000452        1.1184506236529412     
   471.20000000000454       -1.1717282040547310     
   472.00000000000455       -2.7459416885946375     
   472.80000000000456       -1.8897617962915711     
   473.60000000000457       0.25589172564878004     
   474.40000000000458        2.3178608575992703     
   475.20000000000459        2.5215284899283432     
   476.00000000000460       0.74998924045115256     
   476.80000000000462       -1.5181062656479885     
   477.60000000000463       -2.7773990559611423     
   478.40000000000464       -1.5869510398685245     
   479.20000000000465       0.65103424634627016     
   480.00000000000466        2.5539148575114989     
   480.80000000000467        2.2901955120394630     
   481.60000000000468       0.34737716240596206     
   482.40000000000470       -1.8610004396354352     
   483.20000000000471       -2.7302007781544253     
   484.00000000000472       -1.2663344529929161     
   484.80000000000473        1.0181903919797093     
   485.60000000000474        2.7059821421834291     
   486.40000000000475        2.0164903972361072     
   487.20000000000476       -7.4762725622327775E-002
   488.00000000000477       -2.1902451682349215     
   488.80000000000479       -2.6023517443065924     
   489.60000000000480      -0.91443853286591548     
   490.40000000000481        1.3688746481463108     
   491.20000000000482        2.7739099880002196     
   492.00000000000483        1.7198278360818358     
   492.80000000000484      -0.48403035421594787     
   493.60000000000485       -2.4621913816672327     
   494.40000000000487       -2.3969146492281377     
   495.20000000000488      -0.52531954457254937     
   496.00000000000489        1.7126588972067238     
   496.80000000000490        2.7600526319620222     
   497.60000000000491        1.4082528692556215     
   498.40000000000492      -0.86157565691604066     
   499.20000000000493       -2.6501652137191298     
   500.00000000000495       -2.1390345280216341     
   500.80000000000496      -0.10898570824406484     
   501.60000000000497        2.0515275275415878     
   502.40000000000498        2.6681454067598906     
   503.20000000000499        1.0716195223669902     
   504.00000000000500       -1.2183878392178742     
   504.80000000000501       -2.7549788041277568     
   505.60000000000502       -1.8501923792047754     
   506.40000000000504       0.31052886189351270     
   507.20000000000505        2.3542358065942155     
   508.00000000000506        2.4939886455989475     
   508.80000000000507       0.69808768105524499     
   509.60000000000508       -1.5638680335774124     
   510.40000000000509       -2.7755128392665984     
   511.20000000000510       -1.5455148441667959     
   512.00000000000512       0.70122694799265561     
   512.80000000000507        2.5789147405766846     
   513.60000000000502        2.2557435944157094     
   514.40000000000498       0.29180942616837902     
   515.20000000000493       -1.9063129887638928     
   516.00000000000489       -2.7180213914901334     
   516.80000000000484       -1.2215776323726990     
   517.60000000000480        1.0656818363941198     
   518.40000000000475        2.7199741891941458     
   519.20000000000471        1.9779138649369528     
   520.00000000000466      -0.13087627239214195     
   520.80000000000462       -2.2308532825753113     
   521.60000000000457       -2.5790282566118252     
   522.40000000000452      -0.86464752262461220     
   523.20000000000448        1.4148256052055705     
   524.00000000000443        2.7765826138259495     
   524.80000000000439        1.6792761809390484     
   525.60000000000434      -0.53601140834898553     
   526.40000000000430       -2.4920980042247196     
   527.20000000000425       -2.3650482704035007     
   528.00000000000421      -0.47113515968963582     
   528.80000000000416        1.7583387386443674     
   529.60000000000412        2.7524358158010820     
   530.40000000000407        1.3651902538484213     
   531.20000000000402      -0.91007124493302460     
   532.00000000000398       -2.6689768586957960     
   532.80000000000393       -2.1019149697746800     
   533.60000000000389       -5.2453835487718870E-002
   534.40000000000384        2.0950651312749842     
   535.20000000000380        2.6496081976768791     
   536.00000000000375        1.0240997381827841     
   536.80000000000371       -1.2648352227551405     
   537.60000000000366       -2.7624916477183796     
   538.40000000000362       -1.8103806986239770     
   539.20000000000357       0.36456796452940554     
   540.00000000000352        2.3891358897064627     
   540.80000000000348        2.4653129172828900     
   541.60000000000343       0.64559924251990308     
   542.40000000000339       -1.6096127500600796     
   543.20000000000334       -2.7722736019650887     
   544.00000000000330       -1.5037497786446365     
   544.80000000000325       0.75096298830453834     
   545.60000000000321        2.6024488046939922     
   546.40000000000316        2.2205921396877146     
   547.20000000000312       0.23590123836620358     
   548.00000000000307       -1.9513785120459886     
   548.80000000000302       -2.7043783308295706     
   549.60000000000298       -1.1762183343919677     
   550.40000000000293        1.1128979875872080     
   551.20000000000289        2.7324523451259832     
   552.00000000000284        1.9389897226075314     
   552.80000000000280      -0.18663403488307173     
   553.60000000000275       -2.2702777322508978     
   554.40000000000271       -2.5543303477201622     
   555.20000000000266      -0.81417983528920290     
   556.00000000000261        1.4606891696477882     
   556.80000000000257        2.7778231500760660     
   557.60000000000252        1.6384784625057454     
   558.40000000000248      -0.58739602734883745     
   559.20000000000243       -2.5204736475576355     
   560.00000000000239       -2.3323329619376771     
   560.80000000000234      -0.41648999125035280     
   561.60000000000230        1.8039577642066082     
   562.40000000000225        2.7434471416729371     
   563.20000000000221        1.3216513277957596     
   564.00000000000216      -0.95823930703055060     
   564.80000000000211       -2.6863246402806586     
   565.60000000000207       -2.0642921365987701     
   566.40000000000202        4.0721267890924118E-003
   567.20000000000198        2.1378597378238351     
   568.00000000000193        2.6295660302461541     
   568.80000000000189       0.97588051449509550     
   569.60000000000184       -1.3110964169462336     
   570.40000000000180       -2.7684925417141004     
   571.20000000000175       -1.7703409538889856     
   572.00000000000171       0.41797694013067765     
   572.80000000000166        2.4225179104225654     
   573.60000000000161        2.4355781692764311     
   574.40000000000157       0.59255584420549057     
   575.20000000000152       -1.6553462220184028     
   576.00000000000148       -2.7676919273365694     
   576.80000000000143       -1.4616244827338489     
   577.60000000000139       0.80028233997632992     
   578.40000000000134        2.6245295292339881     
   579.20000000000130        2.1847843057998499     
   580.00000000000125       0.17971188420806516     
   580.80000000000121       -1.9961044752839778     
   581.60000000000116       -2.6892462051457144     
   582.40000000000111       -1.1302230632466277     
   583.20000000000107        1.1598553043358975     
   584.00000000000102        2.7434060934917892     
   584.80000000000098        1.8997584109285246     
   585.60000000000093      -0.24194253015439204     
   586.40000000000089       -2.3084062693188363     
   587.20000000000084       -2.5283246728649651     
   588.00000000000080      -0.76305823258910266     
   588.80000000000075        1.5064934163783112     
   589.60000000000070        2.7776603190356104     
   590.40000000000066        1.5974136050314889     
   591.20000000000061      -0.63822379056593226     
   592.00000000000057       -2.5473378198240959     
   592.80000000000052       -2.2988187569308516     
   593.60000000000048      -0.36141336332376439     
   594.40000000000043        1.8494758676022303     
   595.20000000000039        2.7330611100803424     
   596.00000000000034        1.2775967316871826     
   596.80000000000030       -1.0060974071308444     
   597.60000000000025       -2.7021936747847652     
   598.40000000000020       -2.0262156914791691     
   599.20000000000016        6.0483841480043932E-002
   600.00000000000011        2.1797706433829633     
   600.80000000000007        2.6080428295656533     
   601.60000000000002       0.92695957008285279     
   602.39999999999998       -1.3572005061727570     
   603.19999999999993       -2.7730008198418061     
   603.99999999999989       -1.7300775847502807     
   604.79999999999984       0.47074542787739482     
   605.59999999999980        2.4543596900331046     
   606.39999999999975        2.4048567663168692     
   607.19999999999970       0.53898818814648997     
   607.99999999999966       -1.7010649408378884     
   608.79999999999961       -2.7617691277857510     
   609.59999999999957       -1.4191056038076346     
   610.39999999999952       0.84921904563189043     
   611.19999999999948        2.6451618173665237     
   611.99999999999943        2.1483648968895039     
   612.79999999999939       0.12331499633286302     
   613.59999999999934       -2.0403814935910236     
   614.39999999999930       -2.6726071044743378     
   615.19999999999925       -1.0835639696127748     
   615.99999999999920        1.2065725167406236     
   616.79999999999916        2.7528309251740524     
   617.59999999999911        1.8602538500496657     
   618.39999999999907      -0.29672365212372109     
   619.19999999999902       -2.3451458101045635     
   619.99999999999898       -2.5010854301424392     
   620.79999999999893      -0.71131061780784233     
   621.59999999999889        1.5522614712100493     
   622.39999999999884        2.7761200158892549     
   623.19999999999879        1.5560560948271487     
   623.99999999999875      -0.68853925182090325     
   624.79999999999870       -2.5727123062434645     
   625.59999999999866       -2.2645510811551537     
   626.39999999999861      -0.30593982298598399     
   627.19999999999857        1.8948384543330741     
   627.99999999999852        2.7212484267605799     
   628.79999999999848        1.2329869111244833     
   629.59999999999843       -1.0536611326607859     
   630.39999999999839       -2.7165675437058585     
   631.19999999999834       -1.9877343814420523     
   631.99999999999829       0.11667138829872625     
   632.79999999999825        2.2206592651560384     
   633.59999999999820        2.5850773576006341     
   634.39999999999816       0.87734305893130693     
   635.19999999999811       -1.4031784711321296     
   635.99999999999807       -2.7760413585476371     
   636.79999999999802       -1.6895856925056671     
   637.59999999999798       0.52288296734362616     
   638.39999999999793        2.4846570245604251     
   639.19999999999789        2.3732144383278220     
   639.99999999999784       0.48492508432111281     
   640.79999999999779       -1.7467553842632819     
   641.59999999999775       -2.7544969904352992     
   642.39999999999770       -1.3761577061323171     
   643.19999999999766       0.89780090749255814     
   643.99999999999761        2.6643428757057803     
   644.79999999999757        2.1113808665418086     
   645.59999999999752        6.6798155970616779E-002
   646.39999999999748       -2.0840855531607954     
   647.19999999999743       -2.6544536939723518     
   647.99999999999739       -1.0362202355445163     
   648.79999999999734        1.2530714099867890     
   649.59999999999729        2.7607295699650178     
   650.39999999999725        1.8205018974179878     
   651.19999999999720      -0.35091837183943864     
   651.99999999999716       -2.3804249954198511     
   652.79999999999711       -2.4726904581111073     
   653.59999999999707      -0.65896801752606260     
   654.39999999999702        1.5980096109207689     
   655.19999999999698        2.7732226569347991     
   655.99999999999693        1.5143773449641773     
   656.79999999999688      -0.73838714414741391     
   657.59999999999684       -2.5966167531768045     
   658.39999999999679       -2.2295730369941640     
   659.19999999999675      -0.25011293544222757     
   659.99999999999670        1.9399747103715905     
   660.79999999999666        2.7079792865503589     
   661.59999999999661        1.1877838035323371     
   662.39999999999657       -1.1009456286558619     
   663.19999999999652       -2.7294309309680176     
   663.99999999999648       -1.9488943706985506     
   664.79999999999643       0.17252876276914320     
   665.59999999999638        2.2603952836241987     
   666.39999999999634        2.5607221741247548     
   667.19999999999629       0.82704511563243566     
   667.99999999999625       -1.4490614001448776     
   668.79999999999620       -2.7776424122194223     
   669.59999999999616       -1.6488521769316902     
   670.39999999999611       0.57441545424872609     
   671.19999999999607        2.5134193922616719     
   671.99999999999602        2.3407095161868829     
   672.79999999999598       0.43039415191321084     
   673.59999999999593       -1.7923931023997810     
   674.39999999999588       -2.7458585197025749     
   675.19999999999584       -1.3327432948756581     
   675.99999999999579       0.94605027737638347     
   676.79999999999575        2.6820632919156853     
   677.59999999999570        2.0738809988589137     
   678.39999999999566        1.0260620438192092E-002
   679.19999999999561       -2.1270819029198766     
   679.99999999999557       -2.6347916245176206     
   680.79999999999552      -0.98817899556592037     
   681.59999999999548        1.2993771883466008     
   682.39999999999543        2.7671124352898833     
   683.19999999999538        1.7805192015988311     
   683.99999999999534      -0.40448901818336469     
   684.79999999999529       -2.4141950000779877     
   685.59999999999525       -2.4432172815955058     
   686.39999999999520      -0.60606242288855805     
   687.19999999999516        1.6437458871922255     
   687.99999999999511        2.7689810216523645     
   688.79999999999507        1.4723465079268063     
   689.59999999999502      -0.78780872631860888     
   690.39999999999498       -2.6190653768190870     
   691.19999999999493       -2.1939275493335639     
   691.99999999999488      -0.19398851172512255     
   692.79999999999484        1.9847965241697436     
   693.59999999999479        2.6932269479970081     
   694.39999999999475        1.1419527497037751     
   695.19999999999470       -1.1479669380883391     
   695.99999999999466       -2.7407720744351689     
   696.79999999999461       -1.9097374824642936     
   697.59999999999457       0.22795930106600837     
   698.39999999999452        2.2988621877576532     
   699.19999999999447        2.5350414563461734     
   699.99999999999443       0.77608692453510342     
   700.79999999999438       -1.4948782728580805     
   701.59999999999434       -2.7778329684175138     
   702.39999999999429       -1.6078573527773483     
   703.19999999999425       0.62538036759273563     
   703.99999999999420        2.5406649310635414     
   704.79999999999416        2.3073935268891419     
   705.59999999999411       0.37542397696116092     
   706.39999999999407       -1.8379413697442746     
   707.19999999999402       -2.7358296385014276     
   707.99999999999397       -1.2888232738833787     
   708.79999999999393       0.99398548110519758     
   709.59999999999388        2.6983089865360688     
   710.39999999999384        2.0359149452217813     
   711.19999999999379       -4.6190512234980385E-002
   711.99999999999375       -2.1692302918219446     
   712.79999999999370       -2.6136410334346039     
   713.59999999999366      -0.93943580663036896     
   714.39999999999361        1.3455182471553193     
   715.19999999999357        2.7719971841184754     
   715.99999999999352        1.7403126692448450     
   716.79999999999347      -0.45741981656906883     
   717.59999999999343       -2.4464285428866934     
   718.39999999999338       -2.4127396591414310     
   719.19999999999334      -0.55262495621122443     
   719.99999999999329        1.6894692194348850     
   720.79999999999325        2.7633988372704379     
   721.59999999999320        1.4299307412725053     
   722.39999999999316      -0.83683962760101283     
   723.19999999999311       -2.6400650669179608     
   723.99999999999307       -2.1576589222719651     
   724.79999999999302      -0.13763650574638264     
   725.59999999999297        2.0291986440351990     
   726.39999999999293        2.6769712892896727     
   727.19999999999288        1.0954643194587645     
   727.99999999999284       -1.1947431276861042     
   728.79999999999279       -2.7505847956842970     
   729.59999999999275       -1.8702994476407615     
   730.39999999999270       0.28288059853656700     
   731.19999999999266        2.3359617242174462     
   731.99999999999261        2.5081078444221259     
   732.79999999999256       0.72449526209878656     
   733.59999999999252       -1.5406536688881880     
   734.39999999999247       -2.7766399036194738     
   735.19999999999243       -1.5665766843979965     
   735.99999999999238       0.67582148564424527     
   736.79999999999234        2.5664153017958000     
   737.59999999999229        2.2733128555578510     
   738.39999999999225       0.32004741925556202     
   739.19999999999220       -1.8833494429527762     
   739.99999999999216       -2.7243817223942659     
   740.79999999999211       -1.2443579942050160     
   741.59999999999206        1.0416224556242351     
   742.39999999999202        2.7130636793111553     
   743.19999999999197        1.9975318370287836     
   743.99999999999193      -0.10244521012998220     
   744.79999999999188       -2.2103910067051924     
   745.59999999999184       -2.5910369705106744     
   746.39999999999179      -0.88999470876308062     
   747.19999999999175        1.3915252319443849     
   747.99999999999170        2.7754074673565352     
   748.79999999999166        1.6998796885230898     
   749.59999999999161      -0.50971553222038368     
   750.39999999999156       -2.4771172249359852     
   751.19999999999152       -2.3813251324405442     
   751.99999999999147      -0.49868489972564123     
   752.79999999999143        1.7351686982638828     
   753.59999999999138        2.7564702764299085     
   754.39999999999134        1.3870951463140870     
   755.19999999999129      -0.88550919423062879     
   755.99999999999125       -2.6596149228924486     
   756.79999999999120       -2.1208135641075616     
   757.59999999999116       -8.1141104652392215E-002
   758.39999999999111        2.0730604614442276     
   759.19999999999106        2.6592020333671620     
   759.99999999999102        1.0482958052776734     
   760.79999999999097       -1.2412951536136902     
   761.59999999999093       -2.7588699135292263     
   762.39999999999088       -1.8306082970843303     
   763.19999999999084       0.33722850835007501     
   763.99999999999079        2.3716168748437876     
   764.79999999999075        2.4799986351297592     
   765.59999999999070       0.67230056829842821     
   766.39999999999065       -1.5864057543288705     
   767.19999999999061       -2.7740852525978714     
   767.99999999999056       -1.5249822639511394     
   768.79999999999052       0.72578389583295055     
   769.59999999999047        2.5906910559051237     
   770.39999999999043        2.2385109762448065     
   771.19999999999038       0.26430541361680371     
   771.99999999999034       -1.9285507611743808     
   772.79999999999029       -2.7114847637484378     
   773.59999999999025       -1.1993088373229830     
   774.39999999999020        1.0889763231267204     
   775.19999999999015        2.7263115306870072     
   775.99999999999011        1.9587786581059807     
   776.79999999999006      -0.15839595122982408     
   777.59999999999002       -2.2504310738088193     
   778.39999999998997       -2.5670286583499733     
   779.19999999998993      -0.83986788007358237     
   779.99999999998988        1.4374294021368081     
   780.79999999998984        2.7773709183057957     
   781.59999999998979        1.6592091000812303     
   782.39999999998975      -0.56139832589991134     
   783.19999999998970       -2.5062675103893901     
   783.99999999998965       -2.3490339037489667     
   784.79999999998961      -0.44427002584404596     
   785.59999999998956        1.7808227546293875     
   786.39999999998952        2.7481804468612081     
   787.19999999998947        1.3438027286801242     
   787.99999999998943      -0.93384104278676028     
   788.79999999998938       -2.6777070551015099     
   789.59999999998934       -2.0834398641104581     
   790.39999999998929       -2.4598912695153796E-002
   791.19999999998925        2.1162494984118543     
   791.99999999998920        2.6399213555428389     
   792.79999999998915        1.0004322627946560     
   793.59999999998911       -1.2876473481341824     
   794.39999999998906       -2.7656358932419165     
   795.19999999998902       -1.7906830935069160     
   795.99999999998897       0.39095981720179518     
   796.79999999998893        2.4057731214392479     
   797.59999999998888        2.4507917890512747     
   798.39999999998884       0.61953478526762629     
   799.19999999998879       -1.6321447686253125     
