   0.0000000000000000      -0.56939836330448890     
  0.80000000000000004       0.15382237891267392     
   1.6000000000000001        1.0705272379293489     
   2.4000000000000004        1.3664600262615578     
   3.2000000000000002       0.65058458610573211     
   4.0000000000000000      -0.72211131660696826     
   4.7999999999999998       -1.9770745524782845     
   5.5999999999999996       -2.0059848971401357     
   6.3999999999999995      -0.90053710005377030     
   7.1999999999999993       0.37072713562702519     
   7.9999999999999991        1.1962388458810702     
   8.7999999999999989        1.2773632425205748     
   9.5999999999999996       0.80891661116462354     
   10.400000000000000       0.32991740146004850     
   11.200000000000001       0.21684093248370948     
   12.000000000000002       0.48730007745606818     
   12.800000000000002       0.83844016864580495     
   13.600000000000003       0.85304490250962761     
   14.400000000000004       0.32582666101779478     
   15.200000000000005      -0.61317577941297896     
   16.000000000000004       -1.5398464023077250     
   16.800000000000004       -1.7740426094693382     
   17.600000000000005       -1.1460207483114366     
   18.400000000000006      -0.20245893153122918     
   19.200000000000006       0.58831494454846844     
   20.000000000000007        1.0038988643654028     
   20.800000000000008        1.0097599569917666     
   21.600000000000009       0.79903209167399680     
   22.400000000000009       0.63190935341635601     
   23.200000000000010       0.61946095535437506     
   24.000000000000011       0.66694083096130208     
   24.800000000000011       0.57062472866555747     
   25.600000000000012       0.18237723907129177     
   26.400000000000013      -0.48608470599046816     
   27.200000000000014       -1.2162889793181355     
   28.000000000000014       -1.5705656315126959     
   28.800000000000015       -1.2774535592220209     
   29.600000000000016      -0.58480048768135040     
   30.400000000000016       0.13776337429098895     
   31.200000000000017       0.68770942906660670     
   32.000000000000014       0.97780054501666447     
   32.800000000000011        1.0131780173599163     
   33.600000000000009       0.90175785432164712     
   34.400000000000006       0.76454367126077338     
   35.200000000000003       0.63381015194806745     
   36.000000000000000       0.44502910890696423     
   36.799999999999997       0.10738147064106257     
   37.599999999999994      -0.41120522378375018     
   38.399999999999991       -1.0068953328115178     
   39.199999999999989       -1.3951452405891966     
   39.999999999999986       -1.3076201925696243     
   40.799999999999983      -0.81336061010209049     
   41.599999999999980      -0.18293303904870006     
   42.399999999999977       0.39406583579162180     
   43.199999999999974       0.82742828191049700     
   43.999999999999972        1.0557909660380882     
   44.799999999999969        1.0648186489960749     
   45.599999999999966       0.91710157223976907     
   46.399999999999963       0.69580702377469261     
   47.199999999999960       0.43066893377976639     
   47.999999999999957        9.1412654777305757E-002
   48.799999999999955      -0.35683455752248955     
   49.599999999999952      -0.87029610129401935     
   50.399999999999949       -1.2612011027663250     
   51.199999999999946       -1.2952370061873417     
   51.999999999999943      -0.94855610580214877     
   52.799999999999940      -0.40951110136669289     
   53.599999999999937       0.14826239441796640     
   54.399999999999935       0.63916059022968563     
   55.199999999999932       0.99415634242957918     
   55.999999999999929        1.1355520746444181     
   56.799999999999926        1.0472602653602052     
   57.599999999999923       0.80312529573719404     
   58.399999999999920       0.48778498675286441     
   59.199999999999918       0.12709911408170044     
   59.999999999999915      -0.29638175446706538     
   60.799999999999912      -0.76718274576560730     
   61.599999999999909       -1.1589071783501936     
   62.399999999999906       -1.2722039897530650     
   63.199999999999903       -1.0353574093318774     
   63.999999999999901      -0.57586396967571596     
   64.799999999999898       -5.2187131776310736E-002
   65.599999999999895       0.45203234077744037     
   66.399999999999892       0.87856480211835963     
   67.199999999999889        1.1334280529890361     
   67.999999999999886        1.1377779028398269     
   68.799999999999883       0.92041977638692718     
   69.599999999999881       0.58450876301717380     
   70.399999999999878       0.20169064338473874     
   71.199999999999875      -0.21899498423844632     
   71.999999999999872      -0.67221083565697914     
   72.799999999999869       -1.0716647925423515     
   73.599999999999866       -1.2470760422016871     
   74.399999999999864       -1.0984745875355424     
   75.199999999999861      -0.70697029686473822     
   75.999999999999858      -0.21884691775830123     
   76.799999999999855       0.27922739635621013     
   77.599999999999852       0.74031076844893851     
   78.399999999999849        1.0797471542880370     
   79.199999999999847        1.1844827138571961     
   79.999999999999844        1.0269260723393283     
   80.799999999999841       0.69828138254499661     
   81.599999999999838       0.30168680282895965     
   82.399999999999835      -0.12410668729905538     
   83.199999999999832      -0.57287583561065802     
   83.999999999999829      -0.98585482307201577     
   84.799999999999827       -1.2174100730342816     
   85.599999999999824       -1.1478362301951022     
   86.399999999999821      -0.81801906683655701     
   87.199999999999818      -0.36328130915575074     
   87.999999999999815       0.12187102547719630     
   88.799999999999812       0.59582846243166532     
   89.599999999999810       0.99251210664488210     
   90.399999999999807        1.1905300637670568     
   91.199999999999804        1.1119654545165456     
   91.999999999999801       0.81438876413498740     
   92.799999999999798       0.41589182163207516     
   93.599999999999795       -1.5543095557135123E-002
   94.399999999999793      -0.46514536543829255     
   95.199999999999790      -0.89343754135843734     
   95.999999999999787       -1.1778734762866057     
   96.799999999999784       -1.1849272057065050     
   97.599999999999781      -0.91634808685020863     
   98.399999999999778      -0.49396739320932437     
   99.199999999999775       -2.3126086956643088E-002
   99.999999999999773       0.45236828286325442     
   100.79999999999977       0.88470738121450188     
   101.59999999999977        1.1619057553302929     
   102.39999999999976        1.1708126500387785     
   103.19999999999976       0.92356169950167721     
   103.99999999999976       0.53608422246287013     
   104.79999999999976       0.10202267749889515     
   105.59999999999975      -0.34943266237602827     
   106.39999999999975      -0.79131778897135874     
   107.19999999999975       -1.1241258057398840     
   107.99999999999974       -1.2074374397164436     
   108.79999999999974       -1.0039580562849957     
   109.59999999999974      -0.61589178368821429     
   110.39999999999974      -0.15945284059099130     
   111.19999999999973       0.31235975866637650     
   111.99999999999973       0.76487999132956475     
   112.79999999999973        1.1050233359329202     
   113.59999999999972        1.2019546218798163     
   114.39999999999972        1.0198571469432256     
   115.19999999999972       0.65646447826769061     
   115.99999999999972       0.22459166441168776     
   116.79999999999971      -0.22783840527729221     
   117.59999999999971      -0.67969730287393904     
   118.39999999999971       -1.0541342931904376     
   119.19999999999970       -1.2121553848011160     
   119.99999999999970       -1.0796785974633420     
   120.79999999999970      -0.73109610126449620     
   121.59999999999970      -0.29000914688091500     
   122.39999999999969       0.17605892897868741     
   123.19999999999969       0.63840332509898345     
   123.99999999999969        1.0257699918407082     
   124.79999999999968        1.2056007359690848     
   125.59999999999968        1.0992094148471205     
   126.39999999999968       0.77278156964128042     
   127.19999999999968       0.34914984783203085     
   127.99999999999967      -0.10263971767322760     
   128.79999999999967      -0.56045970056096306     
   129.59999999999968      -0.96814531097659207     
   130.39999999999969       -1.1965611455140011     
   131.19999999999970       -1.1407784775647918     
   131.99999999999972      -0.83941932983756185     
   132.79999999999973      -0.41652856373202723     
   133.59999999999974        4.2935335996224455E-002
   134.39999999999975       0.50859372591379526     
   135.19999999999976       0.92928194484568061     
   135.99999999999977        1.1830147533470778     
   136.79999999999978        1.1586268649139788     
   137.59999999999980       0.88157103304664386     
   138.39999999999981       0.47342810613198227     
   139.19999999999982        2.4326605090523479E-002
   139.99999999999983      -0.43598229142393169     
   140.79999999999984      -0.86806539775578995     
   141.59999999999985       -1.1595461768269217     
   142.39999999999986       -1.1840993707848428     
   143.19999999999987      -0.93918015420080547     
   143.99999999999989      -0.53959580715096744     
   144.79999999999990       -8.7673075789875710E-002
   145.59999999999991       0.37747384490546143     
   146.39999999999992       0.81997263824563305     
   147.19999999999993        1.1362560693997306     
   147.99999999999994        1.1958815324898608     
   148.79999999999995       0.97965958091085725     
   149.59999999999997       0.59551213543699866     
   150.39999999999998       0.15175967515940159     
   151.19999999999999      -0.30843612680292481     
   152.00000000000000      -0.75670201391575209     
   152.80000000000001       -1.1015660400490346     
   153.60000000000002       -1.2068413857511784     
   154.40000000000003       -1.0277464824135465     
   155.20000000000005      -0.65877544700929214     
   156.00000000000006      -0.21625928430619518     
   156.80000000000007       0.24624420059351421     
   157.60000000000008       0.70158703358848085     
   158.40000000000009        1.0680443367650911     
   159.20000000000010        1.2095111382007722     
   160.00000000000011        1.0639456814688095     
   160.80000000000013       0.71348868104532159     
   161.60000000000014       0.27873545179963655     
   162.40000000000015      -0.17948590774053202     
   163.20000000000016      -0.63710109363154754     
   164.00000000000017       -1.0244376647519839     
   164.80000000000018       -1.2070887428888959     
   165.60000000000019       -1.1020129533148939     
   166.40000000000020      -0.77275055063675735     
   167.20000000000022      -0.34299260495230327     
   168.00000000000023       0.11557500532204873     
   168.80000000000024       0.57722003956933654     
   169.60000000000025       0.98159983910652060     
   170.40000000000026        1.1989573994574743     
   171.20000000000027        1.1314054816730232     
   172.00000000000028       0.82519865996431685     
   172.80000000000030       0.40445796871816175     
   173.60000000000031       -5.0254556160194364E-002
   174.40000000000032      -0.51207377898170470     
   175.20000000000033      -0.93094127425182738     
   176.00000000000034       -1.1841147233759559     
   176.80000000000035       -1.1588244354149808     
   177.60000000000036      -0.87946222747855085     
   178.40000000000038      -0.46762008500041125     
   179.20000000000039       -1.4193617776912082E-002
   180.00000000000040       0.44931531367539990     
   180.80000000000041       0.88041870049368320     
   181.60000000000042        1.1646926063958238     
   182.40000000000043        1.1792627093339325     
   183.20000000000044       0.92812370313860404     
   184.00000000000045       0.52801549592292085     
   184.80000000000047        7.8565755312035745E-002
   185.60000000000048      -0.38392483309485487     
   186.40000000000049      -0.82435683829017758     
   187.20000000000050       -1.1384776666868059     
   188.00000000000051       -1.1953708544734722     
   188.80000000000052      -0.97627217561022905     
   189.60000000000053      -0.58939291750154132     
   190.40000000000055      -0.14288504184080064     
   191.20000000000056       0.31968264161157917     
   192.00000000000057       0.76800752333344735     
   192.80000000000058        1.1082359589995201     
   193.60000000000059        1.2052573758051601     
   194.40000000000060        1.0194073959736705     
   195.20000000000061       0.64818417652829985     
   196.00000000000063       0.20653123294134756     
   196.80000000000064      -0.25435762264100165     
   197.60000000000065      -0.70803221100696301     
   198.40000000000066       -1.0719215270044784     
   199.20000000000067       -1.2095482479315065     
   200.00000000000068       -1.0601666910844165     
   200.80000000000069      -0.70701248857604559     
   201.60000000000070      -0.27032300667213122     
   202.40000000000072       0.18955925039290872     
   203.20000000000073       0.64762628502067943     
   204.00000000000074        1.0320221051972234     
   204.80000000000075        1.2079373307195975     
   205.60000000000076        1.0959936432546173     
   206.40000000000077       0.76329481804563393     
   207.20000000000078       0.33323826174732285     
   208.00000000000080      -0.12451013361133956     
   208.80000000000081      -0.58504147605621570     
   209.60000000000082      -0.98711699644625672     
   210.40000000000083       -1.2002497774452234     
   211.20000000000084       -1.1280095557290863     
   212.00000000000085      -0.81860864771095398     
   212.80000000000086      -0.39616973781778908     
   213.60000000000088        5.9715705107171779E-002
   214.40000000000089       0.52208337511946912     
   215.20000000000090       0.93914038439142389     
   216.00000000000091        1.1868910066437293     
   216.80000000000092        1.1548588929601169     
   217.60000000000093       0.87117718293136137     
   218.40000000000094       0.45812421295189187     
   219.20000000000095        4.9281035162307418E-003
   220.00000000000097      -0.45795973646416693     
   220.80000000000098      -0.88730473938315890     
   221.60000000000099       -1.1675363307160564     
   222.40000000000100       -1.1768421468375720     
   223.20000000000101      -0.92177404383049832     
   224.00000000000102      -0.51977900663215704     
   224.80000000000103       -6.9404354831842596E-002
   225.60000000000105       0.39361269440841534     
   226.40000000000106       0.83300124929350772     
   227.20000000000107        1.1428522308478066     
   228.00000000000108        1.1933111159092709     
   228.80000000000109       0.96919561159362133     
   229.60000000000110       0.58030066274020142     
   230.40000000000111       0.13355392547754585     
   231.20000000000113      -0.32876039712941141     
   232.00000000000114      -0.77591437926023910     
   232.80000000000115       -1.1126477299129571     
   233.60000000000116       -1.2042126562798934     
   234.40000000000117       -1.0136721655599803     
   235.20000000000118      -0.64007642756503391     
   236.00000000000119      -0.19751894425923849     
   236.80000000000121       0.26384552127693134     
   237.60000000000122       0.71699838891841539     
   238.40000000000123        1.0776413411544863     
   239.20000000000124        1.2093134119962894     
   240.00000000000125        1.0543773266386598     
   240.80000000000126       0.69842958912475117     
   241.60000000000127       0.26106403924510102     
   242.40000000000128      -0.19882295984898135     
   243.20000000000130      -0.65622387775719693     
   244.00000000000131       -1.0378482987610174     
   244.80000000000132       -1.2084917307615783     
   245.60000000000133       -1.0912213317048061     
   246.40000000000134      -0.75547740666694829     
   247.20000000000135      -0.32432783076833549     
   248.00000000000136       0.13386724187586557     
   248.80000000000138       0.59422273692937289     
   249.60000000000139       0.99395113233766563     
   250.40000000000140        1.2017713655310032     
   251.20000000000141        1.1236235021467080     
   252.00000000000142       0.81065353503415960     
   252.80000000000143       0.38706464405193575     
   253.60000000000144       -6.9022300654661195E-002
   254.40000000000146      -0.53110147008696917     
   255.20000000000147      -0.94613979472998189     
   256.00000000000148       -1.1891138502722807     
   256.80000000000149       -1.1513476124437663     
   257.60000000000150      -0.86386073309352907     
   258.40000000000151      -0.44933789007850178     
   259.20000000000152        4.3337316078326249E-003
   260.00000000000153       0.46726331858611569     
   260.80000000000155       0.89502551283093823     
   261.60000000000156        1.1707175097997424     
   262.40000000000157        1.1739884793403625     
   263.20000000000158       0.91459791209638408     
   264.00000000000159       0.51089987141856619     
   264.80000000000160        6.0131583911004816E-002
   265.60000000000161      -0.40285186459873024     
   266.40000000000163      -0.84090398929492505     
   267.20000000000164       -1.1466862264731743     
   268.00000000000165       -1.1912914810905448     
   268.80000000000166      -0.96261791228575344     
   269.60000000000167      -0.57171306790294052     
   270.40000000000168      -0.12437446710347727     
   271.20000000000169       0.33811188654814311     
   272.00000000000171       0.78430005527508473     
   272.80000000000172        1.1173430153450257     
   273.60000000000173        1.2030014786216663     
   274.40000000000174        1.0074584343896553     
   275.20000000000175       0.63151381827073805     
   276.00000000000176       0.18832294154676132     
   276.80000000000177      -0.27317151722694816     
   277.60000000000178      -0.72554516352500897     
   278.40000000000180       -1.0829331185504669     
   279.20000000000181       -1.2089346715942810     
   280.00000000000182       -1.0487858662401401     
   280.80000000000183      -0.69016000819428469     
   281.60000000000184      -0.25197406023470126     
   282.40000000000185       0.20816894811968673     
   283.20000000000186       0.66507052140044887     
   284.00000000000188        1.0438630535846831     
   284.80000000000189        1.2089842428306841     
   285.60000000000190        1.0861722909600895     
   286.40000000000191       0.74735529198284578     
   287.20000000000192       0.31524390708734612     
   288.00000000000193      -0.14319772823635868     
   288.80000000000194      -0.60318872781602151     
   289.60000000000196       -1.0004838691791407     
   290.40000000000197       -1.2030918034079137     
   291.20000000000198       -1.1192575549299251     
   292.00000000000199      -0.80286146345117804     
   292.80000000000200      -0.37809432635584794     
   293.60000000000201        7.8328629272478134E-002
   294.40000000000202       0.54023527951651806     
   295.20000000000203       0.95324432477059495     
   296.00000000000205        1.1913013604291731     
   296.80000000000206        1.1476632187993756     
   297.60000000000207       0.85634087539382153     
   298.40000000000208       0.44041341603978923     
   299.20000000000209       -1.3622454609165169E-002
   300.00000000000210      -0.47647002465683247     
   300.80000000000211      -0.90255124057627956     
   301.60000000000213       -1.1737022870852940     
   302.40000000000214       -1.1710588935921273     
   303.20000000000215      -0.90747709460349746     
   304.00000000000216      -0.50210799262370065     
   304.80000000000217       -5.0885882718341713E-002
   305.60000000000218       0.41213690380736961     
   306.40000000000219       0.84885507295675477     
   307.20000000000221        1.1504822915298005     
   308.00000000000222        1.1891441081883307     
   308.80000000000223       0.95589528992935879     
   309.60000000000224       0.56302140400311451     
   310.40000000000225       0.11515402069283426     
   311.20000000000226      -0.34742936197002855     
   312.00000000000227      -0.79256855505459800     
   312.80000000000229       -1.1218718736130819     
   313.60000000000230       -1.2016690902381126     
   314.40000000000231       -1.0012268304863021     
   315.20000000000232      -0.62299334323472444     
   316.00000000000233      -0.17915515756140132     
   316.80000000000234       0.28251090686503888     
   317.60000000000235       0.73410833463539671     
   318.40000000000236        1.0881796655808005     
   319.20000000000238        1.2084440527274320     
   320.00000000000239        1.0430767201191027     
   320.80000000000240       0.68180942534574751     
   321.60000000000241       0.24284467473028737     
   322.40000000000242      -0.21751090377941490     
   323.20000000000243      -0.67385227433534622     
   324.00000000000244       -1.0497477864703777     
   324.80000000000246       -1.2093403002380232     
   325.60000000000247       -1.0810572524155979     
   326.40000000000248      -0.73923709880424804     
   327.20000000000249      -0.30617903823265336     
   328.00000000000250       0.15252900740678155     
   328.80000000000251       0.61215664968603245     
   329.60000000000252        1.0069688488432587     
   330.40000000000254        1.2043050843366117     
   331.20000000000255        1.1147815703867459     
   332.00000000000256       0.79499884249298525     
   332.80000000000257       0.36908964445850873     
   333.60000000000258       -8.7643090722123396E-002
   334.40000000000259      -0.54933702978280419     
   335.20000000000260      -0.96025319994600400     
   336.00000000000261       -1.1933545098196958     
   336.80000000000263       -1.1438821110773807     
   337.60000000000264      -0.84879346995958793     
   338.40000000000265      -0.43149535996212496     
   339.20000000000266        2.2908921537230009E-002
   340.00000000000267       0.48567431243133941     
   340.80000000000268       0.91003299177311248     
   341.60000000000269        1.1765837193331570     
   342.40000000000271        1.1680170225506983     
   343.20000000000272       0.90028551807674750     
   344.00000000000273       0.49328458816232434     
   344.80000000000274        4.1628410155839068E-002
   345.60000000000275      -0.42140922487826482     
   346.40000000000276      -0.85673967554293906     
   347.20000000000277       -1.1541559312573606     
   348.00000000000279       -1.1868816739009966     
   348.80000000000280      -0.94911893577463124     
   349.60000000000281      -0.55432244869252956     
   350.40000000000282      -0.10593463217567672     
   351.20000000000283       0.35674480003500314     
   352.00000000000284       0.80080133001071085     
   352.80000000000285        1.1263047507602266     
   353.60000000000286        1.2002194829422901     
   354.40000000000288       0.99491677832028691     
   355.20000000000289       0.61443979161552176     
   356.00000000000290       0.16997502194679609     
   356.80000000000291      -0.29184815727113655     
   357.60000000000292      -0.74262827938900777     
   358.40000000000293       -1.0933210587763027     
   359.20000000000294       -1.2078295350289048     
   360.00000000000296       -1.0372917136443258     
   360.80000000000297      -0.67343715994975129     
   361.60000000000298      -0.23371310680403584     
   362.40000000000299       0.22685273705497089     
   363.20000000000300       0.68260838840521265     
   364.00000000000301        1.0555482591193215     
   364.80000000000302        1.2095763207739356     
   365.60000000000304        1.0758519660410544     
   366.40000000000305       0.73107948489263153     
   367.20000000000306       0.29710117625731797     
   368.00000000000307      -0.16186338874700740     
   368.80000000000308      -0.62109893549990280     
   369.60000000000309       -1.0133683292112119     
   370.40000000000310       -1.2053935804589107     
   371.20000000000312       -1.1102111908773635     
   372.00000000000313      -0.78709925481521503     
   372.80000000000314      -0.36007804022568868     
   373.60000000000315        9.6959393270217631E-002
   374.40000000000316       0.55842284760346317     
   375.20000000000317       0.96719273030875241     
   376.00000000000318        1.1952895650821818     
   376.80000000000319        1.1399980080406313     
   377.60000000000321       0.84119605769217842     
   378.40000000000322       0.42256188582712906     
   379.20000000000323       -3.2200810333661400E-002
   380.00000000000324      -0.49486553053340321     
   380.80000000000325      -0.91744914164212421     
   381.60000000000326       -1.1793463188259665     
   382.40000000000327       -1.1648661476804836     
   383.20000000000329      -0.89304072759191189     
   384.00000000000330      -0.48444782324034347     
   384.80000000000331       -3.2367414763955271E-002
   385.60000000000332       0.43067359129960103     
   386.40000000000333       0.86457114156737280     
   387.20000000000334        1.1577189987429599     
   388.00000000000335        1.1845053353527792     
   388.80000000000337       0.94227885546460366     
   389.60000000000338       0.54560295602505060     
   390.40000000000339        9.6708656032637230E-002
   391.20000000000340      -0.36605554645344457     
   392.00000000000341      -0.80898703853926768     
   392.80000000000342       -1.1306303423745487     
   393.60000000000343       -1.1986510287925349     
   394.40000000000344      -0.98853666667656603     
   395.20000000000346      -0.60586432680109426     
   396.00000000000347      -0.16078959125953285     
   396.80000000000348       0.30118321517441193     
   397.60000000000349       0.75111072214941077     
   398.40000000000350        1.0983643877776812     
   399.20000000000351        1.2070942789739207     
   400.00000000000352        1.0314275861043536     
   400.80000000000354       0.66503613998923339     
   401.60000000000355       0.22457357498746977     
   402.40000000000356      -0.23619501011340632     
   403.20000000000357      -0.69133346538367224     
   404.00000000000358       -1.0612570010086650     
   404.80000000000359       -1.2096893162526072     
   405.60000000000360       -1.0705600307090231     
   406.40000000000362      -0.72288898709078842     
   407.20000000000363      -0.28801545722220717     
   408.00000000000364       0.17119927654122891     
   408.80000000000365       0.63001735207553766     
   409.60000000000366        1.0196857307291149     
   410.40000000000367        1.2063600484218673     
   411.20000000000368        1.1055463213209440     
   412.00000000000369       0.77915962342319722     
   412.80000000000371       0.35105583048371136     
   413.60000000000372      -0.10627899958724102     
   414.40000000000373      -0.56749048120634638     
   415.20000000000374      -0.97405824684749232     
   416.00000000000375       -1.1971035843844273     
   416.80000000000376       -1.1360122106498549     
   417.60000000000377      -0.83355241578438344     
   418.40000000000379      -0.41361645769363353     
   419.20000000000380        4.1496399668241257E-002
   420.00000000000381       0.50404369082621747     
   420.80000000000382       0.92480077136724170     
   421.60000000000383        1.1819916667596189     
   422.40000000000384        1.1616072908667827     
   423.20000000000385       0.88574199857690483     
   424.00000000000387       0.47559576358208289     
   424.80000000000388        2.3101518429339440E-002
   425.60000000000389      -0.43992927187750236     
   426.40000000000390      -0.87234662334901136     
   427.20000000000391       -1.1611689817612474     
   428.00000000000392       -1.1820153532664748     
   428.80000000000393      -0.93537731910756383     
   429.60000000000394      -0.53686523921519747     
   430.40000000000396       -8.7477479053824525E-002
   431.20000000000397       0.37536102951682182     
   432.00000000000398       0.81712551051226379     
   432.80000000000399        1.1348490627679182     
   433.60000000000400        1.1969647925291542     
   434.40000000000401       0.98208700157612849     
   435.20000000000402       0.59726629553177568     
   436.00000000000404       0.15159790849654564     
   436.80000000000405      -0.31051600251346123     
   437.60000000000406      -0.75955392931638832     
   438.40000000000407       -1.1033075622614341     
   439.20000000000408       -1.2062380428268118     
   440.00000000000409       -1.0254858315229471     
   440.80000000000410      -0.65660801652776901     
   441.60000000000412      -0.21542710451537561     
   442.40000000000413       0.24553710290678210     
   443.20000000000414       0.70002682142421735     
   444.00000000000415        1.0668735668668230     
   444.80000000000416        1.2096799065589594     
   445.60000000000417        1.0651824602764615     
   446.40000000000418       0.71466581999023693     
   447.20000000000420       0.27892140197787163     
   448.00000000000421      -0.18053681748799405     
   448.80000000000422      -0.63891083856575537     
   449.60000000000423       -1.0259192913771855     
   450.40000000000424       -1.2072039246939898     
   451.20000000000425       -1.1007880324766757     
   452.00000000000426      -0.77118128677434128     
   452.80000000000427      -0.34202380689450373     
   453.60000000000429       0.11560142477625190     
   454.40000000000430       0.57653916296279006     
   455.20000000000431       0.98084880552108977     
   456.00000000000432        1.1987965931229350     
   456.80000000000433        1.1319257867208976     
   457.60000000000434       0.82586330467409974     
   458.40000000000435       0.40465903178707713     
   459.20000000000437       -5.0795860148965921E-002
   460.00000000000438      -0.51320814947660398     
   460.80000000000439      -0.93208637944369233     
   461.60000000000440       -1.1845189276212256     
   462.40000000000441       -1.1582412113073817     
   463.20000000000442      -0.87839055466682736     
   464.00000000000443      -0.46672911997982425     
   464.80000000000445       -1.3831063613705119E-002
   465.60000000000446       0.44917562122981869     
   466.40000000000447       0.88006498479219264     
   467.20000000000448        1.1645053494618673     
   468.00000000000449        1.1794125673805047     
   468.80000000000450       0.92841538878823471     
   469.60000000000451       0.52810962696355801     
   470.40000000000452        7.8241004440279149E-002
   471.20000000000454      -0.38466087311947711     
   472.00000000000455      -0.82521548011372947     
   472.80000000000456       -1.1389598421257934     
   473.60000000000457       -1.1951612071648490     
   474.40000000000458      -0.97556896372839164     
   475.20000000000459      -0.58864645199995236     
   476.00000000000460      -0.14240024207963098     
   476.80000000000462       0.31984606007848804     
   477.60000000000463       0.76795679226854996     
   478.40000000000464        1.1081496298553186     
   479.20000000000465        1.2052612722600908     
   480.00000000000466        1.0194676216745318     
   480.80000000000467       0.64815343079384991     
   481.60000000000468       0.20627372790905757     
   482.40000000000470      -0.25487881188075817     
   483.20000000000471      -0.70868742751432512     
   484.00000000000472       -1.0723967214161909     
   484.80000000000473       -1.2095481460285435     
   485.60000000000474       -1.0597203721248345     
   486.40000000000475      -0.70641085614303267     
   487.20000000000476      -0.26981929243267488     
   488.00000000000477       0.18987572389824520     
   488.80000000000479       0.64777844733128709     
   489.60000000000480        1.0320678094111166     
   490.40000000000481        1.2079251859013609     
   491.20000000000482        1.0959374425261852     
   492.00000000000483       0.76316513764212457     
   492.80000000000484       0.33298216812989723     
   493.60000000000485      -0.12492656678392133     
   494.40000000000487      -0.58556810420581307     
   495.20000000000488      -0.98756310367457523     
   496.00000000000489       -1.2003682367968198     
   496.80000000000490       -1.1277397092303358     
   497.60000000000491      -0.81812973502375841     
   498.40000000000492      -0.39568998222433510     
   499.20000000000493        6.0099021488574766E-002
   500.00000000000495       0.52235817961116848     
   500.80000000000496       0.93930468406875334     
   501.60000000000497        1.1869276137790261     
   502.40000000000498        1.1547688270482306     
   503.20000000000499       0.87098746881911993     
   504.00000000000500       0.45784828372654224     
   504.80000000000501        4.5561153424510947E-003
   505.60000000000502      -0.45841207943320439     
   506.40000000000504      -0.88772496211147112     
   507.20000000000505       -1.1677273614662396     
   508.00000000000506       -1.1766976967892595     
   508.80000000000507      -0.92139418278927954     
   509.60000000000508      -0.51933664529032875     
   510.40000000000509       -6.8999357566922770E-002
   511.20000000000510       0.39395457407784096     
   512.00000000000512       0.83325572673330583     
   512.80000000000507        1.1429618010238933     
   513.60000000000502        1.1932408649765138     
   514.40000000000498       0.96898371953219753     
   515.20000000000493       0.58000539692104591     
   516.00000000000489       0.13319668430116904     
   516.80000000000484      -0.32917302511152324     
   517.60000000000480      -0.77631817914549539     
   518.40000000000475       -1.1128895439354654     
   519.20000000000471       -1.2041643287776707     
   520.00000000000466       -1.0133741112944388     
   520.80000000000462      -0.63967309555496943     
   521.60000000000457      -0.19711360152458418     
   522.40000000000452       0.26421982361456270     
   523.20000000000448       0.71731422529352895     
   524.00000000000443        1.0778253138272982     
   524.80000000000439        1.2092942124179369     
   525.60000000000434        1.0541749220061243     
   526.40000000000430       0.69812490568242846     
   527.20000000000425       0.26070930863520086     
   528.00000000000421      -0.19921578320986044     
   528.80000000000416      -0.65661924366283020     
   529.60000000000412       -1.0381300515705199     
   530.40000000000407       -1.2085237695837019     
   531.20000000000402       -1.0909956402078342     
   532.00000000000398      -0.75511207838187810     
   532.80000000000393      -0.32393116887985662     
   533.60000000000389       0.13425424763359983     
   534.40000000000384       0.59457646531353014     
   535.20000000000380       0.99419986089067047     
   536.00000000000375        1.2018182446000401     
   536.80000000000371        1.1234550037401980     
   537.60000000000366       0.81035270047804697     
   538.40000000000362       0.38670962789842789     
   539.20000000000357       -6.9405763453144143E-002
   540.00000000000352      -0.53149307270007529     
   540.80000000000348      -0.94645439822153654     
   541.60000000000343       -1.1892172311236999     
   542.40000000000339       -1.1511910396778140     
   543.20000000000334      -0.86353380027412152     
   544.00000000000330      -0.44895366094391609     
   544.80000000000325        4.7232177085337890E-003
   545.60000000000321       0.46763803830692718     
   546.40000000000316       0.89532528169769743     
   547.20000000000312        1.1708343281493396     
   548.00000000000307        1.1738715127225041     
   548.80000000000302       0.91431482321891833     
   549.60000000000298       0.51054679080277043     
   550.40000000000293        5.9752632453195453E-002
   551.20000000000289      -0.40324164266700607     
   552.00000000000284      -0.84124503052591371     
   552.80000000000280       -1.1468540695734841     
   553.60000000000275       -1.1912043607704073     
   554.40000000000271      -0.96233241952098592     
   555.20000000000266      -0.57134372402024258     
   556.00000000000261      -0.12398734630182590     
   556.80000000000257       0.33849649796580789     
   557.60000000000252       0.78463693448071026     
   558.40000000000248        1.1175262839036790     
   559.20000000000243        1.2029476211643477     
   560.00000000000239        1.0072064686168241     
   560.80000000000234       0.63116770716600157     
   561.60000000000230       0.18794686139404210     
   562.40000000000225      -0.27355983221551544     
   563.20000000000221      -0.72590615448133300     
   564.00000000000216       -1.0831582055813627     
   564.80000000000211       -1.2089183013913460     
   565.60000000000207       -1.0485472579933075     
   566.40000000000202      -0.68980876300304761     
   567.20000000000198      -0.25159163267049534     
   568.00000000000193       0.20855675860402001     
   568.80000000000189       0.66543226566532898     
   569.60000000000184        1.0441047927767722     
   570.40000000000180        1.2089996542894141     
   571.20000000000175        1.0859637337331860     
   572.00000000000171       0.74702300173659109     
   572.80000000000166       0.31487104873549548     
   573.60000000000161      -0.14358429328485250     
   574.40000000000157      -0.60356340040763312     
   575.20000000000152       -1.0007578041147824     
   576.00000000000148       -1.2031463716017423     
   576.80000000000143       -1.1190727003107162     
   577.60000000000139      -0.80253317861480333     
   578.40000000000134      -0.37771827940853520     
   579.20000000000130        7.8715952828888436E-002
   580.00000000000125       0.54061209494017992     
   580.80000000000121       0.95353423062631570     
   581.60000000000116        1.1913873189608024     
   582.40000000000111        1.1475087756037490     
   583.20000000000107       0.85603060348803495     
   584.00000000000102       0.44004564432005994     
   584.80000000000098       -1.4006830237472290E-002
   585.60000000000093      -0.47685288075877746     
   586.40000000000089      -0.90286466954329880     
   587.20000000000084       -1.1738255860136484     
   588.00000000000080       -1.1709348030910371     
   588.80000000000075      -0.90717842089436873     
   589.60000000000070      -0.50174054615616481     
   590.40000000000066       -5.0500926727199857E-002
   591.20000000000061       0.41252156852319177     
   592.00000000000057       0.84918215924111751     
   592.80000000000052        1.1506358021460501     
   593.60000000000048        1.1890523190033053     
   594.40000000000043       0.95561621453613188     
   595.20000000000039       0.56266201377501135     
   596.00000000000034       0.11477233411161403     
   596.80000000000030      -0.34781606984600866     
   597.60000000000025      -0.79291189508884130     
   598.40000000000020       -1.1220588495455701     
   599.20000000000016       -1.2016115842997204     
   600.00000000000011       -1.0009658583659720     
   600.80000000000007      -0.62263794597040145     
   601.60000000000002      -0.17877363982183414     
   602.39999999999998       0.28289851676828287     
   603.19999999999993       0.73446213774800895     
   603.99999999999989        1.0883942721520192     
   604.79999999999984        1.2084206412293528     
   605.59999999999980        1.0428385348499187     
   606.39999999999975       0.68146320984651521     
   607.19999999999970       0.24246643874842022     
   607.99999999999966      -0.21789840588085901     
   608.79999999999961      -0.67421653864295794     
   609.59999999999957       -1.0499908192511265     
   610.39999999999952       -1.2093528494573189     
   611.19999999999948       -1.0808428372961336     
   611.99999999999943      -0.73889878554327559     
   612.79999999999939      -0.30580203821588176     
   613.59999999999934       0.15291652047592347     
   614.39999999999930       0.61252804500549729     
   615.19999999999925        1.0072356640556634     
   615.99999999999920        1.2043524051116512     
   616.79999999999916        1.1145938433776510     
   617.59999999999911       0.79467213659303038     
   618.39999999999907       0.36871623664394793     
   619.19999999999902       -8.8029452321550905E-002
   619.99999999999898      -0.54971449764874780     
   620.79999999999893      -0.96054289156400419     
   621.59999999999889       -1.1934374469124556     
   622.39999999999884       -1.1437229771568271     
   623.19999999999879      -0.84847892184686713     
   623.99999999999875      -0.43112461383340051     
   624.79999999999870        2.3294613535805087E-002
   625.59999999999866       0.48605597221069091     
   626.39999999999861       0.91034184650048311     
   627.19999999999857        1.1767004994506074     
   627.99999999999852        1.1678883781275895     
   628.79999999999848       0.89998608046695927     
   629.59999999999843       0.49291838098640184     
   630.39999999999839        4.1244337770883766E-002
   631.19999999999834      -0.42179382711819519     
   631.99999999999829      -0.85706587375813048     
   632.79999999999825       -1.1543061779808341     
   633.59999999999820       -1.1867853888061572     
   634.39999999999816      -0.94883625038126862     
   635.19999999999811      -0.55396083193606382     
   635.99999999999807      -0.10555175159699581     
   636.79999999999802       0.35713131747971250     
   637.59999999999798       0.80114188595246005     
   638.39999999999793        1.1264862607607657     
   639.19999999999789        1.2001566818321836     
   639.99999999999784       0.99465344532096667     
   640.79999999999779       0.61408447822675549     
   641.59999999999775       0.16959406431140256     
   642.39999999999770      -0.29223554484660297     
   643.19999999999766      -0.74298108488735770     
   643.99999999999761       -1.0935324051011972     
   644.79999999999757       -1.2078014906519343     
   645.59999999999752       -1.0370499101035380     
   646.39999999999748      -0.67308901320863512     
   647.19999999999743      -0.23333389408595051     
   647.99999999999739       0.22724047043408963     
   648.79999999999734       0.68297107207561059     
   649.59999999999729        1.0557869276422165     
   650.39999999999725        1.2095833964394753     
   651.19999999999720        1.0756340730555545     
   651.99999999999716       0.73074029450331257     
   652.79999999999711       0.29672435900116007     
   653.59999999999707      -0.16225073828444508     
   654.39999999999702      -0.62146951869557698     
   655.19999999999698       -1.0136321774993111     
   655.99999999999693       -1.2054361642801656     
   656.79999999999688       -1.1100194891214807     
   657.59999999999684      -0.78677052915206813     
   658.39999999999679      -0.35970378870589115     
   659.19999999999675        9.7346118956521455E-002
   659.99999999999670       0.55879951521708848     
   660.79999999999666       0.96747909202487903     
   661.59999999999661        1.1953672152577657     
   662.39999999999657        1.1398346034022426     
   663.19999999999652       0.84087978885966530     
   663.99999999999648       0.42219093744077352     
   664.79999999999643       -3.2586455901134626E-002
   665.59999999999638      -0.49524666205141343     
   666.39999999999634      -0.91775553021888889     
   667.19999999999629       -1.1794584613383750     
   667.99999999999625       -1.1647330687814414     
   668.79999999999620      -0.89273889874642942     
   669.59999999999616      -0.48408075146797613     
   670.39999999999611       -3.1982963518025764E-002
   671.19999999999607       0.43105787843292376     
   671.99999999999602       0.86489492744797625     
   672.79999999999598        1.1578644013896380     
   673.59999999999593        1.1844042441434228     
   674.39999999999588       0.94199366838556431     
   675.19999999999584       0.54524073020754238     
   675.99999999999579        9.6325700620616461E-002
   676.79999999999575      -0.36644180373226726     
   677.59999999999570      -0.80932572159584892     
   678.39999999999566       -1.1308075586097066     
   679.19999999999561       -1.1985834053654902     
   679.99999999999557      -0.98827039296531738     
   680.79999999999552      -0.60550795555259984     
   681.59999999999548      -0.16040825793269220     
   682.39999999999543       0.30157057166275081     
   683.19999999999538       0.75146189236290306     
   683.99999999999534        1.0985715123535273     
   684.79999999999529        1.2070611387814441     
   685.59999999999525        1.0311825440821414     
   686.39999999999520       0.66468692578187971     
   687.19999999999516       0.22419415927444553     
   687.99999999999511      -0.23658268735249921     
   688.79999999999507      -0.69169486043547979     
   689.59999999999502       -1.0614919261546822     
   690.39999999999498       -1.2096913683107842     
   691.19999999999493       -1.0703385700405346     
   691.99999999999488      -0.72254837958453022     
   692.79999999999484      -0.28763822407930340     
   693.59999999999479       0.17158674755093800     
   694.39999999999475       0.63038692477283909     
   695.19999999999470        1.0199460876525281     
   695.99999999999466        1.2063975001694363     
   696.79999999999461        1.1053507051530640     
   697.59999999999457       0.77882929874667017     
   698.39999999999452       0.35068121429075205     
   699.19999999999447      -0.10666580388397806     
   699.99999999999443      -0.56786636546062574     
   700.79999999999438      -0.97434154469573042     
   701.59999999999434       -1.1971762552229899     
   702.39999999999429       -1.1358446292674411     
   703.19999999999425      -0.83323422753704224     
   703.99999999999420      -0.41324497111658015     
   704.79999999999416        4.1882242197380015E-002
   705.59999999999411       0.50442428329042110     
   706.39999999999407       0.92510443548313737     
   707.19999999999402        1.1820988933506880     
   707.99999999999397        1.1614697262698528     
   708.79999999999393       0.88543796455252977     
   709.59999999999388       0.47522810061473436     
   710.39999999999384        2.2716902791887872E-002
   711.19999999999379      -0.44031316697769685     
   711.99999999999375      -0.87266806691500165     
   712.79999999999370       -1.1613097023766767     
   713.59999999999366       -1.1819095831943065     
   714.39999999999361      -0.93508960475508640     
   715.19999999999357      -0.53650224620287035     
   715.99999999999352       -8.7094281396612239E-002
   716.79999999999347       0.37574707726312018     
   717.59999999999343       0.81746220634364608     
   718.39999999999338        1.1350218058427224     
   719.19999999999334        1.1968922740905772     
   719.99999999999329       0.98181786310472918     
   720.79999999999325       0.59690901506818816     
   721.59999999999320       0.15121633968120712     
   722.39999999999316      -0.31090323989218194     
   723.19999999999311      -0.75990344377334862     
   723.99999999999307       -1.1035105189793786     
   724.79999999999302       -1.2061999048401555     
   725.59999999999297       -1.0252375992278400     
   726.39999999999293      -0.65625768579708577     
   727.19999999999288      -0.21504738855562811     
   727.99999999999284       0.24592478107580984     
   728.79999999999279       0.70038688330953236     
   729.59999999999275        1.0671046351892670     
   730.39999999999270        1.2096768697462472     
   731.19999999999266        1.0649574636009018     
   731.99999999999261       0.71432387796413499     
   732.79999999999256       0.27854383805659799     
   733.59999999999252      -0.18092434058983803     
   734.39999999999247      -0.63927935043108719     
   735.19999999999243       -1.0261761449260081     
   735.99999999999238       -1.2072362958086880     
   736.79999999999234       -1.1005885698145470     
   737.59999999999229      -0.77084937525382224     
   738.39999999999225      -0.34164878189359632     
   739.19999999999220       0.11598835202055630     
   739.99999999999216       0.57691424957749526     
   740.79999999999211       0.98112896457856014     
   741.59999999999206        1.1988642291781486     
   742.39999999999202        1.1317540449324439     
   743.19999999999197       0.82554325013896290     
   743.99999999999193       0.40428705908824308     
   744.79999999999188       -5.1181853499625396E-002
   745.59999999999184      -0.51358815251877588     
   746.39999999999179      -0.93238727487412554     
   747.19999999999175       -1.1846212463473555     
   747.99999999999170       -1.1580992214487464     
   748.79999999999166      -0.87808435829341414     
   749.59999999999161      -0.46636085840699082     
   750.39999999999156       -1.3446255670533369E-002
   751.19999999999152       0.44955912161271039     
   751.99999999999147       0.88038403249641450     
   752.79999999999143        1.1646413371255382     
   753.59999999999138        1.1793021278256286     
   754.39999999999134       0.92812519015310446     
   755.19999999999129       0.52774590357292561     
   755.99999999999125        7.7857592855892166E-002
   756.79999999999120      -0.38504667233268530     
   757.59999999999116      -0.82555013479487283     
   758.39999999999111       -1.1391280875322258     
   759.19999999999106       -1.1950838343446830     
   759.99999999999102      -0.97529701532841473     
   760.79999999999097      -0.58828827940882122     
   761.59999999999093      -0.14201842481181592     
   762.39999999999088       0.32023317940892049     
   763.19999999999084       0.76830461017705343     
   763.99999999999079        1.1083483678632280     
   764.79999999999075        1.2052181378483064     
   765.59999999999070        1.0192162395392761     
   766.39999999999065       0.64780201699694684     
   767.19999999999061       0.20589373014184920     
   767.99999999999056      -0.25526646511358192     
   768.79999999999052      -0.70904610565521953     
   769.59999999999047       -1.0726238880759544     
   770.39999999999043       -1.2095400368749005     
   771.19999999999038       -1.0594918947768068     
   771.99999999999034      -0.70606761288564479     
   772.79999999999029      -0.26944139742963413     
   773.59999999999025       0.19026330087065491     
   774.39999999999020       0.64814586688350995     
   775.19999999999015        1.0323211076395493     
   775.99999999999011        1.2079524662115106     
   776.79999999999006        1.0957341715411881     
   777.59999999999002       0.76283167577038569     
   778.39999999998997       0.33260675005985096     
   779.19999999998993      -0.12531360171028516     
   779.99999999998988      -0.58594235218424684     
   780.79999999998984      -0.98784006968315297     
   781.59999999998979       -1.2004308308303333     
   782.39999999998975       -1.1275638551791138     
   783.19999999998970      -0.81780785787190724     
   783.99999999998965      -0.39531753403756986     
   784.79999999998961        6.0485166735957552E-002
   785.59999999998956       0.52273756983781328     
   786.39999999998952       0.93960275938634408     
   787.19999999998947        1.1870250007198635     
   787.99999999998943        1.1546224441999817     
   788.79999999998938       0.87067915160211795     
   789.59999999998934       0.45747944196116175     
   790.39999999998929        4.1711238544199225E-003
   791.19999999998925      -0.45879515540831339     
   791.99999999998920      -0.88804155881640368     
   792.79999999998915       -1.1678585884917041     
   793.59999999998911       -1.1765826230395753     
   794.39999999998906      -0.92110154925450316     
   795.19999999998902      -0.51897221211245004     
   795.99999999998897       -6.8615733006676782E-002
   796.79999999998893       0.39434010859668323     
   797.59999999998888       0.83358829227775122     
   798.39999999998884        1.1431255116696433     
   799.19999999998879        1.1931586591593271     
