   0.0000000000000000       0.42448115435969064     
  0.80000000000000004       0.75269583523170502     
   1.6000000000000001       0.23752428580532381     
   2.4000000000000004      -0.71860358646767197     
   3.2000000000000002      -0.99262258925545210     
   4.0000000000000000      -0.21231427378514378     
   4.7999999999999998       0.69922024451428988     
   5.5999999999999996       0.73575851697336525     
   6.3999999999999995        5.3238452950425841E-002
   7.1999999999999993      -0.36717956390868467     
   7.9999999999999991      -0.11833347897319940     
   8.7999999999999989       0.18374586549472033     
   9.5999999999999996       -7.4496592329322653E-002
   10.400000000000000      -0.53441399281526170     
   11.200000000000001      -0.37710963854104740     
   12.000000000000002       0.40526139531455907     
   12.800000000000002       0.86098224945631763     
   13.600000000000003       0.34180270388376177     
   14.400000000000004      -0.54855663893666806     
   15.200000000000005      -0.74303249833190788     
   16.000000000000004      -0.10464438800807330     
   16.800000000000004       0.45035952334465235     
   17.600000000000005       0.26437781919999881     
   18.400000000000006      -0.21615125255074291     
   19.200000000000006      -0.18172103733878045     
   20.000000000000007       0.32317218413962034     
   20.800000000000008       0.46604288327871879     
   21.600000000000009      -0.11743414159986509     
   22.400000000000009      -0.71044994609154644     
   23.200000000000010      -0.46917408938852456     
   24.000000000000011       0.35755528460674568     
   24.800000000000011       0.73071088028537956     
   25.600000000000012       0.21549868098474734     
   26.400000000000013      -0.44477635070543309     
   27.200000000000014      -0.39816690253742859     
   28.000000000000014       0.16347663991063799     
   28.800000000000015       0.35113073594270527     
   29.600000000000016      -0.10785112278610992     
   30.400000000000016      -0.48366195063071277     
   31.200000000000017      -0.12987588281660900     
   32.000000000000014       0.53069263482956763     
   32.800000000000011       0.56139454795156052     
   33.600000000000009      -0.14706183012266227     
   34.400000000000006      -0.68067025944554960     
   35.200000000000003      -0.34733471035618813     
   36.000000000000000       0.36793160826144899     
   36.799999999999997       0.50379166875172798     
   37.599999999999994       -4.7354165745879029E-002
   38.399999999999991      -0.43569342014857965     
   39.199999999999989      -0.10136874559812636     
   39.999999999999986       0.42900549534502908     
   40.799999999999983       0.32343255267896326     
   41.599999999999980      -0.32563165707237968     
   42.399999999999977      -0.60018788641802989     
   43.199999999999974       -6.4264141853434653E-002
   43.999999999999972       0.58384574533701994     
   44.799999999999969       0.46947501466209562     
   45.599999999999966      -0.23551002823526179     
   46.399999999999963      -0.56338623458059156     
   47.199999999999960      -0.10535457694721728     
   47.999999999999957       0.43880774118699195     
   48.799999999999955       0.28659318683371326     
   49.599999999999952      -0.31219181550142205     
   50.399999999999949      -0.45195546624509098     
   51.199999999999946       0.10807286147185480     
   51.999999999999943       0.57712551145225444     
   52.799999999999940       0.25693704003943990     
   53.599999999999937      -0.44111103958403647     
   54.399999999999935      -0.55760273423617779     
   55.199999999999932        6.6566634114341161E-002
   55.999999999999929       0.56486699586074396     
   56.799999999999926       0.26673873758344818     
   57.599999999999923      -0.36893794830986432     
   58.399999999999920      -0.42928814095406898     
   59.199999999999918       0.15062161474715663     
   59.999999999999915       0.50830081540831484     
   60.799999999999912       0.10410627457197863     
   61.599999999999909      -0.49250356098366477     
   62.399999999999906      -0.41202261353921843     
   63.199999999999903       0.26208368668496185     
   63.999999999999901       0.59452871976310717     
   64.799999999999898       0.11668890196744097     
   65.599999999999895      -0.50450512200564390     
   66.399999999999892      -0.41063359133178901     
   67.199999999999889       0.24057257350835992     
   67.999999999999886       0.51446700208558394     
   68.799999999999883        3.3782818044371998E-002
   69.599999999999881      -0.49136657239757153     
   70.399999999999878      -0.29118413020618955     
   71.199999999999875       0.35469003693915097     
   71.999999999999872       0.51362258960612917     
   72.799999999999869       -6.2940810446427631E-002
   73.599999999999866      -0.57119222284332161     
   74.399999999999864      -0.29087998420346833     
   75.199999999999861       0.38728264507136795     
   75.999999999999858       0.51503920166547179     
   76.799999999999855       -7.3395323027527382E-002
   77.599999999999852      -0.53331922074061122     
   78.399999999999849      -0.21718243492227896     
   79.199999999999847       0.40710420646690848     
   79.999999999999844       0.43463215159442187     
   80.799999999999841      -0.17883573004047532     
   81.599999999999838      -0.55120985946032752     
   82.399999999999835      -0.13620297732801701     
   83.199999999999832       0.48715997456467575     
   83.999999999999829       0.43399682266828954     
   84.799999999999827      -0.22588312392445620     
   85.599999999999824      -0.56417167941447621     
   86.399999999999821      -0.10958002998154565     
   87.199999999999818       0.48465519580357258     
   87.999999999999815       0.37642820141074862     
   88.799999999999812      -0.26838303982845302     
   89.599999999999810      -0.51987542552713695     
   90.399999999999807       -1.5128920271800794E-002
   91.199999999999804       0.52127462737990526     
   91.999999999999801       0.31407291020719519     
   92.799999999999798      -0.35028825495185345     
   93.599999999999795      -0.52794817239640524     
   94.399999999999793        3.8755420213500313E-002
   95.199999999999790       0.54993084246542345     
   95.999999999999787       0.28436233416452616     
   96.799999999999784      -0.37522695855956645     
   97.599999999999781      -0.49162635227873186     
   98.399999999999778        9.3731737117764391E-002
   99.199999999999775       0.53846502974330579     
   99.999999999999773       0.20490903288848256     
   100.79999999999977      -0.42805410733777488     
   101.59999999999977      -0.45105105716489974     
   102.39999999999976       0.17541793433834357     
   103.19999999999976       0.56070921599116719     
   103.99999999999976       0.15231706847888660     
   104.79999999999976      -0.47259309151825069     
   105.59999999999975      -0.42852879076568884     
   106.39999999999975       0.21892165424823007     
   107.19999999999975       0.54841259162802325     
   107.99999999999974        9.4693761561194356E-002
   108.79999999999974      -0.48942090882366585     
   109.59999999999974      -0.36845928757544905     
   110.39999999999974       0.28318234190553643     
   111.19999999999973       0.53179148204010818     
   111.99999999999973        1.7691450721452839E-002
   112.79999999999973      -0.52776791467111395     
   113.59999999999972      -0.32485595875387074     
   114.39999999999972       0.34055923647986308     
   115.19999999999972       0.52371662976620104     
   115.99999999999972       -3.5014491705826045E-002
   116.79999999999971      -0.53962470904354065     
   117.59999999999971      -0.27352867577420448     
   118.39999999999971       0.37957936919452384     
   119.19999999999970       0.48662832773337211     
   119.99999999999970      -0.10428923239939353     
   120.79999999999970      -0.54728589208065670     
   121.59999999999970      -0.20682669191834419     
   122.39999999999969       0.43269244352098152     
   123.19999999999969       0.45838941372593961     
   123.99999999999969      -0.16909604714455279     
   124.79999999999968      -0.55772226805465741     
   125.59999999999968      -0.15413550496669637     
   126.39999999999968       0.46615598964354421     
   127.19999999999968       0.42078465276505367     
   127.99999999999967      -0.22284088324229040     
   128.79999999999967      -0.54552464861367023     
   129.59999999999968       -8.7118326676628777E-002
   130.39999999999969       0.49613407051280445     
   131.19999999999970       0.36996635493248792     
   131.99999999999972      -0.28666563461368394     
   132.79999999999973      -0.53696827569955519     
   133.59999999999974       -2.1700192724646516E-002
   134.39999999999975       0.52591863396797933     
   135.19999999999976       0.32564491680383612     
   135.99999999999977      -0.33681931280785349     
   136.79999999999978      -0.51838168385935357     
   137.59999999999980        3.8464830618717638E-002
   138.39999999999981       0.53826827886866124     
   139.19999999999982       0.26812807373755410     
   139.99999999999983      -0.38485004857343219     
   140.79999999999984      -0.48794428110127497     
   141.59999999999985       0.10701144254881612     
   142.39999999999986       0.55115494465662263     
   143.19999999999987       0.20935034401134900     
   143.99999999999989      -0.43180238639708624     
   144.79999999999990      -0.45875159529892939     
   145.59999999999991       0.16716757279509820     
   146.39999999999992       0.55428894647990379     
   147.19999999999993       0.15120923444015955     
   147.99999999999994      -0.46590907210571553     
   148.79999999999995      -0.41704843097045485     
   149.59999999999997       0.22708823406718415     
   150.39999999999998       0.54682734424361357     
   151.19999999999999        8.4966611722799290E-002
   152.00000000000000      -0.49923904803039376     
   152.80000000000001      -0.37162285650524440     
   153.60000000000002       0.28651469396657037     
   154.40000000000003       0.53729166375598347     
   155.20000000000005        2.2494121097059616E-002
   156.00000000000006      -0.52397901301479433     
   156.80000000000007      -0.32330638499469755     
   157.60000000000008       0.33734279266651279     
   158.40000000000009       0.51597815674627234     
   159.20000000000010       -4.1925449552381977E-002
   160.00000000000011      -0.53967551356118237     
   160.80000000000013      -0.26648227971289173     
   161.60000000000014       0.38750774701906576     
   162.40000000000015       0.48918232608419204     
   163.20000000000016      -0.10736058469491799     
   164.00000000000017      -0.55166393680616521     
   164.80000000000018      -0.20952720113543483     
   165.60000000000019       0.43100378656907562     
   166.40000000000020       0.45705511572254065     
   167.20000000000022      -0.16816869561073888     
   168.00000000000023      -0.55298106692267857     
   168.80000000000024      -0.14842584523347080     
   169.60000000000025       0.46746932842948763     
   170.40000000000026       0.41590963798820690     
   171.20000000000027      -0.22945058695272225     
   172.00000000000028      -0.54795473092975966     
   172.80000000000030       -8.4356479816453889E-002
   173.60000000000031       0.50003106022146693     
   174.40000000000032       0.37157231044280059     
   175.20000000000033      -0.28653682966075200     
   176.00000000000034      -0.53626424257033622     
   176.80000000000035       -2.1275652980702664E-002
   177.60000000000036       0.52356854832270017     
   178.40000000000038       0.32116817144871096     
   179.20000000000039      -0.33903700020531252     
   180.00000000000040      -0.51536702872252993     
   180.80000000000041        4.4029097553311747E-002
   181.60000000000042       0.54087924056243675     
   182.40000000000043       0.26583371862641503     
   183.20000000000044      -0.38858186021833774     
   184.00000000000045      -0.48918513956613935     
   184.80000000000047       0.10790788446162330     
   185.60000000000048       0.55129208467941360     
   186.40000000000049       0.20832066317173120     
   187.20000000000050      -0.43129886501280340     
   188.00000000000051      -0.45556429765830042     
   188.80000000000052       0.16992172452830390     
   189.60000000000053       0.55290480630881489     
   190.40000000000055       0.14661769821341419     
   191.20000000000056      -0.46883224272648238     
   192.00000000000057      -0.41541316096822523     
   192.80000000000058       0.23073313531685324     
   193.60000000000059       0.54819402600153255     
   194.40000000000060        8.3553652406490930E-002
   195.20000000000061      -0.50025426877838386     
   196.00000000000063      -0.37057019485037279     
   196.80000000000064       0.28733851336617300     
   197.60000000000065       0.53542283715008987     
   198.40000000000066        1.9577558981459520E-002
   199.20000000000067      -0.52399975973304458     
   200.00000000000068      -0.31972902680512238     
   200.80000000000069       0.34055542268985184     
   201.60000000000070       0.51516716570919918     
   202.40000000000072       -4.5398222942781619E-002
   203.20000000000073      -0.54144876832916378     
   204.00000000000074      -0.26501297064575285     
   204.80000000000075       0.38929339252450040     
   205.60000000000076       0.48853383155153041     
   206.40000000000077      -0.10901035891498911     
   207.20000000000078      -0.55107758359254111     
   208.00000000000080      -0.20680963175994288     
   208.80000000000081       0.43216601807999927     
   209.60000000000082       0.45457238674314077     
   210.40000000000083      -0.17152592517951720     
   211.20000000000084      -0.55308943828651591     
   212.00000000000085      -0.14530849093498022     
   212.80000000000086       0.46974512553997660     
   213.60000000000088       0.41477089203864220     
   214.40000000000089      -0.23178811717400299     
   215.20000000000090      -0.54798482010478233     
   216.00000000000091       -8.2355067546891092E-002
   216.80000000000092       0.50060557803107275     
   217.60000000000093       0.36937534598030713     
   218.40000000000094      -0.28852753999734410     
   219.20000000000095      -0.53493535249915714     
   220.00000000000097       -1.8001007789861467E-002
   220.80000000000098       0.52459423125620985     
   221.60000000000099       0.31862822613519687     
   222.40000000000100      -0.34175620040107962     
   223.20000000000101      -0.51484846525998496     
   224.00000000000102        4.6627111511192365E-002
   224.80000000000103       0.54171220796861463     
   225.60000000000105       0.26390971202423169     
   226.40000000000106      -0.39010695079565832     
   227.20000000000107      -0.48776082361332190     
   228.00000000000108       0.11037485181421108     
   228.80000000000109       0.55111249615345748     
   229.60000000000110       0.20539496817539915     
   230.40000000000111      -0.43313358103740085     
   231.20000000000113      -0.45380920347258530     
   232.00000000000114       0.17290687752569561     
   232.80000000000115       0.55317986956648624     
   233.60000000000116       0.14408373593351975     
   234.40000000000117      -0.47045045557085519     
   235.20000000000118      -0.41392684089620052     
   236.00000000000119       0.23292342742360744     
   236.80000000000121       0.54769911744814492     
   237.60000000000122        8.0978822627954472E-002
   238.40000000000123      -0.50113166058387693     
   239.20000000000124      -0.36825488590897792     
   240.00000000000125       0.28977719902846510     
   240.80000000000126       0.53460169475978947     
   241.60000000000127        1.6580731215282696E-002
   242.40000000000128      -0.52511561121827166     
   243.20000000000130      -0.31757668613158974     
   244.00000000000131       0.34281733051827723     
   244.80000000000132       0.51438579753768598     
   245.60000000000133       -4.7918948564219965E-002
   246.40000000000134      -0.54192809176925993     
   247.20000000000135      -0.26268537775150025     
   248.00000000000136       0.39104263077987922     
   248.80000000000138       0.48704383515222294     
   249.60000000000139      -0.11177543563250369     
   250.40000000000140      -0.55125015198872052     
   251.20000000000141      -0.20408911552890713     
   252.00000000000142       0.43404545672433809     
   252.80000000000143       0.45307339165267685     
   253.60000000000144      -0.17419472409715114     
   254.40000000000146      -0.55316789837739799     
   255.20000000000147      -0.14280968692955909     
   256.00000000000148       0.47112691143800789     
   256.80000000000149       0.41299973136606832     
   257.60000000000150      -0.23414422986404609     
   258.40000000000151      -0.54745472058878886     
   259.20000000000152       -7.9581139563847936E-002
   260.00000000000153       0.50172590883331936     
   260.80000000000155       0.36720957840248375     
   261.60000000000156      -0.29098519790434524     
   262.40000000000157      -0.53428204861887385     
   263.20000000000158       -1.5221802367179960E-002
   264.00000000000159       0.52556455205215580     
   264.80000000000160       0.31648651607584821     
   265.60000000000161      -0.34386173922189045     
   266.40000000000163      -0.51386579720614223     
   267.20000000000164        4.9271108877375291E-002
   268.00000000000165       0.54217400432662544     
   268.80000000000166       0.26144802696387148     
   269.60000000000167      -0.39202341466414503     
   270.40000000000168      -0.48637816800050809     
   271.20000000000169       0.11314551607969475     
   272.00000000000171       0.55139392507058138     
   272.80000000000172       0.20282299268206849     
   273.60000000000173      -0.43490653907910748     
   274.40000000000174      -0.45230730842686417     
   275.20000000000175       0.17547380730828688     
   276.00000000000176       0.55311622596803822     
   276.80000000000177       0.14149248107089241     
   277.60000000000178      -0.47182513861739639     
   278.40000000000180      -0.41206427156124115     
   279.20000000000181       0.23539508346664528     
   280.00000000000182       0.54724490683259808     
   280.80000000000183        7.8205158310853728E-002
   281.60000000000184      -0.50232191452035202     
   282.40000000000185      -0.36618932714155294     
   283.20000000000186       0.29215807239639624     
   284.00000000000188       0.53393874869109381     
   284.80000000000189        1.3866397056652824E-002
   285.60000000000190      -0.52598609166947441     
   286.40000000000191      -0.31536491008567835     
   287.20000000000192       0.34492215313375607     
   288.00000000000193       0.51334000315065498     
   288.80000000000194       -5.0643748522558818E-002
   289.60000000000196      -0.54244295789757568     
   290.40000000000197      -0.26022550013112505     
   291.20000000000198       0.39300389974670952     
   292.00000000000199       0.48572768158070517     
   292.80000000000200      -0.11449184641373661     
   293.60000000000201      -0.55151936846109717     
   294.40000000000202      -0.20155694615853104     
   295.20000000000203       0.43574898369881010     
   296.00000000000205       0.45151789764113082     
   296.80000000000206      -0.17676506419250504     
   297.60000000000207      -0.55306026359298133     
   298.40000000000208      -0.14016072668321999     
   299.20000000000209       0.47253869865493792     
   300.00000000000210       0.41113836363185507     
   300.80000000000211      -0.23664506237360261     
   301.60000000000213      -0.54704377041598062     
   302.40000000000214       -7.6844641834935778E-002
   303.20000000000215       0.50290397103879481     
   304.00000000000216       0.36516693842487091     
   304.80000000000217      -0.29331869065844551     
   305.60000000000218      -0.53357789159865088     
   306.40000000000219       -1.2501241143074715E-002
   307.20000000000221       0.52640442712207958     
   308.00000000000222       0.31423237537535520     
   308.80000000000223      -0.34599299779066017     
   309.60000000000224      -0.51281986983239025     
   310.40000000000225        5.2015838794386871E-002
   311.20000000000226       0.54271650632508250     
   312.00000000000227       0.25901240500480438     
   312.80000000000229      -0.39397412589395930     
   313.60000000000230      -0.48507374999995923     
   314.40000000000231       0.11583066116718332     
   315.20000000000232       0.55163155005743525     
   316.00000000000233       0.20028262784215067     
   316.80000000000234      -0.43658922755670515     
   317.60000000000235      -0.45071981085775048     
   318.40000000000236       0.17806384859067492     
   319.20000000000238       0.55300727915832892     
   320.00000000000239       0.13882871936713559     
   320.80000000000240      -0.47325453413475627     
   321.60000000000241      -0.41021755332181958     
   322.40000000000242       0.23788794319814505     
   323.20000000000243       0.54683859340084828     
   324.00000000000244        7.5488069872518881E-002
   324.80000000000246      -0.50347615119730971     
   325.60000000000247      -0.36413720268524441     
   326.40000000000248       0.29447816254186121     
   327.20000000000249       0.53320989270406316     
   328.00000000000250        1.1130104855762935E-002
   328.80000000000251      -0.52682410803864854     
   329.60000000000252      -0.31309863126617132     
   330.40000000000254       0.34706506943756099     
   331.20000000000255       0.51230184010994573     
   332.00000000000256       -5.3383551378897387E-002
   332.80000000000257      -0.54298600808314701     
   333.60000000000258      -0.25780057022380404     
   334.40000000000259       0.39493729579609343     
   335.20000000000260       0.48441315070561525     
   336.00000000000261      -0.11716944585238348     
   336.80000000000263      -0.55173782877693434     
   337.60000000000264      -0.19900303198882052     
   338.40000000000265       0.43743006374537452     
   339.20000000000266       0.44991965077057289     
   340.00000000000267      -0.17936368679939546     
   340.80000000000268      -0.55295450202262564     
   341.60000000000269      -0.13749877558119589     
   342.40000000000271       0.47396680784884854     
   343.20000000000272       0.40929605396339125     
   344.00000000000273      -0.23912620799248713     
   344.80000000000274      -0.54662740688517131     
   345.60000000000275       -7.4130405460328563E-002
   346.40000000000276       0.50404362223774624     
   347.20000000000277       0.36310245229495691     
   348.00000000000279      -0.29563815922977194     
   348.80000000000280      -0.53283922537410700     
   349.60000000000281       -9.7575398915602518E-003
   350.40000000000282       0.52724301422085684     
   351.20000000000283       0.31196505374172329     
   352.00000000000284      -0.34813444717694636     
   352.80000000000285      -0.51178182930564320     
   353.60000000000286        5.4748789676063003E-002
   354.40000000000288       0.54325028331038827     
   355.20000000000289       0.25658660723812882     
   356.00000000000290      -0.39589701872282596     
   356.80000000000291      -0.48374766777390132     
   357.60000000000292       0.11850916804113099     
   358.40000000000293       0.55184122001835989     
   359.20000000000294       0.19772135926527024     
   360.00000000000296      -0.43826988909225839     
   360.80000000000297      -0.44911821602398438     
   361.60000000000298       0.18066195589104483     
   362.40000000000299       0.55289906190303828     
   363.20000000000300       0.13616944856869506     
   364.00000000000301      -0.47467483363125784     
   364.80000000000302      -0.40837158643486188     
   365.60000000000304       0.24036236916740511     
   366.40000000000305       0.54641155318646062     
   367.20000000000306        7.2771112022012585E-002
   368.00000000000307      -0.50460840230918935     
   368.80000000000308      -0.36206493598777734     
   369.60000000000309       0.29679747776597543     
   370.40000000000310       0.53246633753108452     
   371.20000000000312        8.3852970561448803E-003
   372.00000000000313      -0.52765913865620651     
   372.80000000000314      -0.31083055272188143     
   373.60000000000315       0.34920074959872616     
   374.40000000000316       0.51125830625171786     
   375.20000000000317       -5.6113300152942025E-002
   376.00000000000318      -0.54351032779933472     
   376.80000000000319      -0.25537023593377406     
   377.60000000000321       0.39685463444905444     
   378.40000000000322       0.48307887665014926     
   379.20000000000323      -0.11984892948861170     
   380.00000000000324      -0.55194196032181009     
   380.80000000000325      -0.19643877718141645     
   381.60000000000326       0.43910730621837712     
   382.40000000000327       0.44831469272301305     
   383.20000000000329      -0.18195845827805079     
   384.00000000000330      -0.55283993286997268     
   384.80000000000331      -0.13483952427560031     
   385.60000000000332       0.47537934186528796     
   386.40000000000333       0.40744401775189154     
   387.20000000000334      -0.24159730934103230     
   388.00000000000335      -0.54619213036071135     
   388.80000000000337       -7.1410857605582634E-002
   389.60000000000338       0.50517060193781715     
   390.40000000000339       0.36102543134008580     
   391.20000000000340      -0.29795514780108689     
   392.00000000000341      -0.53209062675337981     
   392.80000000000342       -7.0134666857436523E-003
   393.60000000000343       0.52807179670047277     
   394.40000000000344       0.30969428388271109     
   395.20000000000346      -0.35026450789187941     
   396.00000000000347      -0.51073121850759962     
   396.80000000000348        5.7477660693391108E-002
   397.60000000000349       0.54376690137611838     
   398.40000000000350       0.25415195059984347     
   399.20000000000351      -0.39781018018469788     
   400.00000000000352      -0.48240729349253775     
   400.80000000000354       0.12118805677775135     
   401.60000000000355       0.55203960685362308     
   402.40000000000356       0.19515531619114090     
   403.20000000000357      -0.43994186023711057     
   404.00000000000358      -0.44750849356270672     
   404.80000000000359       0.18325357808073239     
   405.60000000000360       0.55277710386157097     
   406.40000000000362       0.13350862589161527     
   407.20000000000363      -0.47608085391501220     
   408.00000000000364      -0.40651371074715159     
   408.80000000000365       0.24283102517631228     
   409.60000000000366       0.54596947847911459     
   410.40000000000367        7.0050109878174671E-002
   411.20000000000368      -0.50572989692101200     
   412.00000000000369      -0.35998393726002487     
   412.80000000000371       0.29911086812542320     
   413.60000000000372       0.53171168454486684     
   414.40000000000373        5.6417719609249684E-003
   415.20000000000374      -0.52848099646320357     
   416.00000000000375      -0.30855600190520954     
   416.80000000000376       0.35132607680294986     
   417.60000000000377       0.51020082939203004     
   418.40000000000379       -5.8841847730530250E-002
   419.20000000000380      -0.54402022505373226     
   420.00000000000381      -0.25293207601165191     
   420.80000000000382       0.39876341883440081     
   421.60000000000383       0.48173290186868156     
   422.40000000000384      -0.12252635073985230     
   423.20000000000385      -0.55213387535371705     
   424.00000000000387      -0.19387077710663408     
   424.80000000000388       0.44077356636600912     
   425.60000000000389       0.44669945850734477     
   426.40000000000390      -0.18454755496423697     
   427.20000000000391      -0.55271076315446865     
   428.00000000000392      -0.13217678477622508     
   428.80000000000393       0.47677951040604605     
   429.60000000000394       0.40558089024221794     
   430.40000000000396      -0.24406334304829752     
   431.20000000000397      -0.54574357447559296     
   432.00000000000398       -6.8689000508118159E-002
   432.80000000000399       0.50628608901589001     
   433.60000000000400       0.35894031031029028     
   434.40000000000401      -0.30026465493901133     
   435.20000000000402      -0.53132940574668397     
   436.00000000000404       -4.2700517502545221E-003
   436.80000000000405       0.52888687013675983     
   437.60000000000406       0.30741573850300719     
   438.40000000000407      -0.35238554322026672     
   439.20000000000408      -0.50966729316217296     
   440.00000000000409        6.0205733839727493E-002
   440.80000000000410       0.54427027349530754     
   441.60000000000412       0.25171069897974224     
   442.40000000000413      -0.39971421148502223     
   443.20000000000414      -0.48105559802786169     
   444.00000000000415       0.12386382582792466     
   444.80000000000416       0.55222469567283894     
   445.60000000000417       0.19258505172103801     
   446.40000000000418      -0.44160251549532537     
   447.20000000000420      -0.44588761542975247     
   448.00000000000421       0.18584044058011612     
   448.80000000000422       0.55264101479316730     
   449.60000000000423       0.13084409442094358     
   450.40000000000424      -0.47747528587910271     
   451.20000000000425      -0.40464561279054739     
   452.00000000000426       0.24529416490310746     
   452.80000000000427       0.54551434251309039     
   453.60000000000429        6.7327517591495634E-002
   454.40000000000430      -0.50683913022278460     
   455.20000000000431      -0.35789447741723984     
   456.00000000000432       0.30141656933987288     
   456.80000000000433       0.53094381235702948     
   457.60000000000434        2.8982768284703253E-003
   458.40000000000435      -0.52928948594234071     
   459.20000000000437      -0.30627356175021231     
   460.00000000000438       0.35344288274233576     
   460.80000000000439       0.50913064548835330     
   461.60000000000440       -6.1569249237014123E-002
   462.40000000000441      -0.54451699022241762     
   463.20000000000442      -0.25048780985822700     
   464.00000000000443       0.40066252413004072     
   464.80000000000445       0.48037533177666636     
   465.60000000000446      -0.12520052219204481     
   466.40000000000447      -0.55231208331914705     
   467.20000000000448      -0.19129812438848581     
   468.00000000000449       0.44242875049756636     
   468.80000000000450       0.44507301290482726     
   469.60000000000451      -0.18713221235776467     
   470.40000000000452      -0.55256787965590470     
   471.20000000000454      -0.12951060469714137     
   472.00000000000455       0.47816813718771223     
   472.80000000000456       0.40370787017854659     
   473.60000000000457      -0.24652346570874228     
   474.40000000000458      -0.54528174693259368     
   475.20000000000459       -6.5965635219859042E-002
   476.00000000000460       0.50738902987572487     
   476.80000000000462       0.35684643042953923     
   477.60000000000463      -0.30256663665893180     
   478.40000000000464      -0.53055493770112039     
   479.20000000000465       -1.5264673341668367E-003
   480.00000000000466       0.52968885410363320     
   480.80000000000467       0.30512950698419106     
   481.60000000000468      -0.35449806152354568     
   482.40000000000470      -0.50859087863389374     
   483.20000000000471        6.2932374909372979E-002
   484.00000000000472       0.54476034853486666     
   484.80000000000473       0.24926339190966940     
   485.60000000000474      -0.40160836086328433     
   486.40000000000475      -0.47969209836585830     
   487.20000000000476       0.12653645346864612     
   488.00000000000477       0.55239605958732763     
   488.80000000000479       0.19001001225347602     
   489.60000000000480      -0.44325227401346645     
   490.40000000000481      -0.44425567516925774     
   491.20000000000482       0.18842284319813712     
   492.00000000000483       0.55249134964908975     
   492.80000000000484       0.12817633017323882     
   493.60000000000485      -0.47885804305135593     
   494.40000000000487      -0.40276765104102014     
   495.20000000000488       0.24775124558629030     
   496.00000000000489       0.54504578376414092     
   496.80000000000490        6.4603347070696260E-002
   497.60000000000491      -0.50793579987416326     
   498.40000000000492      -0.35579618296126631     
   499.20000000000493       0.30371485442697638     
   500.00000000000495       0.53016279719157366     
   500.80000000000496        1.5464512399254726E-004
   501.60000000000497      -0.53008496563246155     
   502.40000000000498      -0.30398358499514866     
   503.20000000000499       0.35555106167144368     
   504.00000000000500       0.50804798385573080     
   504.80000000000501       -6.4295108366033249E-002
   505.60000000000502      -0.54500034371603534     
   506.40000000000504      -0.24803744281062112     
   507.20000000000505       0.40255172652732252     
   508.00000000000506       0.47900590747303096     
   508.80000000000507      -0.12787161411824688     
   509.60000000000508      -0.55247663271394365     
   510.40000000000509      -0.18872073267209277     
   511.20000000000510       0.44407307604703716     
   512.00000000000512       0.44343560941299637     
   512.80000000000507      -0.18971231759611923     
   513.60000000000502      -0.55241141677250583     
   514.40000000000498      -0.12684127460261352     
   515.20000000000493       0.47954499735509504     
   516.00000000000489       0.40182495456694750     
   516.80000000000484      -0.24897750443853023     
   517.60000000000480      -0.54480645856757492     
   518.40000000000475       -6.3240660049301622E-002
   519.20000000000471       0.50847944267407053     
   520.00000000000466       0.35474374811481341     
   520.80000000000462      -0.30486121193069143     
   521.60000000000457      -0.52976739443912668     
   522.40000000000452        1.2171763513189049E-003
   523.20000000000448       0.53047781214550926     
   524.00000000000443       0.30283579951453582     
   524.80000000000439      -0.35660187570326479     
   525.60000000000434      -0.50750196008746262     
   526.40000000000430        6.5657446439814082E-002
   527.20000000000425       0.54523697730436838     
   528.00000000000421       0.24680996936999711     
   528.80000000000416      -0.40349261917315415     
   529.60000000000412      -0.47831676798661465     
   530.40000000000407       0.12920599326042087     
   531.20000000000402       0.55255380280345967     
   532.00000000000398       0.18743029692045243     
   532.80000000000393      -0.44489114739546376     
   533.60000000000389      -0.44261281823350906     
   534.40000000000384       0.19100062716782007     
   535.20000000000380       0.55232807856811705     
   536.00000000000375       0.12550544257707419     
   536.80000000000371      -0.48022899805018171     
   537.60000000000366      -0.40087978625027682     
   538.40000000000362       0.25020223729940699     
   539.20000000000357       0.54456377607022088     
   540.00000000000352        6.1877584502402272E-002
   540.80000000000348      -0.50901995515878773     
   541.60000000000343      -0.35368913460865498     
   542.40000000000339       0.30600569926936499     
   543.20000000000334       0.52936873008095131     
   544.00000000000330       -2.5889885066335827E-003
   544.80000000000325      -0.53086738923211008     
   545.60000000000321      -0.30168615510909247     
   546.40000000000316       0.35765049875081611     
   547.20000000000312       0.50695281061000375     
   548.00000000000307       -6.7019382477283007E-002
   548.80000000000302      -0.54547025007269090     
   549.60000000000298      -0.24558098060661732     
   550.40000000000293       0.40443103305367661     
   551.20000000000289       0.47762468565124855     
   552.00000000000284      -0.13053958076213185     
   552.80000000000280      -0.55262756805150992     
   553.60000000000275      -0.18613871295245216     
   554.40000000000271       0.44570648168660204     
   555.20000000000266       0.44178730497996660     
   556.00000000000261      -0.19228776519072149     
   556.80000000000257      -0.55224133556702837     
   557.60000000000252      -0.12416884118615501     
   558.40000000000248       0.48091004243028457     
   559.20000000000243       0.39993215300351487     
   560.00000000000239      -0.25142543662250788     
   560.80000000000234      -0.54431773876226375     
   561.60000000000230       -6.0514130134913913E-002
   562.40000000000225       0.50955733300123440     
   563.20000000000221       0.35263234889909689     
   564.00000000000216      -0.30714830854758657     
   564.80000000000211      -0.52896680539281959     
   565.60000000000207        3.9607837955500935E-003
   566.40000000000202       0.53125369452623872     
   567.20000000000198       0.30053465813881264     
   568.00000000000193      -0.35869692539833453     
   568.80000000000189      -0.50640053961395926     
   569.60000000000184        6.8380908070761581E-002
   570.40000000000180       0.54570016121196496     
   571.20000000000175       0.24435048501403911     
   572.00000000000171      -0.40536696166352215     
   572.80000000000166      -0.47692966467632553     
   573.60000000000161       0.13187236790453033     
   574.40000000000157       0.55269792717438804     
   575.20000000000152       0.18484598808446129     
   576.00000000000148      -0.44651907393645440     
   576.80000000000143      -0.44095907428863701     
   577.60000000000139       0.19357372449451948     
   578.40000000000134       0.55215118888043024     
   579.20000000000130       0.12283147871555311     
   580.00000000000125      -0.48158812667487549     
   580.80000000000121      -0.39898206132392577     
   581.60000000000116       0.25264709439214428     
   582.40000000000111       0.54406834809603311     
   583.20000000000107        5.9150305656870739E-002
   584.00000000000102      -0.51009157228624125     
   584.80000000000098      -0.35157339705877422     
   585.60000000000093       0.30828903280579478     
   586.40000000000089       0.52856162257097317     
   587.20000000000084       -5.3325543118275531E-003
   588.00000000000080      -0.53163672602778556     
   588.80000000000075      -0.29938131578212057     
   589.60000000000070       0.35974114944753999     
   590.40000000000066       0.50584515097127436     
   591.20000000000061       -6.9742014525773111E-002
   592.00000000000057      -0.54592670921658049     
   592.80000000000052      -0.24311849038944044     
   593.60000000000048       0.40630039881591806     
   594.40000000000043       0.47623170904748491     
   595.20000000000039      -0.13320434659532687     
   596.00000000000034      -0.55276487954429565     
   596.80000000000030      -0.18355212992010689     
   597.60000000000025       0.44732891938687319     
   598.40000000000020       0.44012813135867590     
   599.20000000000016      -0.19485849735864258     
   600.00000000000011      -0.55205763938126928     
   600.80000000000007      -0.12149336362639168     
   601.60000000000002       0.48226324649866331     
   602.39999999999998       0.39802951722546653     
   603.19999999999993      -0.25386720283414732     
   603.99999999999989      -0.54381560540015461     
   604.79999999999984       -5.7786119363181010E-002
   605.59999999999980       0.51062266956301172     
   606.39999999999975       0.35051228538907775     
   607.19999999999970      -0.30942786521839882     
   607.99999999999966      -0.52815318420093593     
   608.79999999999961        6.7042917590665052E-003
   609.59999999999957       0.53201648156097658     
   610.39999999999952       0.29822613532715342     
   611.19999999999948      -0.36078316439020747     
   611.99999999999943      -0.50528664822234093     
   612.79999999999939        7.1102693326601796E-002
   613.59999999999934       0.54614989251778878     
   614.39999999999930       0.24188500425912318     
   615.19999999999925      -0.40723133864954675     
   615.99999999999920      -0.47553082293176796     
   616.79999999999916       0.13453550881610099     
   617.59999999999911       0.55282842480298244     
   618.39999999999907       0.18225714634323331     
   619.19999999999902      -0.44813601315006057     
   619.99999999999898      -0.43929448146083194     
   620.79999999999893       0.19614207585431187     
   621.59999999999889       0.55196068771789086     
   622.39999999999884       0.12015450425141738     
   623.19999999999879      -0.48293539758787163     
   623.99999999999875      -0.39707452654949965     
   624.79999999999870       0.25508575439923648     
   625.59999999999866       0.54355951214612952     
   626.39999999999861        5.6421579514126297E-002
   627.19999999999857      -0.51115062156628477     
   627.99999999999852      -0.34944902039610959     
   628.79999999999848       0.31056479886238375     
   629.59999999999843       0.52774149291748473     
   630.39999999999839       -8.0759876982935408E-003
   631.19999999999834      -0.53239295879927262     
   631.99999999999829      -0.29706912397390012     
   632.79999999999825       0.36182296370719386     
   633.59999999999820       0.50472503480121944     
   634.39999999999816       -7.2462936109899290E-002
   635.19999999999811      -0.54636970965807363     
   635.99999999999807      -0.24065003414063058     
   636.79999999999802       0.40815977542838222     
   637.59999999999798       0.47482701064814331     
   638.39999999999793      -0.13586584647299743     
   639.19999999999789      -0.55288856262755381     
   639.99999999999784      -0.18096104533904167     
   640.79999999999779       0.44894035023645651     
   641.59999999999775       0.43845812980886945     
   642.39999999999770      -0.19742445204895875     
   643.19999999999766      -0.55186033447617189     
   643.99999999999761      -0.11881490882369744     
   644.79999999999757       0.48360457571317755     
   645.59999999999752       0.39611709514531446     
   646.39999999999748      -0.25630274161989752     
   647.19999999999743      -0.54330006991951674     
   647.99999999999739       -5.5056694431096231E-002
   648.79999999999734       0.51167542505590458     
   649.59999999999729       0.34838360866182549     
   650.39999999999725      -0.31169982674410546     
   651.19999999999720      -0.52732655132142703     
   651.99999999999716        9.4476336875412015E-003
   652.79999999999711       0.53276615538124583     
   653.59999999999707       0.29591028886124371     
   654.39999999999702      -0.36286054094070019     
   655.19999999999698      -0.50416031415967466     
   655.99999999999693        7.3822734562523640E-002
   656.79999999999688       0.54658615926561571     
   657.59999999999684       0.23941358760385173     
   658.39999999999679      -0.40908570343233835     
   659.19999999999675      -0.47412027657497247     
   659.99999999999670       0.13719535142063533     
   660.79999999999666       0.55294529267705983     
   661.59999999999661       0.17966383489890553     
   662.39999999999657      -0.44974192563688326     
   663.19999999999652      -0.43761908158292001     
   663.99999999999648       0.19870561805188075     
   664.79999999999643       0.55175658026439467     
   665.59999999999638       0.11747458554967166     
   666.39999999999634      -0.48427077670790936     
   667.19999999999629      -0.39515722890856519     
   667.99999999999625       0.25751815703628034     
   668.79999999999620       0.54303728035383469     
   669.59999999999616        5.3691472476321223E-002
   670.39999999999611      -0.51219707678274728     
   671.19999999999607      -0.34731605677873634     
   671.99999999999602       0.31283294185763244     
   672.79999999999598       0.52690836199895041     
   673.59999999999593       -1.0819221310305771E-002
   674.39999999999588      -0.53313606896821186     
   675.19999999999584      -0.29474963711871865     
   675.99999999999579       0.36389588967678616     
   676.79999999999575       0.50359248979145987     
   677.59999999999570       -7.5182080371318794E-002
   678.39999999999566      -0.54679924000726920     
   679.19999999999561      -0.23817567225408709     
   679.99999999999557       0.41000911693623154     
   680.79999999999552       0.47341062510556781     
   681.59999999999548      -0.13852401550324628     
   682.39999999999543      -0.55299861460776334     
   683.19999999999538      -0.17836552300236230     
   683.99999999999534       0.45054073436205466     
   684.79999999999529       0.43677734196647522     
   685.59999999999525      -0.19998556600045148     
   686.39999999999520      -0.55164942572846698     
   687.19999999999516      -0.11613354264266035     
   687.99999999999511       0.48493399643568785     
   688.79999999999507       0.39419493376837766     
   689.59999999999502      -0.25873199318325024     
   690.39999999999498      -0.54277114510047597     
   691.19999999999493       -5.2325922023638727E-002
   691.99999999999488       0.51271557350109509     
   692.79999999999484       0.34624637133936692     
   693.59999999999479      -0.31396413721107291     
   694.39999999999475      -0.52648692754770232     
   695.19999999999470        1.2190742164973734E-002
   695.99999999999466       0.53350269725401389     
   696.79999999999461       0.29358717588966582     
   697.59999999999457      -0.36492900352236252     
   698.39999999999452      -0.50302156522215224     
   699.19999999999447        7.6540965215590395E-002
   699.99999999999443       0.54700895056860710     
   700.79999999999438       0.23693629571190244     
   701.59999999999434      -0.41093001021893594     
   702.39999999999429      -0.47269806064174907     
   703.19999999999425       0.13985183057255662     
   703.99999999999420       0.55304852809187111     
   704.79999999999416       0.17706611762591207     
   705.59999999999411      -0.45133677144794104     
   706.39999999999407      -0.43593291616186208     
   707.19999999999402       0.20126428804398794     
   707.99999999999397       0.55153887154425107     
   708.79999999999393       0.11479178832782644     
   709.59999999999388      -0.48559423077620822     
   710.39999999999384      -0.39323021567259642     
   711.19999999999379       0.25994424259751203     
   711.99999999999375       0.54250166582490422     
   712.79999999999370        5.0960051446809540E-002
   713.59999999999366      -0.51323091198126169     
   714.39999999999361      -0.34517455894250587     
   715.19999999999357       0.31509340583000828     
   715.99999999999352       0.52606225058744160     
   716.79999999999347       -1.3562187853180641E-002
   717.59999999999343      -0.53386603795879051     
   718.39999999999338      -0.29242291233364481     
   719.19999999999334       0.36595987609602521     
   719.99999999999329       0.50244754399895641     
   720.79999999999325       -7.7899380772160187E-002
   721.59999999999320      -0.54721528965133759     
   722.39999999999316      -0.23569546560487536     
   723.19999999999311       0.41184837757251253     
   723.99999999999307       0.47198258759871453     
   724.79999999999302      -0.14117878848943594     
   725.59999999999297      -0.55309503282433270     
   726.39999999999293      -0.17576562675070240     
   727.19999999999288       0.45213003195156487     
   727.99999999999284       0.43508580939166641     
   728.79999999999279      -0.20254177633754289     
   729.59999999999275      -0.55142491841023222     
   730.39999999999270      -0.11344933083792691     
   731.19999999999266       0.48625147562430232     
   731.99999999999261       0.39226308058253034     
   732.79999999999256      -0.26115489782377488     
   733.59999999999252      -0.54222884421016704     
   734.39999999999247       -4.9593869118424561E-002
   735.19999999999243       0.51374308901445398     
   735.99999999999238       0.34410062619877346     
   736.79999999999234      -0.31622074075414852     
   737.59999999999229      -0.52563433376057778     
   738.39999999999225        1.4933549975973515E-002
   739.19999999999220       0.53422608882415479     
   739.99999999999216       0.29125685362343379     
   740.79999999999211      -0.36698850102746217     
   741.59999999999206      -0.50187042968706730     
   742.39999999999202        7.9257318719869962E-002
   743.19999999999197       0.54741825597612570     
   743.99999999999193       0.23445318956716998     
   744.79999999999188      -0.41276421330529545     
   745.59999999999184      -0.47126421040884903     
   746.39999999999179       0.14250488112161686     
   747.19999999999175       0.55313812852319733     
   747.99999999999170       0.17446405836512169     
   748.79999999999166      -0.45292051094755992     
   749.59999999999161      -0.43423602689648333     
   750.39999999999156       0.20381802304177543     
   751.19999999999152       0.55130756704517903     
   751.99999999999147       0.11210617841020865     
   752.79999999999143      -0.48690572689191702     
   753.59999999999138      -0.39129353447279841     
   754.39999999999134       0.26236395141686070     
   755.19999999999129       0.54195268195956259     
   755.99999999999125        4.8227383411526326E-002
   756.79999999999120      -0.51425210141290534     
   757.59999999999116      -0.34302457973238676     
   758.39999999999111       0.31734613503500841     
   759.19999999999106       0.52520317973050790     
   759.99999999999102       -1.6304820133933084E-002
   760.79999999999097      -0.53458284761170827     
   761.59999999999093      -0.29008900694298195     
   762.39999999999088       0.36801487195888355     
   763.19999999999084       0.50129022586958050     
   763.99999999999079       -8.0614770741105457E-002
   764.79999999999075      -0.54761784828455040     
   765.59999999999070      -0.23320947524088093     
   766.39999999999065       0.41367751174185158     
   767.19999999999061       0.47054293352275256     
   767.99999999999056      -0.14383010034224963     
   768.79999999999052      -0.55317781492849927     
   769.59999999999047      -0.17316142046476729     
   770.39999999999043       0.45370820352709212     
   771.19999999999038       0.43338357393322802     
   771.99999999999034      -0.20509302032428078     
   772.79999999999029      -0.55118681818834991     
   773.59999999999025      -0.11076233928558304     
   774.39999999999020       0.48755698050937618     
   775.19999999999015       0.39032158333207112     
   775.99999999999011      -0.26357139594189305     
   776.79999999999006      -0.54167318079756210     
   777.59999999999002       -4.6860602700856790E-002
   778.39999999998997       0.51475794600891145     
   779.19999999998993       0.34194642618079168     
   779.99999999998988      -0.31846958173552614     
   780.79999999998984      -0.52476879118074771     
   781.59999999998979        1.7675989927832703E-002
   782.39999999998975       0.53493631210303505     
   783.19999999998970       0.28891937948655189     
   783.99999999998965      -0.36903898254624035     
   784.79999999998961      -0.50070693614838335     
   785.59999999998956        8.1971728521540665E-002
   786.39999999998952       0.54781406533946964     
   787.19999999998947       0.23196433027653041     
   787.99999999998943      -0.41458826722266640     
   788.79999999998938      -0.46981876140932199     
   789.59999999998934       0.14515443802949257     
   790.39999999998929       0.55321409180179271     
   791.19999999998925       0.17185772105195346     
   791.99999999998920      -0.45449310479833099     
   792.79999999998915      -0.43252845577539561     
   793.59999999998911       0.20636676035968676     
   794.39999999998906       0.55106267259989594     
   795.19999999998902       0.10941782170884118     
   795.99999999998897      -0.48820523242569680     
   796.79999999998893      -0.38934723316380182     
   797.59999999998888       0.26477722397360148     
   798.39999999998884       0.54139034246956119     
   799.19999999998879        4.5493535362932935E-002
