   0.0000000000000000        1.0293606951281853     
  0.80000000000000004       0.42111875296730894     
   1.6000000000000001      -0.21273849744377993     
   2.4000000000000004      -0.81867826048627468     
   3.2000000000000002       -1.2735154534846114     
   4.0000000000000000       -1.3471239708980931     
   4.7999999999999998      -0.95779606869923828     
   5.5999999999999996      -0.24593245487994386     
   6.3999999999999995       0.61852642436943761     
   7.1999999999999993        1.3902289595965769     
   7.9999999999999991        1.6240320921817337     
   8.7999999999999989        1.1405463535739213     
   9.5999999999999996       0.25443793224432465     
   10.400000000000000      -0.70851208210056515     
   11.200000000000001       -1.4532113942983358     
   12.000000000000002       -1.5859769172871914     
   12.800000000000002       -1.0676180982252359     
   13.600000000000003      -0.26016820072977376     
   14.400000000000004       0.55797461501595391     
   15.200000000000005        1.2114036697499062     
   16.000000000000004        1.4536364589927631     
   16.800000000000004        1.1739509893308695     
   17.600000000000005       0.55728053974430469     
   18.400000000000006      -0.18433545540370733     
   19.200000000000006      -0.92265326480564414     
   20.000000000000007       -1.4300024616841791     
   20.800000000000008       -1.4091315048291302     
   21.600000000000009      -0.86770862544005611     
   22.400000000000009       -5.8612529987103978E-002
   23.200000000000010       0.80890189203718255     
   24.000000000000011        1.4662434639817286     
   24.800000000000011        1.5333730847998222     
   25.600000000000012       0.98347154975943418     
   26.400000000000013       0.14249433897013808     
   27.200000000000014      -0.73010525856262887     
   28.000000000000014       -1.3939054677275817     
   28.800000000000015       -1.5175131175700074     
   29.600000000000016       -1.0554417545505341     
   30.400000000000016      -0.30015752909020510     
   31.200000000000017       0.50839821663027063     
   32.000000000000014        1.1989482209000693     
   32.800000000000011        1.4915070567548483     
   33.600000000000009        1.2193709786145122     
   34.400000000000006       0.56144302288196146     
   35.200000000000003      -0.23934568364233189     
   36.000000000000000       -1.0171962668499095     
   36.799999999999997       -1.4973142096132495     
   37.599999999999994       -1.3888445695361760     
   38.399999999999991      -0.77602615930017471     
   39.199999999999989        5.3874605985184898E-002
   39.999999999999986       0.89442640942351859     
   40.799999999999983        1.4783079769421714     
   41.599999999999980        1.4728225937206745     
   42.399999999999977       0.90854230894958787     
   43.199999999999974        9.5240261110811408E-002
   43.999999999999972      -0.74161258910967121     
   44.799999999999969       -1.3790787387520804     
   45.599999999999966       -1.4983076335601888     
   46.399999999999963       -1.0469288217223305     
   47.199999999999960      -0.29610074267752917     
   47.999999999999957       0.52309038589399548     
   48.799999999999955        1.2288099990888675     
   49.599999999999952        1.5162602904695048     
   50.399999999999949        1.2135060901549179     
   51.199999999999946       0.52052139045221724     
   51.999999999999943      -0.30543817006398133     
   52.799999999999940       -1.0841021393446910     
   53.599999999999937       -1.5214916072690019     
   54.399999999999935       -1.3519059556144795     
   55.199999999999932      -0.70647888039925011     
   55.999999999999929       0.12385123637038897     
   56.799999999999926       0.94205077562476114     
   57.599999999999923        1.4822418005172502     
   58.399999999999920        1.4370839117033936     
   59.199999999999918       0.86323311940386660     
   59.999999999999915        5.8893421297322224E-002
   60.799999999999912      -0.76626427949744902     
   61.599999999999909       -1.3892767807110709     
   62.399999999999906       -1.4909532708635802     
   63.199999999999903       -1.0260790459885050     
   63.999999999999901      -0.26538771866722155     
   64.799999999999898       0.56277675596143362     
   65.599999999999895        1.2660429529183423     
   66.399999999999892        1.5258005831639265     
   67.199999999999889        1.1863411507558022     
   67.999999999999886       0.46978812173102769     
   68.799999999999883      -0.36466515418043433     
   69.599999999999881       -1.1319422809028898     
   70.399999999999878       -1.5294384101868779     
   71.199999999999875       -1.3163801518045197     
   71.999999999999872      -0.65242456789663050     
   72.799999999999869       0.17628884149468227     
   73.599999999999866       0.97983933244722332     
   74.399999999999864        1.4893421147469639     
   75.199999999999861        1.4122202973122107     
   75.999999999999858       0.82466650502812255     
   76.799999999999855        1.9489945852239066E-002
   77.599999999999852      -0.80149700096789289     
   78.399999999999849       -1.4087705735212357     
   79.199999999999847       -1.4825983042181292     
   79.999999999999844      -0.99516514662267663     
   80.799999999999841      -0.22292549802653994     
   81.599999999999838       0.60919454224983971     
   82.399999999999835        1.3004103561021951     
   83.199999999999832        1.5256081632095182     
   83.999999999999829        1.1522126548446758     
   84.799999999999827       0.41964136699842258     
   85.599999999999824      -0.41694900412840397     
   86.399999999999821       -1.1703477111935965     
   87.199999999999818       -1.5322737694411102     
   87.999999999999815       -1.2839708980594651     
   88.799999999999812      -0.60540415440895334     
   89.599999999999810       0.22337840264122211     
   90.399999999999807        1.0165171416378589     
   91.199999999999804        1.4989398278914596     
   91.999999999999801        1.3900083631162725     
   92.799999999999798       0.78557252162697389     
   93.599999999999795       -2.3971309272571850E-002
   94.399999999999793      -0.84173968266507015     
   95.199999999999790       -1.4297562504424144     
   95.999999999999787       -1.4705830238288748     
   96.799999999999784      -0.95872917512842348     
   97.599999999999781      -0.17651648921370522     
   98.399999999999778       0.65595758754755629     
   99.199999999999775        1.3307444347822504     
   99.999999999999773        1.5202034290956052     
   100.79999999999977        1.1162998146038894     
   101.59999999999977       0.37148034108990702     
   102.39999999999976      -0.46531663449809257     
   103.19999999999976       -1.2046746602972185     
   103.99999999999976       -1.5332698404325475     
   104.79999999999976       -1.2529178588277976     
   105.59999999999975      -0.56059209215181072     
   106.39999999999975       0.26957247082262970     
   107.19999999999975        1.0535907874489441     
   107.99999999999974        1.5088067876497644     
   108.79999999999974        1.3670864442838300     
   109.59999999999974       0.74467646939032806     
   110.39999999999974       -6.9840153653602632E-002
   111.19999999999973      -0.88344212954633705     
   111.99999999999973       -1.4493617405965655     
   112.79999999999973       -1.4552939215158927     
   113.59999999999972      -0.91969862517899548     
   114.39999999999972      -0.12922193376212188     
   115.19999999999972       0.70160001318893950     
   115.99999999999972        1.3579466490729395     
   116.79999999999971        1.5118656049023294     
   117.59999999999971        1.0798569374051228     
   118.39999999999971       0.32454426529085556     
   119.19999999999970      -0.51192359175489222     
   119.99999999999970       -1.2370602432270736     
   120.79999999999970       -1.5328719364220726     
   121.59999999999970       -1.2217294861531047     
   122.39999999999969      -0.51600536382412399     
   123.19999999999969       0.31597221657340646     
   123.99999999999969        1.0906435760755411     
   124.79999999999968        1.5175002508659718     
   125.59999999999968        1.3425104104620520     
   126.39999999999968       0.70233333934901743     
   127.19999999999968      -0.11675284907459127     
   127.99999999999967      -0.92499013593863411     
   128.79999999999967       -1.4668621404049889     
   129.59999999999968       -1.4374974295814225     
   130.39999999999969      -0.87941793579097904     
   131.19999999999970       -8.1911493438061367E-002
   131.99999999999972       0.74614074885998083     
   132.79999999999973        1.3828237700949391     
   133.59999999999974        1.5014428509496336     
   134.39999999999975        1.0429117488524204     
   135.19999999999976       0.27806156070721211     
   135.99999999999977      -0.55777560530108250     
   136.79999999999978       -1.2680853831622889     
   137.59999999999980       -1.5308524196034310     
   138.39999999999981       -1.1896765023259239     
   139.19999999999982      -0.47106550544383452     
   139.99999999999983       0.36259165924647563     
   140.79999999999984        1.1270936899237873     
   141.59999999999985        1.5243771327817546     
   142.39999999999986        1.3162183453303515     
   143.19999999999987       0.65903926053545903     
   143.99999999999989      -0.16399944374940401     
   144.79999999999990      -0.96580513878939245     
   145.59999999999991       -1.4822143637916443     
   146.39999999999992       -1.4176978311002579     
   147.19999999999993      -0.83836967964121445     
   147.99999999999994       -3.4694713588937942E-002
   148.79999999999995       0.78981983462922234     
   149.59999999999997        1.4057684389092604     
   150.39999999999998        1.4891612435547787     
   151.19999999999999        1.0052902126756178     
   152.00000000000000       0.23161829774284837     
   152.80000000000001      -0.60320613096116504     
   153.60000000000002       -1.2977713549014647     
   154.40000000000003       -1.5269843092966509     
   155.20000000000005       -1.1565217798369412     
   156.00000000000006      -0.42571227740518325     
   156.80000000000007       0.40923463609620725     
   157.60000000000008        1.1625632480084418     
   158.40000000000009        1.5292245299714589     
   159.20000000000010        1.2883596100051025     
   160.00000000000011       0.61511118806598453     
   160.80000000000013      -0.21128776879315125     
   161.60000000000014       -1.0057166050314597     
   162.40000000000015       -1.4954955486834502     
   163.20000000000016       -1.3961487739865721     
   164.00000000000017      -0.79669099198106952     
   164.80000000000018        1.2488622435876451E-002
   165.60000000000019       0.83278186035548640     
   166.40000000000020        1.4268999645717519     
   167.20000000000022        1.4750550238216580     
   168.00000000000023       0.96688429462854697     
   168.80000000000024       0.18505701678193731     
   169.60000000000025      -0.64826358967904907     
   170.40000000000026       -1.3260060424574021     
   171.20000000000027       -1.5211557218052070     
   172.00000000000028       -1.1222465010376177     
   172.80000000000030      -0.38001486582083199     
   173.60000000000031       0.45573892481130851     
   174.40000000000032        1.1968466789642780     
   175.20000000000033        1.5319991310512429     
   176.00000000000034        1.2590813240908167     
   176.80000000000035       0.57071238980284755     
   177.60000000000036      -0.25851210146797921     
   178.40000000000038       -1.0446676579418761     
   179.20000000000039       -1.5067551385238052     
   180.00000000000040       -1.3729726274583811     
   180.80000000000041      -0.75441987522826126     
   181.60000000000042        5.9689526791619540E-002
   182.40000000000043       0.87506429586435841     
   183.20000000000044        1.4462167501511063     
   184.00000000000045        1.4591314448434347     
   184.80000000000047       0.92766769266606242     
   185.60000000000048       0.13834246601424172     
   186.40000000000049      -0.69290649815313754     
   187.20000000000050       -1.3526786537924846     
   188.00000000000051       -1.5133377364590328     
   188.80000000000052       -1.0869017434839985     
   189.60000000000053      -0.33404478226205803     
   190.40000000000055       0.50200230415387925     
   191.20000000000056        1.2298268958830563     
   192.00000000000057        1.5327066890984278     
   192.80000000000058        1.2284917151570856     
   193.60000000000059       0.52592532262963154     
   194.40000000000060      -0.30562803347081269     
   195.20000000000061       -1.0826120663717489     
   196.00000000000063       -1.5160052738134453     
   196.80000000000064       -1.3482426775061369     
   197.60000000000065      -0.71158275589466558     
   198.40000000000066       0.10692194939644850     
   199.20000000000067       0.91664249618001159     
   200.00000000000068        1.4636798464269991     
   200.80000000000069        1.4414135978120324     
   201.60000000000070       0.88766142527445535     
   202.40000000000072        9.1483351332930840E-002
   203.20000000000073      -0.73707680455502445     
   204.00000000000074       -1.3777036332127479     
   204.80000000000075       -1.5035427304346869     
   205.60000000000076       -1.0505498784177760     
   206.40000000000077      -0.28785138914850972     
   207.20000000000078       0.54795985410654402     
   208.00000000000080        1.2614216751294101     
   208.80000000000081        1.5313613861268833     
   209.60000000000082        1.1966705545737624     
   210.40000000000083       0.48079916806238021     
   211.20000000000084      -0.35260259938403249     
   212.00000000000085       -1.1194911283388642     
   212.80000000000086       -1.5232388487371669     
   213.60000000000088       -1.3220204339972033     
   214.40000000000089      -0.66821465511751932     
   215.20000000000090       0.15417319551900610     
   216.00000000000091       0.95746363673490198     
   216.80000000000092        1.4792461935469330     
   217.60000000000093        1.4219423681127434     
   218.40000000000094       0.84690671133685580     
   219.20000000000095        4.4499700925151875E-002
   220.00000000000097      -0.78071880096246071     
   220.80000000000098       -1.4010150224560876     
   221.60000000000099       -1.4918005753018542     
   222.40000000000100       -1.0132485305928740     
   223.20000000000101      -0.24146637726132281     
   224.00000000000102       0.59356328100671529     
   224.80000000000103        1.2915601325338526     
   225.60000000000105        1.5279776377088841     
   226.40000000000106        1.1636827320932928     
   227.20000000000107       0.43537118341734038     
   228.00000000000108      -0.39940019074999822     
   228.80000000000109       -1.1552351086631401     
   229.60000000000110       -1.5284438399106934     
   230.40000000000111       -1.2943675279868567     
   231.20000000000113      -0.62435826549410645     
   232.00000000000114       0.20141618696827335     
   232.80000000000115       0.99746333581778579     
   233.60000000000116        1.4928780401162620     
   234.40000000000117        1.4007702580383643     
   235.20000000000118       0.80545155055658346     
   236.00000000000119       -2.5867419110519041E-003
   236.80000000000121      -0.82377983520224851     
   237.60000000000122       -1.4225584683331500     
   238.40000000000123       -1.4781489273730359     
   239.20000000000124      -0.97504951382237282     
   240.00000000000125      -0.19491157041347351     
   240.80000000000126       0.63876984574407647     
   241.60000000000127        1.3201753430765319     
   242.40000000000128        1.5225711918758413     
   243.20000000000130        1.1295860782794034     
   244.00000000000131       0.38967375834757889     
   244.80000000000132      -0.44598123831981129     
   245.60000000000133       -1.1897686720591434     
   246.40000000000134       -1.5316104000945243     
   247.20000000000135       -1.2653473196347915     
   248.00000000000136      -0.58005943568006468     
   248.80000000000138       0.24861665765170937     
   249.60000000000139        1.0365719640643487     
   250.40000000000140        1.5045440598838049     
   251.20000000000141        1.3779563592975532     
   252.00000000000142       0.76334572977776194     
   252.80000000000143       -4.9753510314837435E-002
   253.60000000000144      -0.86620730654499378     
   254.40000000000146       -1.4422864978688108     
   255.20000000000147       -1.4626303528906277     
   256.00000000000148      -0.93600114595287520     
   256.80000000000149      -0.14820424752930528     
   257.60000000000150       0.68353770465669839     
   258.40000000000151        1.3472032359284167     
   259.20000000000152        1.5151612789406628     
   260.00000000000153        1.0944346700552809     
   260.80000000000155       0.34373585073826973     
   261.60000000000156      -0.49230387130126863     
   262.40000000000157       -1.2230149981519911     
   263.20000000000158       -1.5327334964995898     
   264.00000000000159       -1.2350236158366374     
   264.80000000000160      -0.53536370169605374     
   265.60000000000161       0.29573649763376775     
   266.40000000000163        1.0747166638490451     
   267.20000000000164        1.5142186414493291     
   268.00000000000165        1.3535634641045582     
   268.80000000000166       0.72063938631919044     
   269.60000000000167       -9.6976280491012923E-002
   270.40000000000168      -0.90794618352098400     
   271.20000000000169       -1.4601564933764350     
   272.00000000000171       -1.4452918210185757     
   272.80000000000172      -0.89615036697556028     
   273.60000000000173      -0.10136014996798581     
   274.40000000000174       0.72782412448246558     
   275.20000000000175        1.3725831344000974     
   276.00000000000176        1.5057719245453189     
   276.80000000000177        1.0582800146861153     
   277.60000000000178       0.29758298240121728     
   278.40000000000180      -0.53832543433907021     
   279.20000000000181       -1.2548982356381075     
   280.00000000000182       -1.5318136227777173     
   280.80000000000183       -1.2034591805755543     
   281.60000000000184      -0.49031423182591904     
   282.40000000000185       0.34273524995330718     
   283.20000000000186        1.1118221566588122     
   284.00000000000188        1.5218812963032207     
   284.80000000000189        1.3276564491718994     
   285.60000000000190       0.67738256484337578     
   286.40000000000191      -0.14422781723773059     
   287.20000000000192      -0.94893764396635494     
   288.00000000000193       -1.4761300427075259     
   288.80000000000194       -1.4261846450864668     
   289.60000000000196      -0.85554406193268839     
   290.40000000000197       -5.4395239067958956E-002
   291.20000000000198       0.77158462168544717     
   292.00000000000199        1.3962583404892608     
   292.80000000000200        1.4944324847741925     
   293.60000000000201        1.0211715821858234     
   294.40000000000202       0.25123729528653305     
   295.20000000000203      -0.58400327947155783     
   296.00000000000205       -1.2853449224195086     
   296.80000000000206       -1.5288568909721403     
   297.60000000000207       -1.1707146967260065     
   298.40000000000208      -0.44495069220254813     
   299.20000000000209       0.38957094680758986     
   300.00000000000210        1.1478114767162260     
   300.80000000000211        1.5275164577873239     
   301.60000000000213        1.3003011767300332     
   302.40000000000214       0.63362479515681980     
   303.20000000000215      -0.19147746950274147     
   304.00000000000216      -0.98911856501709861     
   304.80000000000217       -1.4901728354808366     
   305.60000000000218       -1.4053642723424056     
   306.40000000000219      -0.81422974662338921     
   307.20000000000221       -7.3268949809028872E-003
   308.00000000000222       0.81477227645291483     
   308.80000000000223        1.4181764325711546     
   309.60000000000224        1.4811777547119549     
   310.40000000000225       0.98315728912555422     
   311.20000000000226       0.20471800612228275     
   312.00000000000227      -0.62929494427823518     
   312.80000000000229       -1.3142848602145087     
   313.60000000000230       -1.5238749970035859     
   314.40000000000231       -1.1368482015822416     
   315.20000000000232      -0.39930864768001295     
   316.00000000000233       0.43620075298600058     
   316.80000000000234        1.1826068817387885     
   317.60000000000235        1.5311135272804548     
   318.40000000000236        1.2715635552038402     
   319.20000000000238       0.58941447047915940     
   320.00000000000239      -0.23869116320056383     
   320.80000000000240       -1.0284215702797708     
   321.60000000000241       -1.5022547445917864     
   322.40000000000242       -1.3828898245263355     
   323.20000000000243      -0.77225581475600169     
   324.00000000000244        3.9825165854736277E-002
   324.80000000000246       0.85733706019279965     
   325.60000000000247        1.4382893343454155     
   326.40000000000248        1.4660478765459359     
   327.20000000000249       0.94428407215659571     
   328.00000000000250       0.15804221224724457     
   328.80000000000251      -0.67415790649993335     
   329.60000000000252       -1.3416516820838389     
   330.40000000000254       -1.5168851888404098     
   331.20000000000255       -1.1019149023496180     
   332.00000000000256      -0.35341932549762012     
   332.80000000000257       0.48258151343519162     
   333.60000000000258        1.2161308882812429     
   334.40000000000259        1.5326670142207770     
   335.20000000000260        1.2415086673049003     
   336.00000000000261       0.54479807680891235     
   336.80000000000263      -0.28583174678535339     
   337.60000000000264       -1.0667754600913717     
   338.40000000000265       -1.5123499728675551     
   339.20000000000266       -1.3588234285937240     
   340.00000000000267      -0.72967145829880431     
   340.80000000000268        8.7038199761203638E-002
   341.60000000000269       0.89922522830292506     
   342.40000000000271        1.4565532732389137     
   343.20000000000272        1.4490881346540121     
   344.00000000000273       0.90459850541716447     
   344.80000000000274       0.11122591691833261     
   345.60000000000275      -0.71854905675263103     
   346.40000000000276       -1.3673832078033485     
   347.20000000000277       -1.5079102456948770     
   348.00000000000279       -1.0659672921802585     
   348.80000000000280      -0.30730969029052280     
   349.60000000000281       0.52867016644566900     
   350.40000000000282        1.2483073177048274     
   351.20000000000283        1.5321766829949777     
   352.00000000000284        1.2101999915306569     
   352.80000000000285       0.49981939029814926     
   353.60000000000286      -0.33285955994666294     
   354.40000000000288       -1.1041059262314974     
   355.20000000000289       -1.5204372313201868     
   356.00000000000290       -1.3332293964440549     
   356.80000000000291      -0.68652631799081654     
   357.60000000000292       0.13428599313333456     
   358.40000000000293       0.94037887392897612     
   359.20000000000294        1.4729287185041238     
   360.00000000000296        1.4303486495345199     
   360.80000000000297       0.86414736727457175     
   361.60000000000298        6.4285144296708840E-002
   362.40000000000299      -0.76242399302857788     
   363.20000000000300       -1.3914216308308969     
   364.00000000000301       -1.4969784499642151     
   364.80000000000302       -1.0290555054069612     
   365.60000000000304      -0.26100281569352213     
   366.40000000000305       0.57442396102434845     
   367.20000000000306        1.2790622544452952     
   368.00000000000307        1.5296476712674218     
   368.80000000000308        1.1776987765068379     
   369.60000000000309       0.45451875723543900     
   370.40000000000310      -0.37973311717694092     
   371.20000000000312       -1.1403364767459860     
   372.00000000000313       -1.5264999343382866     
   372.80000000000314       -1.3061733106919580     
   373.60000000000315      -0.64286990974739644     
   374.40000000000316       0.18153869329375971     
   375.20000000000317       0.98073572185534719     
   376.00000000000318        1.4873803526357188     
   376.80000000000319        1.4098839558592979     
   377.60000000000321       0.82297806602806922     
   378.40000000000322        1.7237031122206092E-002
   379.20000000000323      -0.80573622849979687     
   380.00000000000324       -1.4137135739258955     
   380.80000000000325       -1.4841235315263788     
   381.60000000000326      -0.99122785082498177     
   382.40000000000327      -0.21451853049388980     
   383.20000000000329       0.61980043650345362     
   384.00000000000330        1.3083248500849640     
   384.80000000000331        1.5250905715333305     
   385.60000000000332        1.1440636227761125     
   386.40000000000333       0.40893255088511626     
   387.20000000000334      -0.42640980996920186     
   388.00000000000335       -1.1753894958909621     
   388.80000000000337       -1.5305263966545921     
   389.60000000000338       -1.2777210748392600     
   390.40000000000339      -0.59875088438905899     
   391.20000000000340       0.22876291442623331     
   392.00000000000341        1.0202292084258207     
   392.80000000000342        1.4998771012795729     
   393.60000000000343        1.3877524495259130     
   394.40000000000344       0.78113885658525251     
   395.20000000000346       -2.9899200940017523E-002
   396.00000000000347      -0.84843640403542553     
   396.80000000000348       -1.4342100562629247     
   397.60000000000349       -1.4693845636078131     
   398.40000000000350      -0.95253145187364541     
   399.20000000000351      -0.16787429485684913     
   400.00000000000352       0.66475715388723233     
   400.80000000000354        1.3360279379855831     
   401.60000000000355        1.5185214785949903     
   402.40000000000356        1.1093503066135606     
   403.20000000000357       0.36309287471447427     
   404.00000000000358      -0.47284653972808477     
   404.80000000000359       -1.2091873590227484     
   405.60000000000360       -1.5325100160127609     
   406.40000000000362       -1.2479379905533472     
   407.20000000000363      -0.55421619493232921     
   408.00000000000364       0.27592209076854635     
   408.80000000000365        1.0587888581021840     
   409.60000000000366        1.5103922263621126     
   410.40000000000367        1.3640157001297673     
   411.20000000000368       0.73867880887768100     
   412.00000000000369       -7.7101470030954355E-002
   412.80000000000371      -0.89047159611284765     
   413.60000000000372       -1.4528664185119537     
   414.40000000000373       -1.4528057874445335     
   415.20000000000374      -0.91301291254626105     
   416.00000000000375      -0.12108623939106566     
   416.80000000000376       0.70925120057799929     
   417.60000000000377        1.3621084508113090     
   418.40000000000379        1.5099620073810767     
   419.20000000000380        1.0736118548094451     
   420.00000000000381       0.31702755466931687     
   420.80000000000382      -0.51900020457374185     
   421.60000000000383       -1.2416535224594571     
   422.40000000000384       -1.5324494284783419     
   423.20000000000385       -1.2168879272011432     
   424.00000000000387      -0.50931025780704153     
   424.80000000000388       0.32297702315248289     
   425.60000000000389        1.0963409347139152     
   426.40000000000390        1.5189034728281858     
   427.20000000000391        1.3387376416941221     
   428.00000000000392       0.69564751978588024     
   428.80000000000393      -0.12434431173891936     
   429.60000000000394      -0.93178480291419952     
   430.40000000000396       -1.4696422493957395     
   431.20000000000397       -1.4344363416288808     
   432.00000000000398      -0.87271892424084641     
   432.80000000000399       -7.4170283234001100E-002
   433.60000000000400       0.75323851863520852     
   434.40000000000401        1.3865076565009429     
   435.20000000000402        1.4994392820289029     
   436.00000000000404        1.0368988523507801     
   436.80000000000405       0.27076043460978061     
   437.60000000000406      -0.56482798008899870     
   438.40000000000407       -1.2727135168116948     
   439.20000000000408       -1.5303486291281110     
   440.00000000000409       -1.1846326456269309     
   440.80000000000410      -0.46407419774574288     
   441.60000000000412       0.36988654566596779     
   442.40000000000413        1.1328093180972156     
   443.20000000000414        1.5253932504319345     
   444.00000000000415        1.3119836720258335     
   444.80000000000416       0.65209459100139311     
   445.60000000000417      -0.17159863964390232     
   446.40000000000418      -0.97231467468632193     
   447.20000000000420       -1.4845013479712572     
   448.00000000000421       -1.4143298739534069     
   448.80000000000422      -0.83169673432945890     
   449.60000000000423       -2.7143239487059323E-002
   450.40000000000424       0.79667312914539179     
   451.20000000000425        1.4091712461721189     
   452.00000000000426        1.4869858907311124     
   452.80000000000427       0.99925993942240465     
   453.60000000000429       0.22431196005043519     
   454.40000000000430      -0.61028735680816404     
   455.20000000000431       -1.3022957882821893     
   456.00000000000432       -1.5262170569171669     
   456.80000000000433       -1.1512313278634234     
   457.60000000000434      -0.41854525987115809     
   458.40000000000435       0.41660822820249721     
   459.20000000000437        1.1681165367211190     
   460.00000000000438        1.5298488283621468     
   460.80000000000439        1.2838197070259234     
   461.60000000000440       0.60806892286555558     
   462.40000000000441      -0.21883179059463098     
   463.20000000000442       -1.0119955301769838     
   464.00000000000443       -1.4974117425095677     
   464.80000000000445       -1.3925440201375634     
   465.60000000000446      -0.78999441217703825     
   466.40000000000447        1.9976182032578560E-002
   467.20000000000448       0.83950633961720889     
   468.00000000000449        1.4300493188906982     
   468.80000000000450        1.4726397933996416     
   469.60000000000451       0.96074243282920158     
   470.40000000000452       0.17770000803845964     
   471.20000000000454      -0.65533592422953824     
   472.00000000000455       -1.3303323535905149     
   472.80000000000456       -1.5200696466749881     
   473.60000000000457       -1.1167403472912314     
   474.40000000000458      -0.37275645752013875     
   475.20000000000459       0.46309902858065932     
   476.00000000000460        1.2021848756285687     
   476.80000000000462        1.5322625216694319     
   477.60000000000463        1.2543112483319276     
   478.40000000000464       0.56361789611271973     
   479.20000000000465      -0.26600782860316641     
   480.00000000000466       -1.0507576720299152     
   480.80000000000467       -1.5083457721735667     
   481.60000000000468       -1.3691397451282152     
   482.40000000000470      -0.74766087116027535     
   483.20000000000471        6.7166553976012233E-002
   484.00000000000472       0.88168602605722202     
   484.80000000000473        1.4490963124558671     
   485.60000000000474        1.4564441626371338     
   486.40000000000475       0.92139299232898941     
   487.20000000000476       0.13094089774300011     
   488.00000000000477      -0.69993091978560651     
   488.80000000000479       -1.3567592574841838     
   489.60000000000480       -1.5119268520820615     
   490.40000000000481       -1.0812132912625083     
   491.20000000000482      -0.32673650236467922     
   492.00000000000483       0.50931581471783427     
   492.80000000000484        1.2349374772921167     
   493.60000000000485        1.5326318533637313     
   494.40000000000487        1.2235225288306009     
   495.20000000000488       0.51878652743221199     
   496.00000000000489      -0.31308805626737601     
   496.80000000000490       -1.0885279840504745     
   497.60000000000491       -1.5172802244378580     
   498.40000000000492       -1.3441805576349997     
   499.20000000000493      -0.70474563324548378     
   500.00000000000495       0.11440315314630012     
   500.80000000000496       0.92315607588341697     
   501.60000000000497        1.4662709264126814     
   502.40000000000498        1.4384471346777534     
   503.20000000000499       0.88125824642379569     
   504.00000000000500        8.4050499357057884E-002
   504.80000000000501      -0.74402858853619214     
   505.60000000000502       -1.3815168441826882     
   506.40000000000504       -1.5018146408065720     
   507.20000000000505       -1.0447012228111818     
   508.00000000000506      -0.28051003676029662     
   508.80000000000507       0.55521569231173040     
   509.60000000000508        1.2662993604192003     
   510.40000000000509        1.5309596829048426     
   511.20000000000510        1.1915157995161794     
   512.00000000000512       0.47361668954049363     
   512.80000000000507      -0.36003166309014911     
   513.60000000000502       -1.1252307659437240     
   514.40000000000498       -1.5241965115109886     
   515.20000000000493       -1.3177316252777014     
   516.00000000000489      -0.66129835253658453     
   516.80000000000484       0.16165766065405962     
   517.60000000000480       0.96385606260489798     
   518.40000000000475        1.4815360744835704     
   519.20000000000471        1.4187014473529624     
   520.00000000000466       0.84038529591809885     
   520.80000000000462        3.7045349960046603E-002
   521.60000000000457      -0.78758342232618361     
   522.40000000000452       -1.4045498728084711     
   523.20000000000448       -1.4897644573765261     
   524.00000000000443       -1.0072531427339069     
   524.80000000000439      -0.23409815962805103     
   525.60000000000434       0.60075609522563989     
   526.40000000000430        1.2961982969004513     
   527.20000000000425        1.5272542985827784     
   528.00000000000421        1.1583508124116724     
   528.80000000000416       0.42814648173780967     
   529.60000000000412      -0.40679642783276526     
   530.40000000000407       -1.1607887397121761     
   531.20000000000402       -1.5290808641504885     
   532.00000000000398       -1.2898588337764572     
   532.80000000000393      -0.61736814237509019     
   533.60000000000389       0.20889814861098366     
   534.40000000000384        1.0037211999739679     
   535.20000000000380        1.4948588904600986     
   536.00000000000375        1.3972639475653066     
   536.80000000000371       0.79882202687048087     
   537.60000000000366       -1.0056314982630932E-002
   538.40000000000362      -0.83054736306114485     
   539.20000000000357       -1.4258075197599298     
   540.00000000000352       -1.4758131422321850     
   540.80000000000348      -0.96891659113653961     
   541.60000000000343      -0.18751920932751009     
   542.40000000000339       0.64589462226488570     
   543.20000000000334        1.3245655076990537     
   544.00000000000330        1.5215294761343812     
   544.80000000000325        1.1240845383279907     
   545.60000000000321       0.38240982340018737     
   546.40000000000316      -0.45333938826686748     
   547.20000000000312       -1.1951241487223214     
   548.00000000000307       -1.5319245213534340     
   548.80000000000302       -1.2606278464895566     
   549.60000000000298      -0.57300277383014409     
   550.40000000000293       0.25608933309352966     
   551.20000000000289        1.0426825948887013     
   552.00000000000284        1.5062107968147054     
   552.80000000000280        1.3741949611461719     
   553.60000000000275       0.75661718607478823     
   554.40000000000271       -5.7233696728698713E-002
   555.20000000000266      -0.87286906154719668     
   556.00000000000261       -1.4452433168114194     
   556.80000000000257       -1.4600027886168281     
   557.60000000000252      -0.92973831138424612     
   558.40000000000248      -0.14078974262073718     
   559.20000000000243       0.69058863267820303     
   560.00000000000239        1.3513361616874318     
   560.80000000000234        1.5138045075999618     
   561.60000000000230        1.0887711366047763     
   562.40000000000225       0.33643632209326080     
   563.20000000000221      -0.49961739667943073     
   564.00000000000216       -1.2281598666580487     
   564.80000000000211       -1.5327238985726743     
   565.60000000000207       -1.2301032281061883     
   566.40000000000202      -0.52824782925005676     
   567.20000000000198       0.30319304720409579     
   568.00000000000193        1.0806677881803519     
   568.80000000000189        1.5155676315139890     
   569.60000000000184        1.3495575323585074     
   570.40000000000180       0.71382019945084074     
   571.20000000000175      -0.10446280002930119     
   572.00000000000171      -0.91449328002406871     
   572.80000000000166       -1.4628150722986564     
   573.60000000000161       -1.4423805144616477     
   574.40000000000157      -0.88976489148660365     
   575.20000000000152       -9.3925630304555585E-002
   576.00000000000148       0.73479464065404720     
   576.80000000000143        1.3764496843029255     
   577.60000000000139        1.5041042024638571     
   578.40000000000134        1.0524621689055276     
   579.20000000000130       0.29025144208228604     
   580.00000000000125      -0.54558749284882335     
   580.80000000000121       -1.2598204391612207     
   581.60000000000116       -1.5314807236879839     
   582.40000000000111       -1.1983476968101552     
   583.20000000000107      -0.48314590132480939     
   584.00000000000102       0.35016886717824669     
   584.80000000000098        1.1176015442445970     
   585.60000000000093        1.5229098179415892     
   586.40000000000089        1.3234165568565515     
   587.20000000000084       0.67048074349381492     
   588.00000000000080      -0.15171607306427237     
   588.80000000000075      -0.95536051324612248     
   589.60000000000070       -1.4784848148859906     
   590.40000000000066       -1.4229981258378612     
   591.20000000000061      -0.84904329963176872     
   592.00000000000057       -4.6943179328445384E-002
   592.80000000000052       0.77846757321884619     
   593.60000000000048        1.3998499025685229     
   594.40000000000043        1.4924588580255933     
   595.20000000000039        1.0152070235269461     
   596.00000000000034       0.24387697059237046     
   596.80000000000030      -0.59120704664848711     
   597.60000000000025       -1.2900329946284514     
   598.40000000000020       -1.5282021369064078     
   599.20000000000016       -1.1654215620983255     
   600.00000000000011      -0.43773592539164952     
   600.80000000000007       0.39697481056979012     
   601.60000000000002        1.1534068275799174     
   602.39999999999998        1.5282225569144690     
   603.19999999999993        1.2958378483369792     
   603.99999999999989       0.62664810875217225     
   604.79999999999984      -0.19896233460468593     
   605.59999999999980      -0.99540688123449994     
   606.39999999999975       -1.4922187869456154     
   607.19999999999970       -1.4019116528932858     
   607.99999999999966      -0.80762124195663609     
   608.79999999999961        1.3981069134094692E-004
   609.59999999999957       0.82155997354493415     
   610.39999999999952        1.4214850672826844     
   611.19999999999948        1.4789041889880981     
   611.99999999999943       0.97705349357522964     
   612.79999999999939       0.19733175093185473     
   613.59999999999934      -0.63643364811994774     
   614.39999999999930       -1.3187279803097365     
   615.19999999999925       -1.5229007561501493     
   615.99999999999920       -1.1313823909182705     
   616.79999999999916      -0.39205272094753696     
   617.59999999999911       0.44356801993655581     
   618.39999999999907        1.1880058892482821     
   619.19999999999902        1.5314960188711964     
   619.99999999999898        1.2668871928615228     
   620.79999999999893       0.58237041883098861     
   621.59999999999889      -0.24616697398189835     
   622.39999999999884       -1.0345643192248013     
   623.19999999999879       -1.5039874999244223     
   623.99999999999875       -1.3791807485895178     
   624.79999999999870      -0.76554729059192694     
   625.59999999999866        4.7303141440966034E-002
   626.39999999999861       0.86402124051625240     
   627.19999999999857        1.4413078005558031     
   627.99999999999852        1.4634811992222116     
   628.79999999999848       0.93804843471713828     
   629.59999999999843       0.15063262628224550     
   630.39999999999839      -0.68122475129075066     
   631.19999999999834       -1.3458397027681226     
   631.99999999999829       -1.5155947118858144     
   632.79999999999825       -1.0962849241848918     
   633.59999999999820      -0.34612679891989706     
   634.39999999999816       0.48990534861956236     
   635.19999999999811        1.2213213804831327     
   635.99999999999807        1.5327255177414409     
   636.79999999999802        1.2366294536129350     
   637.59999999999798       0.53769378596715856     
   638.39999999999793      -0.29329238280952463     
   639.19999999999789       -1.0727610602474718     
   639.99999999999784       -1.5137658498752564     
   640.79999999999779       -1.3548679542192228     
   641.59999999999775      -0.72287075630243947     
   642.39999999999770        9.4523529629675251E-002
   643.19999999999766       0.90579699422813820     
   643.99999999999761        1.4592750169260180     
   644.79999999999757        1.4462359735307675     
   645.59999999999752       0.89823841843483665     
   646.39999999999748       0.10379551804336096     
   647.19999999999743      -0.72553710633690094     
   647.99999999999739       -1.3713066749322436     
   648.79999999999734       -1.5063076541403919     
   649.59999999999729       -1.0601812411751070     
   650.39999999999725      -0.29998446623004726     
   651.19999999999720       0.53594377687207895     
   651.99999999999716        1.2532774143328114     
   652.79999999999711        1.5319116542398648     
   653.59999999999707        1.2051277909260425     
   654.39999999999702       0.49266149299710227     
   655.19999999999698      -0.34029855526899311     
   655.99999999999693       -1.1099223768870528     
   656.79999999999688       -1.5215332799332895     
   657.59999999999684       -1.3290378519658079     
   658.39999999999679      -0.67964130957474000     
   659.19999999999675       0.14177418733225688     
   659.99999999999670       0.94682864583976745     
   660.79999999999666        1.4753478596622513     
   661.59999999999661        1.4272193657218060     
   662.39999999999657       0.85767029632384273     
   663.19999999999652        5.6836550102693395E-002
   663.99999999999648      -0.76932603987795189     
   664.79999999999643       -1.3950717925351479     
   665.59999999999638       -1.4950687299303846     
   666.39999999999634       -1.0231211435428746     
   667.19999999999629      -0.25364823105695034     
   667.99999999999625       0.58164060569015619     
   668.79999999999620        1.2838005083547781     
   669.59999999999616        1.5290604233686322     
   670.39999999999611        1.1724430569143638     
   671.19999999999607       0.44731329080019289     
   671.99999999999602      -0.38714377826447044     
   672.79999999999598       -1.1459715245212223     
   673.59999999999593       -1.5272739695472708     
   674.39999999999588       -1.3017561414215533     
   675.19999999999584      -0.63590838330775845     
   675.99999999999579       0.18902468897531077     
   676.79999999999575       0.98705323006445045     
   677.59999999999570        1.4894916821762587     
   678.39999999999566        1.4064865625638689     
   679.19999999999561       0.81639160035969038     
   679.99999999999557        9.7731265769881448E-003
   680.79999999999552      -0.81254466237491918     
   681.59999999999548       -1.4170823782811914     
   682.39999999999543       -1.4819125226256555     
   683.19999999999538      -0.98515270680790978     
   683.99999999999534      -0.20713748370197049     
   684.79999999999529       0.62695340046425518     
   685.59999999999525        1.3128203599991655     
   686.39999999999520        1.5241832867653484     
   687.19999999999516        1.1386334109742844     
   687.99999999999511       0.40168489034998367     
   688.79999999999507      -0.43378532532494307     
   689.59999999999502       -1.1808308114812509     
   690.39999999999498       -1.5309770283366517     
   691.19999999999493       -1.2730886914938115     
   691.99999999999488      -0.59172041594492342     
   692.79999999999484       0.23624111648059531     
   693.59999999999479        1.0264035319559541     
   694.39999999999475        1.5016760900520150     
   695.19999999999470        1.3840965115677488     
   695.99999999999466       0.77445072235842394     
   696.79999999999461       -3.7375124105756274E-002
   697.59999999999457      -0.85514309242543429     
   698.39999999999452       -1.4372901409763561     
   699.19999999999447       -1.4668789375932318     
   699.99999999999443      -0.94632292815472008     
   700.79999999999438      -0.16046940181164371     
   701.59999999999434       0.67183968465371824     
   702.39999999999429        1.3402704287979688     
   703.19999999999425        1.5172972136384679     
   703.99999999999420        1.1037541829727597     
   704.79999999999416       0.35580771055185112     
   705.59999999999411      -0.48018006945218983     
   706.39999999999407       -1.2144227137793877     
   707.19999999999402       -1.5326366750682163     
   707.99999999999397       -1.2431006291235991     
   708.79999999999393      -0.54712401308580838     
   709.59999999999388       0.28338644682388725     
   710.39999999999384        1.0648085097825903     
   711.19999999999379        1.5118750446937752     
   711.99999999999375        1.3601112134154003     
   712.79999999999370       0.73189684103978558     
   713.59999999999366       -8.4585611966905394E-002
   714.39999999999361      -0.89706778873273896     
   715.19999999999357       -1.4556510984349966     
   715.99999999999352       -1.4500130127755557     
   716.79999999999347      -0.90667838778376486     
   717.59999999999343      -0.11366000748134197     
   718.39999999999338       0.71625641228430570     
   719.19999999999334        1.3660883228422649     
   719.99999999999329        1.5084246935883314     
   720.79999999999325        1.0678579869835316     
   721.59999999999320       0.30970891901035047     
   722.39999999999316      -0.52628494005360171     
   723.19999999999311       -1.2466709537681631     
   723.99999999999307       -1.5322523880461341     
   724.79999999999302       -1.2118555298355120     
   725.59999999999297      -0.50216311633413357     
   726.39999999999293       0.33042112298766091     
   727.19999999999288        1.1021939863341328     
   727.99999999999284        1.5200670174440702     
   728.79999999999279        1.3345948957611196     
   729.59999999999275       0.68877959423338875     
   730.39999999999270      -0.13183230711908878     
   731.19999999999266      -0.93826107133343872     
   731.99999999999261       -1.4721255076532933     
   732.79999999999256       -1.4313646304621632     
   733.59999999999252      -0.86626583861789042     
   734.39999999999247       -6.6725289550335520E-002
   735.19999999999243       0.76015927416570361     
   735.99999999999238        1.3902160083601869     
   736.79999999999234        1.4975937207203449     
   737.59999999999229        1.0309950626818141     
   738.39999999999225       0.26341177517746517     
   739.19999999999220      -0.57205716675328266     
   739.99999999999216       -1.2775014725771565     
   740.79999999999211       -1.5298290202549034     
   741.59999999999206       -1.1794147712447409     
   742.39999999999202      -0.45687826941031617     
   743.19999999999197       0.37730373224252611     
   743.99999999999193        1.1384835555294637     
   744.79999999999188        1.5262351750343053     
   745.59999999999184        1.3076131019090611     
   746.39999999999179       0.64514852340929785     
   747.19999999999175      -0.17908554619680139     
   747.99999999999170      -0.97866089523887323     
   748.79999999999166       -1.4866778349406027     
   749.59999999999161       -1.4109881087134180     
   750.39999999999156      -0.82513264652747254     
   751.19999999999152       -1.9682298683861954E-002
   751.99999999999147       0.80350191338873733     
   752.79999999999143        1.4125998779774620     
   753.59999999999138        1.4848377420863630     
   754.39999999999134       0.99321379696972190     
   755.19999999999129       0.21693625667331040     
   755.99999999999125      -0.61745427662910946     
   756.79999999999120       -1.3068432436331738     
   757.59999999999116       -1.5253768788462561     
   758.39999999999111       -1.1458370991301647     
   759.19999999999106      -0.41130606347088339     
   759.99999999999102       0.42399170648204310     
   760.79999999999097        1.1735996325975924     
   761.59999999999093        1.5303675742357230     
   762.39999999999088        1.2792317430444597     
   763.19999999999084       0.60105234442303823     
   763.99999999999079      -0.22631212107751830     
   764.79999999999075       -1.0182009141376367     
   765.59999999999070       -1.4992767846467343     
   766.39999999999065       -1.3889416582121643     
   767.19999999999061      -0.78332701979445729     
   767.99999999999056        2.7449873758446985E-002
   768.79999999999052       0.84623513840411457     
   769.59999999999047        1.4331907236272765     
   770.39999999999043        1.4701955562514955     
   771.19999999999038       0.95456135812735099     
   771.99999999999034       0.17029992270860494     
   772.79999999999029      -0.66243383902810504     
   773.59999999999025       -1.3346288964751152     
   774.39999999999020       -1.5189117723390426     
   775.19999999999015       -1.1111784374261016     
   775.99999999999011      -0.36547882716936453     
   776.79999999999006       0.47044195879826067     
   777.59999999999002        1.2074645663235781     
   778.39999999998997        1.5324573453315178     
   779.19999999998993        1.2495161738194953     
   779.99999999998988       0.55653811912692064     
   780.79999999998984      -0.27347561964201672     
   781.59999999998979       -1.0568108423244160     
   782.39999999998975       -1.5098953904186536     
   783.19999999998970       -1.3652867023421509     
   783.99999999998965      -0.74089799048802896     
   784.79999999998961        7.4649309844416090E-002
   785.59999999998956       0.88830622510595780     
   786.39999999998952        1.4519436631932217     
   787.19999999998947        1.4537111416188879     
   787.99999999998943       0.91508436145343397     
   788.79999999998938       0.12351894607847502     
   789.59999999998934      -0.70695298084802438     
   790.39999999998929       -1.3607951435043208     
   791.19999999998925       -1.5104550292275289     
   791.99999999998920       -1.0754919502826883     
   792.79999999998915      -0.31942460405057771     
   793.59999999998911       0.51661137866356144     
   794.39999999998906        1.2400017315932930     
   795.19999999998902        1.5325028493120072     
   795.99999999998897        1.2185303561559451     
   796.79999999998893       0.51165041511641629     
   797.59999999998888      -0.32053696400027343     
   798.39999999998884       -1.0944170931796251     
   799.19999999998879       -1.5185111600952961     
