   0.0000000000000000       0.75817103148259790     
  0.80000000000000004       0.75345285397996609     
   1.6000000000000001       0.80263740118786742     
   2.4000000000000004       0.83588695729657037     
   3.2000000000000002       0.78792046331661114     
   4.0000000000000000       0.64386266570882489     
   4.7999999999999998       0.44116460517039580     
   5.5999999999999996       0.23483126355594075     
   6.3999999999999995        6.3304798998987222E-002
   7.1999999999999993       -6.5520961800532213E-002
   7.9999999999999991      -0.17025177230555388     
   8.7999999999999989      -0.28039667667009571     
   9.5999999999999996      -0.41661934279120488     
   10.400000000000000      -0.57586651769943775     
   11.200000000000001      -0.72939387214766815     
   12.000000000000002      -0.83806325215677246     
   12.800000000000002      -0.87964200032839635     
   13.600000000000003      -0.86734782302956537     
   14.400000000000004      -0.84012721414037772     
   15.200000000000005      -0.83237485316188031     
   16.000000000000004      -0.84926746109920803     
   16.800000000000004      -0.86525576349904343     
   17.600000000000005      -0.84487699299312513     
   18.400000000000006      -0.76935543535503648     
   19.200000000000006      -0.64761395159061574     
   20.000000000000007      -0.50518075598693435     
   20.800000000000008      -0.36457557429556903     
   21.600000000000009      -0.23313673773319568     
   22.400000000000009      -0.10324164759730498     
   23.200000000000010        3.8783950085576502E-002
   24.000000000000011       0.20129391910068847     
   24.800000000000011       0.37894405963400823     
   25.600000000000012       0.55108840286008376     
   26.400000000000013       0.68943733458845968     
   27.200000000000014       0.77403772445377939     
   28.000000000000014       0.80798594066347962     
   28.800000000000015       0.81674916999476155     
   29.600000000000016       0.82986879538158043     
   30.400000000000016       0.85948716366763367     
   31.200000000000017       0.89230814397184322     
   32.000000000000014       0.90066462482058984     
   32.800000000000011       0.86413376412271770     
   33.600000000000009       0.78402627139261816     
   34.400000000000006       0.67932771904228262     
   35.200000000000003       0.57036847100525190     
   36.000000000000000       0.46518826059783919     
   36.799999999999997       0.35703948027129268     
   37.599999999999994       0.23163216983393514     
   38.399999999999991        7.7828611902682532E-002
   39.199999999999989      -0.10417766868823275     
   39.999999999999986      -0.29999066457350976     
   40.799999999999983      -0.48389906026221452     
   41.599999999999980      -0.62815376666724898     
   42.399999999999977      -0.71739308311495642     
   43.199999999999974      -0.75955860092310834     
   43.999999999999972      -0.78180770990946313     
   44.799999999999969      -0.81161310489464655     
   45.599999999999966      -0.85719056807571725     
   46.399999999999963      -0.90206674561233779     
   47.199999999999960      -0.91811965068809986     
   47.999999999999957      -0.88753592181999152     
   48.799999999999955      -0.81550850655063289     
   49.599999999999952      -0.72345479115862243     
   50.399999999999949      -0.63114947783158248     
   51.199999999999946      -0.54358104798217155     
   51.999999999999943      -0.45031528828380296     
   52.799999999999940      -0.33471171245580678     
   53.599999999999937      -0.18541041679703629     
   54.399999999999935       -3.5547064503581027E-003
   55.199999999999932       0.19617050776126638     
   55.999999999999929       0.38922910061376659     
   56.799999999999926       0.54893736602631815     
   57.599999999999923       0.65806456536692226     
   58.399999999999920       0.71922669197892308     
   59.199999999999918       0.75431777707726821     
   59.999999999999915       0.78994096877233355     
   60.799999999999912       0.83868564681458446     
   61.599999999999909       0.89031457091555299     
   62.399999999999906       0.91984397685644326     
   63.199999999999903       0.90708566427254589     
   63.999999999999901       0.85186562028681290     
   64.799999999999898       0.77204076420872914     
   65.599999999999895       0.68789634294239310     
   66.399999999999892       0.60756282678430107     
   67.199999999999889       0.52355187285807347     
   67.999999999999886       0.42006814377248930     
   68.799999999999883       0.28423778687300494     
   69.599999999999881       0.11405135925167403     
   70.399999999999878       -7.9881337692030568E-002
   71.199999999999875      -0.27720412969392227     
   71.999999999999872      -0.45340979816529292     
   72.799999999999869      -0.58827729753791591     
   73.599999999999866      -0.67563025966495927     
   74.399999999999864      -0.72766172601554868     
   75.199999999999861      -0.76752467163895499     
   75.999999999999858      -0.81345160045507670     
   76.799999999999855      -0.86587224154446873     
   77.599999999999852      -0.90742072310767119     
   78.399999999999849      -0.91650722902939996     
   79.199999999999847      -0.88412726723935497     
   79.999999999999844      -0.81972287087224960     
   80.799999999999841      -0.74189528518189218     
   81.599999999999838      -0.66365497900138104     
   82.399999999999835      -0.58428862941397708     
   83.199999999999832      -0.49194116288151984     
   83.999999999999829      -0.37289238172875355     
   84.799999999999827      -0.22053518796256166     
   85.599999999999824       -3.9391799873746608E-002
   86.399999999999821       0.15586750688828371     
   87.199999999999818       0.34417165838246455     
   87.999999999999815       0.50382501050315798     
   88.799999999999812       0.62064167986577468     
   89.599999999999810       0.69542582979431400     
   90.399999999999807       0.74405784808663777     
   91.199999999999804       0.78721235090944708     
   91.999999999999801       0.83596849054965316     
   92.799999999999798       0.88400900743619959     
   93.599999999999795       0.91270650486108473     
   94.399999999999793       0.90575636385093938     
   95.199999999999790       0.86158331562088297     
   95.999999999999787       0.79309299489933216     
   96.799999999999784       0.71623145936906185     
   97.599999999999781       0.63815907296421481     
   98.399999999999778       0.55367888288540290     
   99.199999999999775       0.45050562568911134     
   99.999999999999773       0.31816018786954708     
   100.79999999999977       0.15458476182337708     
   101.59999999999977       -3.2067386299480638E-002
   102.39999999999976      -0.22531073817284228     
   103.19999999999976      -0.40421785961720191     
   103.99999999999976      -0.54951470272708469     
   104.79999999999976      -0.65165106036819764     
   105.59999999999975      -0.71640394175071220     
   106.39999999999975      -0.76175273276326316     
   107.19999999999975      -0.80584930629742413     
   107.99999999999974      -0.85425741901793051     
   108.79999999999974      -0.89617383934932682     
   109.59999999999974      -0.91299039334328858     
   110.39999999999974      -0.89289254970012344     
   111.19999999999973      -0.83941129688645300     
   111.99999999999973      -0.76705018792005275     
   112.79999999999973      -0.68914907524199776     
   113.59999999999972      -0.60865505012642629     
   114.39999999999972      -0.51770076657172925     
   115.19999999999972      -0.40434469182552485     
   115.99999999999972      -0.26081436445321071     
   116.79999999999971       -8.8433527359915415E-002
   117.59999999999971       0.10188223603150462     
   118.39999999999971       0.29201096196793297     
   119.19999999999970       0.46097603663797093     
   119.99999999999970       0.59184137975509477     
   120.79999999999970       0.67974336261328139     
   121.59999999999970       0.73525676835843234     
   122.39999999999969       0.77794902801302102     
   123.19999999999969       0.82296482459067710     
   123.99999999999969       0.87032757649248338     
   124.79999999999968       0.90528615439038762     
   125.59999999999968       0.90995799407990230     
   126.39999999999968       0.87722245119923303     
   127.19999999999968       0.81520290894412595     
   127.99999999999967       0.73932285810356224     
   128.79999999999967       0.66009899427774266     
   129.59999999999968       0.57658145654515280     
   130.39999999999969       0.47872807064328310     
   131.19999999999970       0.35524578752319813     
   131.99999999999972       0.20108304790057541     
   132.79999999999973        2.0863390317190394E-002
   133.59999999999974      -0.17170592869432666     
   134.39999999999975      -0.35684442868908861     
   135.19999999999976      -0.51391204022261794     
   135.99999999999977      -0.62921875682649397     
   136.79999999999978      -0.70336744012253771     
   137.59999999999980      -0.75149453382189380     
   138.39999999999981      -0.79346100175929224     
   139.19999999999982      -0.84000113089341999     
   139.99999999999983      -0.88517929623078495     
   140.79999999999984      -0.91124017479120833     
   141.59999999999985      -0.90258964352838345     
   142.39999999999986      -0.85762169817406464     
   143.19999999999987      -0.78851134486181684     
   143.99999999999989      -0.71038669180055258     
   144.79999999999990      -0.63010629294824461     
   145.59999999999991      -0.54283554155127245     
   146.39999999999992      -0.43700135363037684     
   147.19999999999993      -0.30271752089926707     
   147.99999999999994      -0.13814230392089452     
   148.79999999999995        4.8633139245299356E-002
   149.59999999999997       0.24119269947345598     
   150.39999999999998       0.41856269291707582     
   151.19999999999999       0.56148518368771638     
   152.00000000000000       0.66077327050947243     
   152.80000000000001       0.72290253396183990     
   153.60000000000002       0.76644994056221993     
   154.40000000000003       0.80959052834356526     
   155.20000000000005       0.85729316517625398     
   156.00000000000006       0.89799639798648023     
   156.80000000000007       0.91277259555036783     
   157.60000000000008       0.89016118275478429     
   158.40000000000009       0.83436129968728945     
   159.20000000000010       0.76027857871635618     
   160.00000000000011       0.68114012917195299     
   160.80000000000013       0.59946462458478267     
   161.60000000000014       0.50700693781980777     
   162.40000000000015       0.39174116468718906     
   163.20000000000016       0.24612914983593884     
   164.00000000000017        7.1947093407500690E-002
   164.80000000000018      -0.11931734261271218     
   165.60000000000019      -0.30896077291441693     
   166.40000000000020      -0.47568515587900551     
   167.20000000000022      -0.60290756595459738     
   168.00000000000023      -0.68692696881589665     
   168.80000000000024      -0.73971166201405791     
   169.60000000000025      -0.78146859198919338     
   170.40000000000026      -0.82671241403950113     
   171.20000000000027      -0.87400925687707620     
   172.00000000000028      -0.90742041922809347     
   172.80000000000030      -0.90906693838020536     
   173.60000000000031      -0.87296290767709572     
   174.40000000000032      -0.80848681776184872     
   175.20000000000033      -0.73146181231545071     
   176.00000000000034      -0.65182017401314618     
   176.80000000000035      -0.56764019475984995     
   177.60000000000036      -0.46823046153342163     
   178.40000000000038      -0.34232560112712274     
   179.20000000000039      -0.18548529097009986     
   180.00000000000040       -3.2095503426548266E-003
   180.80000000000041       0.18994407101364574     
   181.60000000000042       0.37363012396165324     
   182.40000000000043       0.52728755580767372     
   183.20000000000044       0.63823822534147789     
   184.00000000000045       0.70872439195090187     
   184.80000000000047       0.75513425446490046     
   185.60000000000048       0.79724924276198128     
   186.40000000000049       0.84440053720762975     
   187.20000000000050       0.88894515378146000     
   188.00000000000051       0.91241395985490559     
   188.80000000000052       0.90003834238787661     
   189.60000000000053       0.85183035198306145     
   190.40000000000055       0.78101836880811726     
   191.20000000000056       0.70251794244901899     
   192.00000000000057       0.62209401237336137     
   192.80000000000058       0.53383972787646683     
   193.60000000000059       0.42581636558807778     
   194.40000000000060       0.28859397424923683     
   195.20000000000061       0.12126852615393630     
   196.00000000000063       -6.7079260696367493E-002
   196.80000000000064      -0.25928784182022035     
   197.60000000000065      -0.43414205942653333     
   198.40000000000066      -0.57296058041419806     
   199.20000000000067      -0.66798819364464934     
   200.00000000000068      -0.72730598309508998     
   200.80000000000069      -0.77016873068805980     
   201.60000000000070      -0.81394657671661907     
   202.40000000000072      -0.86186899573053288     
   203.20000000000073      -0.90098594109946351     
   204.00000000000074      -0.91240414145018700     
   204.80000000000075      -0.88605790927570172     
   205.60000000000076      -0.82768972537978502     
   206.40000000000077      -0.75268047302965124     
   207.20000000000078      -0.67349170995379704     
   208.00000000000080      -0.59139882087060236     
   208.80000000000081      -0.49734651357616688     
   209.60000000000082      -0.37937104978571579     
   210.40000000000083      -0.23070923653192427     
   211.20000000000084       -5.4161920579755163E-002
   212.00000000000085       0.13789802693223349     
   212.80000000000086       0.32625215197551827     
   213.60000000000088       0.48970420279171711     
   214.40000000000089       0.61262260518606881     
   215.20000000000090       0.69288361254802111     
   216.00000000000091       0.74375393305642801     
   216.80000000000092       0.78550382538717700     
   217.60000000000093       0.83136736742989004     
   218.40000000000094       0.87819934521223875     
   219.20000000000095       0.90920634944670409     
   220.00000000000097       0.90717761904186101     
   220.80000000000098       0.86772416874536218     
   221.60000000000099       0.80139653006488398     
   222.40000000000100       0.72392850854876045     
   223.20000000000101       0.64418664769123257     
   224.00000000000102       0.55911771878135363     
   224.80000000000103       0.45758290090752241     
   225.60000000000105       0.32872218892642346     
   226.40000000000106       0.16901614304275336     
   227.20000000000107       -1.5060823253112088E-002
   228.00000000000108      -0.20822172024103303     
   228.80000000000109      -0.38983030435113897     
   229.60000000000110      -0.53972785674467116     
   230.40000000000111      -0.64645336346753812     
   231.20000000000113      -0.71380734248530187     
   232.00000000000114      -0.75907204756981794     
   232.80000000000115      -0.80155656635438099     
   233.60000000000116      -0.84904685722724471     
   234.40000000000117      -0.89240940843910832     
   235.20000000000118      -0.91288123080474126     
   236.00000000000119      -0.89681341991525021     
   236.80000000000121      -0.84577246604255119     
   237.60000000000122      -0.77370445787722941     
   238.40000000000123      -0.69499727333867956     
   239.20000000000124      -0.61424284728417111     
   240.00000000000125      -0.52462442772034790     
   240.80000000000126      -0.41409550508007448     
   241.60000000000127      -0.27386670089284149     
   242.40000000000128      -0.10400000507930832     
   243.20000000000130        8.5536672225676930E-002
   244.00000000000131       0.27700000828655991     
   244.80000000000132       0.44910135646580385     
   245.60000000000133       0.58384995575049325     
   246.40000000000134       0.67490359599607641     
   247.20000000000135       0.73176855467051038     
   248.00000000000136       0.77413734365441789     
   248.80000000000138       0.81844774692783795     
   249.60000000000139       0.86627276075703408     
   250.40000000000140       0.90351327040615104     
   251.20000000000141       0.91152792684122452     
   252.00000000000142       0.88166459039652934     
   252.80000000000143       0.82102101541935557     
   253.60000000000144       0.74523114405105217     
   254.40000000000146       0.66590657647384111     
   255.20000000000147       0.58316503460837565     
   256.00000000000148       0.48730778313624223     
   256.80000000000149       0.36656288381208135     
   257.60000000000150       0.21496903305763193     
   258.40000000000151        3.6290872990211220E-002
   259.20000000000152      -0.15630587096185880     
   260.00000000000153      -0.34317288434364202     
   260.80000000000155      -0.50328346482653341     
   261.60000000000156      -0.62198717920704305     
   262.40000000000157      -0.69868909239658172     
   263.20000000000158      -0.74782849311483734     
   264.00000000000159      -0.78961462898019907     
   264.80000000000160      -0.83597208817031865     
   265.60000000000161      -0.88213806966698738     
   266.40000000000163      -0.91061749527396663     
   267.20000000000164      -0.90496020316632453     
   268.00000000000165      -0.86232569257214975     
   268.80000000000166      -0.79429547212280049     
   269.60000000000167      -0.71640657957370357     
   270.40000000000168      -0.63646063638893047     
   271.20000000000169      -0.55035945912938156     
   272.00000000000171      -0.44661560176132148     
   272.80000000000172      -0.31482337940217187     
   273.60000000000173      -0.15237080639284989     
   274.40000000000174        3.3338157008007824E-002
   275.20000000000175       0.22633122867823630     
   276.00000000000176       0.40572293449173924     
   276.80000000000177       0.55180540188489979     
   277.60000000000178       0.65436733032319838     
   278.40000000000180       0.71873687492484084     
   279.20000000000181       0.76299371764208190     
   280.00000000000182       0.80587790420917205     
   280.80000000000183       0.85360859812331502     
   281.60000000000184       0.89563718259735625     
   282.40000000000185       0.91302614501965307     
   283.20000000000186       0.89330989899623980     
   284.00000000000188       0.83956202825147563     
   284.80000000000189       0.76633988584103596     
   285.60000000000190       0.68743350084923760     
   286.40000000000191       0.60627126282178057     
   287.20000000000192       0.51519116074370253     
   288.00000000000193       0.40210587396461656     
   288.80000000000194       0.25889765619799093     
   289.60000000000196        8.6588146151213186E-002
   290.40000000000197      -0.10398960373924643     
   291.20000000000198      -0.29453808788945868     
   292.00000000000199      -0.46374139190120189     
   292.80000000000200      -0.59436536443654275     
   293.60000000000201      -0.68152031445950234     
   294.40000000000202      -0.73609523377517261     
   295.20000000000203      -0.77810873013785187     
   296.00000000000205      -0.82296693375675223     
   296.80000000000206      -0.87057679409554889     
   297.60000000000207      -0.90578306011460041     
   298.40000000000208      -0.91032109352939261     
   299.20000000000209      -0.87700167880247704     
   300.00000000000210      -0.81421431799183452     
   300.80000000000211      -0.73773901525542285     
   301.60000000000213      -0.65827708497989312     
   302.40000000000214      -0.57480568324183412     
   303.20000000000215      -0.47704808311107638     
   304.00000000000216      -0.35348789030308081     
   304.80000000000217      -0.19899543516942947     
   305.60000000000218       -1.8296333267715126E-002
   306.40000000000219       0.17467054091564599     
   307.20000000000221       0.35986406688055550     
   308.00000000000222       0.51649359711757514     
   308.80000000000223       0.63096555539316279     
   309.60000000000224       0.70423286379340988     
   310.40000000000225       0.75182801820174261     
   311.20000000000226       0.79376832298916011     
   312.00000000000227       0.84058466715462865     
   312.80000000000229       0.88592592561952344     
   313.60000000000230       0.91172116719569041     
   314.40000000000231       0.90240216245308802     
   315.20000000000232       0.85668954209135584     
   316.00000000000233       0.78710036507066594     
   316.80000000000234       0.70886613352558914     
   317.60000000000235       0.62868324104159101     
   318.40000000000236       0.54144754368359915     
   319.20000000000238       0.43539896544550044     
   320.00000000000239       0.30064725181081264     
   320.80000000000240       0.13550925190560714     
   321.60000000000241       -5.1691726791887355E-002
   322.40000000000242      -0.24432685498648893     
   323.20000000000243      -0.42131443014654707     
   324.00000000000244      -0.56347763048714883     
   324.80000000000246      -0.66191948846013327     
   325.60000000000247      -0.72347553555638011     
   326.40000000000248      -0.76690805525390238     
   327.20000000000249      -0.81025810551737387     
   328.00000000000250      -0.85813191552125345     
   328.80000000000251      -0.89864289730098723     
   329.60000000000252      -0.91282406259335080     
   330.40000000000254      -0.88948527506403374     
   331.20000000000255      -0.83317012798504786     
   332.00000000000256      -0.75892847600465374     
   332.80000000000257      -0.67985895476865676     
   333.60000000000258      -0.59821796919833836     
   334.40000000000259      -0.50556084805064916     
   335.20000000000260      -0.38983926357757970     
   336.00000000000261      -0.24365651232160052     
   336.80000000000263       -6.9000856189095600E-002
   337.60000000000264       0.12244989293077765     
   338.40000000000265       0.31188316797710025     
   339.20000000000266       0.47802197235622268     
   340.00000000000267       0.60447078324383985     
   340.80000000000268       0.68783031803683092     
   341.60000000000269       0.74030998340301513     
   342.40000000000271       0.78212006896094199     
   343.20000000000272       0.82752712654747806     
   344.00000000000273       0.87477422234794400     
   344.80000000000274       0.90776625910325770     
   345.60000000000275       0.90875614073147348     
   346.40000000000276       0.87206294313504162     
   347.20000000000277       0.80728662999811229     
   348.00000000000279       0.73023058727234635     
   348.80000000000280       0.65062150423840082     
   349.60000000000281       0.56632045891194582     
   350.40000000000282       0.46655045279579932     
   351.20000000000283       0.34012385932765488     
   352.00000000000284       0.18277498339842396     
   352.80000000000285        1.8361263122737559E-004
   353.60000000000286      -0.19296668233013012     
   354.40000000000288      -0.37629043955587083     
   355.20000000000289      -0.52930834231692681     
   356.00000000000290      -0.63955689899104773     
   356.80000000000291      -0.70953986504645505     
   357.60000000000292      -0.75578528623851637     
   358.40000000000293      -0.79798210440599560     
   359.20000000000294      -0.84519506468514971     
   360.00000000000296      -0.88953460109566029     
   360.80000000000297      -0.91249346906504014     
   361.60000000000298      -0.89950163944244410     
   362.40000000000299      -0.85083476529296331     
   363.20000000000300      -0.77983512031771285     
   364.00000000000301      -0.70131927339559830     
   364.80000000000302      -0.62084846052529752     
   365.60000000000304      -0.53236376076754155     
   366.40000000000305      -0.42391493183696710     
   367.20000000000306      -0.28618689304032086     
   368.00000000000307      -0.11844062324915292     
   368.80000000000308        7.0098176175326515E-002
   369.60000000000309       0.26217893952796811     
   370.40000000000310       0.43658160214015068     
   371.20000000000312       0.57474042958746030     
   372.00000000000313       0.66912776913048222     
   372.80000000000314       0.72805142938613021     
   373.60000000000315       0.77083377268602893     
   374.40000000000316       0.81469354346406730     
   375.20000000000317       0.86259428566979168     
   376.00000000000318       0.90140287384104267     
   376.80000000000319       0.91226832719845696     
   377.60000000000321       0.88535340622858205     
   378.40000000000322       0.82661844121087957     
   379.20000000000323       0.75148327231164735     
   380.00000000000324       0.67227033827082494     
   380.80000000000325       0.59006761516302109     
   381.60000000000326       0.49571726973162750     
   382.40000000000327       0.37728876092777147     
   383.20000000000329       0.22814979167106880     
   384.00000000000330        5.1256187100501172E-002
   384.80000000000331      -0.14089353540105021     
   385.60000000000332      -0.32901331557973068     
   386.40000000000333      -0.49193268194241435     
   387.20000000000334      -0.61417344042173838     
   388.00000000000335      -0.69385455591565803     
   388.80000000000337      -0.74443353208951313     
   389.60000000000338      -0.78617745366745828     
   390.40000000000339      -0.83211573381302473     
   391.20000000000340      -0.87884356142582243     
   392.00000000000341      -0.90944921198980155     
   392.80000000000342      -0.90683726985415480     
   393.60000000000343      -0.86686540507345811     
   394.40000000000344      -0.80025350678125684     
   395.20000000000346      -0.72270908784272037     
   396.00000000000347      -0.64293028237020700     
   396.80000000000348      -0.55769504257817615     
   397.60000000000349      -0.45580555899487085     
   398.40000000000350      -0.32647200030220069     
   399.20000000000351      -0.16631929825894085     
   400.00000000000352        1.8028831689960501E-002
   400.80000000000354       0.21117398386761330     
   401.60000000000355       0.39243637186152125     
   402.40000000000356       0.54172403851621342     
   403.20000000000357       0.64777240648559020     
   404.00000000000358       0.71462953256571404     
   404.80000000000359       0.75971473365433395     
   405.60000000000360       0.80225523070671145     
   406.40000000000362       0.84978811982890268     
   407.20000000000363       0.89294626859036363     
   408.00000000000364       0.91292782362136871     
   408.80000000000365       0.89626751497163115     
   409.60000000000366       0.84477709361506081     
   410.40000000000367       0.77250978141763538     
   411.20000000000368       0.69376417531626111     
   412.00000000000369       0.61294563695457271     
   412.80000000000371       0.52309685221521085     
   413.60000000000372       0.41215896049136297     
   414.40000000000373       0.27144718381887334     
   415.20000000000374       0.10117780625702963     
   416.00000000000375       -8.8539796854693514E-002
   416.80000000000376      -0.27986929400820931     
   417.60000000000377      -0.45151224758066733     
   418.40000000000379      -0.58559424949564887     
   419.20000000000380      -0.67600594536478709     
   420.00000000000381      -0.73248289231171360     
   420.80000000000382      -0.77478095386794732     
   421.60000000000383      -0.81917886091777459     
   422.40000000000384      -0.86697911507521352     
   423.20000000000385      -0.90390231572835289     
   424.00000000000387      -0.91135737875762601     
   424.80000000000388      -0.88092586128190331     
   425.60000000000389      -0.81992119451414458     
   426.40000000000390      -0.74401052044481819     
   427.20000000000391      -0.66466292159353113     
   428.00000000000392      -0.58180936165034858     
   428.80000000000393      -0.48565136736523273     
   429.60000000000394      -0.36445273106002996     
   430.40000000000396      -0.21238457007318290     
   431.20000000000397       -3.3368224190972268E-002
   432.00000000000398       0.15930244647196992     
   432.80000000000399       0.34591131286835508     
   433.60000000000400       0.50546446462573924     
   434.40000000000401       0.62347825268014867     
   435.20000000000402       0.69960962068301225     
   436.00000000000404       0.74848300781170696     
   436.80000000000405       0.79028639203136686     
   437.60000000000406       0.83672277041979704     
   438.40000000000407       0.88276715388264415     
   439.20000000000408       0.91082055157183572     
   440.00000000000409       0.90456779705181956     
   440.80000000000410       0.86142282125604575     
   441.60000000000412       0.79312747748740164     
   442.40000000000413       0.71517721604279316     
   443.20000000000414       0.63519608147703011     
   444.00000000000415       0.54891841209958681     
   444.80000000000416       0.44480625423630521     
   445.60000000000417       0.31253336273664312     
   446.40000000000418       0.14963788514844992     
   447.20000000000420       -3.6325094274338693E-002
   448.00000000000421      -0.22927365381575060     
   448.80000000000422      -0.40828622835532347     
   449.60000000000423      -0.55373599010252383     
   450.40000000000424      -0.65562203703172162     
   451.20000000000425      -0.71952051891615754     
   452.00000000000426      -0.76363079179774840     
   452.80000000000427      -0.80658761223886244     
   453.60000000000429      -0.85434951793940173     
   454.40000000000430      -0.89614365251016037     
   455.20000000000431      -0.91301757938889316     
   456.00000000000432      -0.89270795934102398     
   456.80000000000433      -0.83853143814667008     
   457.60000000000434      -0.76513418693043633     
   458.40000000000435      -0.68619965035906316     
   459.20000000000437      -0.60496511840136713     
   460.00000000000438      -0.51363620039792957     
   460.80000000000439      -0.40012635413773956     
   461.60000000000440      -0.25643224586458824     
   462.40000000000441       -8.3733003086437385E-002
   463.20000000000442       0.10699890196987041     
   464.00000000000443       0.29737916519307195     
   464.80000000000445       0.46609372062862009     
   465.60000000000446       0.59603979994301515     
   466.40000000000447       0.68256855465844746     
   467.20000000000448       0.73678882797024614     
   468.00000000000449       0.77875956187489703     
   468.80000000000450       0.82370799161762709     
   469.60000000000451       0.87126913328896860     
   470.40000000000452       0.90612639089402569     
   471.20000000000454       0.91009021808551127     
   472.00000000000455       0.87621478663707664     
   472.80000000000456       0.81309281351692764     
   473.60000000000457       0.73651632186530358     
   474.40000000000458       0.65703169321719257     
   475.20000000000459       0.57343211468712174     
   476.00000000000460       0.47535393423705252     
   476.80000000000462       0.35132954959905727     
   477.60000000000463       0.19636819746023038     
   478.40000000000464        1.5351673439888525E-002
   479.20000000000465      -0.17765777687887596     
   480.00000000000466      -0.36255963440066213     
   480.80000000000467      -0.51860895805867413     
   481.60000000000468      -0.63239158049101085     
   482.40000000000470      -0.70511325398163904     
   483.20000000000471      -0.75247549024508631     
   484.00000000000472      -0.79445117131708265     
   484.80000000000473      -0.84133679236200398     
   485.60000000000474      -0.88652680919842786     
   486.40000000000475      -0.91186970851639104     
   487.20000000000476      -0.90195239277475681     
   488.00000000000477      -0.85574973149402178     
   488.80000000000479      -0.78592085035685377     
   489.60000000000480      -0.70763681273076107     
   490.40000000000481      -0.62741072708447754     
   491.20000000000482      -0.53997921251889669     
   492.00000000000483      -0.43354566328634703     
   492.80000000000484      -0.29830969175607697     
   493.60000000000485      -0.13274113130294837     
   494.40000000000487        5.4688445296031590E-002
   495.20000000000488       0.24724652670748173     
   496.00000000000489       0.42382492322566212     
   496.80000000000490       0.56534098338460759     
   497.60000000000491       0.66311730587626794     
   498.40000000000492       0.72423195891515457     
   499.20000000000493       0.76754690706047468     
   500.00000000000495       0.81097742325988165     
   500.80000000000496       0.85886376909610040     
   501.60000000000497       0.89910978975275246     
   502.40000000000498       0.91275757190381979     
   503.20000000000499       0.88883249679005560     
   504.00000000000500       0.83211292152334637     
   504.80000000000501       0.75771731011865140     
   505.60000000000502       0.67862335170406629     
   506.40000000000504       0.59689658654254352     
   507.20000000000505       0.50397133232777958     
   508.00000000000506       0.38781317929477904     
   508.80000000000507       0.24114717578885647     
   509.60000000000508        6.6119275285496187E-002
   510.40000000000509      -0.12545731141485214     
   511.20000000000510      -0.31468999831158107     
   512.00000000000512      -0.48031448922279185     
   512.80000000000507      -0.60607941851878111     
   513.60000000000502      -0.68883121876275721     
   514.40000000000498      -0.74098784180769173     
   515.20000000000493      -0.78277805826218438     
   516.00000000000489      -0.82827325796714524     
   516.80000000000484      -0.87544657820151284     
   517.60000000000480      -0.90806128229322469     
   518.40000000000475      -0.90846746620118835     
   519.20000000000471      -0.87123319629743723     
   520.00000000000466      -0.80614730721806049     
   520.80000000000462      -0.72900561170014544     
   521.60000000000457      -0.64937064165727909     
   522.40000000000452      -0.56492455193516233     
   523.20000000000448      -0.46481632357513730     
   524.00000000000443      -0.33791853755846307     
   524.80000000000439      -0.18010892686711691     
   525.60000000000434        2.7781403469966381E-003
   526.40000000000430       0.19594053222956731     
   527.20000000000425       0.37894134573066163     
   528.00000000000421       0.53135915001881440     
   528.80000000000416       0.64092123406421164     
   529.60000000000412       0.71038371907664632     
   530.40000000000407       0.75642720745429559     
   531.20000000000402       0.79867444263442722     
   532.00000000000398       0.84594514031364698     
   532.80000000000393       0.89010449302315109     
   533.60000000000389       0.91258749829822017     
   534.40000000000384       0.89899712848509472     
   535.20000000000380       0.84986098636295038     
   536.00000000000375       0.77864511451296359     
   536.80000000000371       0.70008855586953078     
   537.60000000000366       0.61956536828876463     
   538.40000000000362       0.53086624119441306     
   539.20000000000357       0.42201767703160908     
   540.00000000000352       0.28380365364108145     
   540.80000000000348       0.11564016695848953     
   541.60000000000343       -7.3101742989894941E-002
   542.40000000000339      -0.26507354415591655     
   543.20000000000334      -0.43903822828901723     
   544.00000000000330      -0.57653724012838747     
   544.80000000000325      -0.67027089818866969     
   545.60000000000321      -0.72878300031133780     
   546.40000000000316      -0.77147531229897681     
   547.20000000000312      -0.81542126308585960     
   548.00000000000307      -0.86331463180559043     
   548.80000000000302      -0.90182839458460295     
   549.60000000000298      -0.91214414899518548     
   550.40000000000293      -0.88465169550908451     
   551.20000000000289      -0.82553650462675554     
   552.00000000000284      -0.75026710002744257     
   552.80000000000280      -0.67103191252182803     
   553.60000000000275      -0.58872936825122302     
   554.40000000000271      -0.49409219259654524     
   555.20000000000266      -0.37521634519407476     
   556.00000000000261      -0.22559791374903498     
   556.80000000000257       -4.8350298029113559E-002
   557.60000000000252       0.14389658942544084     
   558.40000000000248       0.33178357407648018     
   559.20000000000243       0.49416411360855866     
   560.00000000000239       0.61571688327662177     
   560.80000000000234       0.69481038557321639     
   561.60000000000230       0.74509808143642187     
   562.40000000000225       0.78684345133487765     
   563.20000000000221       0.83286559138267302     
   564.00000000000216       0.87949343283412429     
   564.80000000000211       0.90969426136103226     
   565.60000000000207       0.90649121526301957     
   566.40000000000202       0.86599473549876205     
   567.20000000000198       0.79909814129888290     
   568.00000000000193       0.72148222104334081     
   568.80000000000189       0.64167293716576446     
   569.60000000000184       0.55627528795350445     
   570.40000000000180       0.45403049560786191     
   571.20000000000175       0.32421988222313453     
   572.00000000000171       0.16361578011417213     
   572.80000000000166       -2.1005383999322835E-002
   573.60000000000161      -0.21413162818792328     
   574.40000000000157      -0.39504010831670588     
   575.20000000000152      -0.54370932838431174     
   576.00000000000148      -0.64907636452199180     
   576.80000000000143      -0.71543968417596426     
   577.60000000000139      -0.76035349304522803     
   578.40000000000134      -0.80295728612668615     
   579.20000000000130      -0.85053407349626076     
   580.00000000000125      -0.89348243647527370     
   580.80000000000121      -0.91296611270843164     
   581.60000000000116      -0.89570935486548731     
   582.40000000000111      -0.84377162705014597     
   583.20000000000107      -0.77131092031092274     
   584.00000000000102      -0.69253203867430224     
   584.80000000000098      -0.61165058086144719     
   585.60000000000093      -0.52156850184590831     
   586.40000000000089      -0.41021693234350737     
   587.20000000000084      -0.26901877462842388     
   588.00000000000080       -9.8346815112234587E-002
   588.80000000000075        9.1547454728559241E-002
   589.60000000000070       0.28273577026554286     
   590.40000000000066       0.45391279655871231     
   591.20000000000061       0.58732441405926039     
   592.00000000000057       0.67709660582824305     
   592.80000000000052       0.73319271536928332     
   593.60000000000048       0.77542698221731376     
   594.40000000000043       0.81991419392190712     
   595.20000000000039       0.86768521442361435     
   596.00000000000034       0.90428394500180509     
   596.80000000000030       0.91117516086755290     
   597.60000000000025       0.88017707609491536     
   598.40000000000020       0.81881690638282389     
   599.20000000000016       0.74279047274230836     
   600.00000000000011       0.66342099629368911     
   600.80000000000007       0.58045249610850314     
   601.60000000000002       0.48398917279390624     
   602.39999999999998       0.36233359603523052     
   603.19999999999993       0.20979122390843316     
   603.99999999999989        3.0440349007777284E-002
   604.79999999999984      -0.16229806113969533     
   605.59999999999980      -0.34864205595217657     
   606.39999999999975      -0.50763330342593249     
   607.19999999999970      -0.62495741258963744     
   607.99999999999966      -0.70052324636730523     
   608.79999999999961      -0.74913713042487096     
   609.59999999999957      -0.79096124940271451     
   610.39999999999952      -0.83747458552908949     
   611.19999999999948      -0.88339154455273539     
   611.99999999999943      -0.91101377182538379     
   612.79999999999939      -0.90416500149714052     
   613.59999999999934      -0.86051358197325678     
   614.39999999999930      -0.79195816186490697     
   615.19999999999925      -0.71394887066014756     
   615.99999999999920      -0.63393098028999195     
   616.79999999999916      -0.54747293381220119     
   617.59999999999911      -0.44298905224185081     
   618.39999999999907      -0.31023464196972605     
   619.19999999999902      -0.14689853959938981     
   619.99999999999898        3.9313732512581523E-002
   620.79999999999893       0.23221193458289155     
   621.59999999999889       0.41084025519158890     
   622.39999999999884       0.55565513404941291     
   623.19999999999879       0.65686742606453097     
   623.99999999999875       0.72030010555403035     
   624.79999999999870       0.76426867867564496     
   625.59999999999866       0.80729919565581965     
   626.39999999999861       0.85508886418392449     
   627.19999999999857       0.89664326994311561     
   627.99999999999852       0.91299917537467590     
   628.79999999999848       0.89209763582623691     
   629.59999999999843       0.83749677359990526     
   630.39999999999839       0.76392801565256663     
   631.19999999999834       0.68496578407323150     
   631.99999999999829       0.60365643149153514     
   632.79999999999825       0.51207526912763690     
   633.59999999999820       0.39813884374727393     
   634.39999999999816       0.25395944057876624     
   635.19999999999811        8.0873574994544062E-002
   635.99999999999807      -0.11000769122232243     
   636.79999999999802      -0.30021445813534142     
   637.59999999999798      -0.46843624103838832     
   638.39999999999793      -0.59770361092020696     
   639.19999999999789      -0.68360924514564869     
   639.99999999999784      -0.73747996908834024     
   640.79999999999779      -0.77941155227403913     
   641.59999999999775      -0.82444977385840046     
   642.39999999999770      -0.87195810393244932     
   643.19999999999766      -0.90646180399731180     
   643.99999999999761      -0.90984996644742466     
   644.79999999999757      -0.87542101000485595     
   645.59999999999752      -0.81196849621217182     
   646.39999999999748      -0.73529327613984008     
   647.19999999999743      -0.65578533900474478     
   647.99999999999739      -0.57205478422770684     
   648.79999999999734      -0.47365316977292027     
   649.59999999999729      -0.34916352864726952     
   650.39999999999725      -0.19373468242548672     
   651.19999999999720       -1.2404281602193201E-002
   651.99999999999716       0.18064286098895888     
   652.79999999999711       0.36524806658888187     
   653.59999999999707       0.52071398077352371     
   654.39999999999702       0.63380764362855857     
   655.19999999999698       0.70598762216159805     
   655.99999999999693       0.75312188467645713     
   656.79999999999688       0.79513542120033520     
   657.59999999999684       0.84208857497939382     
   658.39999999999679       0.88712276728515072     
   659.19999999999675       0.91200951531203656     
   659.99999999999670       0.90149376064659059     
   660.79999999999666       0.85480432713978993     
   661.59999999999661       0.78473950955608307     
   662.39999999999657       0.70640716948478999     
   663.19999999999652       0.62613646557995639     
   663.99999999999648       0.53850617277057355     
   664.79999999999643       0.43168527999399664     
   665.59999999999638       0.29596474816496049     
   666.39999999999634       0.12996772755984520     
   667.19999999999629       -5.7686403070333542E-002
   667.99999999999625      -0.25016233416575284     
   668.79999999999620      -0.42632686823791816     
   669.59999999999616      -0.56719359782477119     
   670.39999999999611      -0.66430611514096793     
   671.19999999999607      -0.72498409891843529     
   671.99999999999602      -0.76818599433336099     
   672.79999999999598      -0.81169808447837444     
   673.59999999999593      -0.85959391094605242     
   674.39999999999588      -0.89957015795351225     
   675.19999999999584      -0.91268177999782130     
   675.99999999999579      -0.88817166381266710     
   676.79999999999575      -0.83105150778367287     
   677.59999999999570      -0.75650519068788302     
   678.39999999999566      -0.67738727328889659     
   679.19999999999561      -0.59557255273577725     
   679.99999999999557      -0.50237615503338229     
   680.79999999999552      -0.38577962885194456     
   681.59999999999548      -0.23863088707807084     
   682.39999999999543       -6.3233596581927676E-002
   683.19999999999538       0.12846424715829663     
   683.99999999999534       0.31749111750511139     
   684.79999999999529       0.48259720519207056     
   685.59999999999525       0.60767739267409160     
   686.39999999999520       0.68982456334921416     
   687.19999999999516       0.74166329030579570     
   687.99999999999511       0.78343725252095597     
   688.79999999999507       0.82902010621762201     
   689.59999999999502       0.87611550024590779     
   690.39999999999498       0.90834832976942825     
   691.19999999999493       0.90816942186094629     
   691.99999999999488       0.87039660995531443     
   692.79999999999484       0.80500519265400516     
   693.59999999999479       0.72778026718276478     
   694.39999999999475       0.64811880082942330     
   695.19999999999470       0.56352490542030098     
   695.99999999999466       0.46307563804429147     
   696.79999999999461       0.33570560234378521     
   697.59999999999457       0.17743666020822618     
   698.39999999999452       -5.7425042418782768E-003
   699.19999999999447      -0.19891198190696699     
   699.99999999999443      -0.38158476208900977     
   700.79999999999438      -0.53339933491571245     
   701.59999999999434      -0.64227559995205041     
   702.39999999999429      -0.71122184654020437     
   703.19999999999425      -0.75706843644754263     
   703.99999999999420      -0.79936836955137980     
   704.79999999999416      -0.84669472354084818     
   705.59999999999411      -0.89066910161850854     
   706.39999999999407      -0.91267252332800908     
   707.19999999999402      -0.89848377121308820     
   707.99999999999397      -0.84888185739459954     
   708.79999999999393      -0.77745354309765857     
   709.59999999999388      -0.69885762274129892     
   710.39999999999384      -0.61828044888554112     
   711.19999999999379      -0.52936383267009191     
   711.99999999999375      -0.42011318659088748     
   712.79999999999370      -0.28141300262110563     
   713.59999999999366      -0.11283458421869311     
   714.39999999999361        7.6106189281064607E-002
   715.19999999999357       0.26796378218323180     
   715.99999999999352       0.44148585354842962     
   716.79999999999347       0.57832316961848895     
   717.59999999999343       0.67140530153460420     
   718.39999999999338       0.72951081067196688     
   719.19999999999334       0.77211747713670320     
   719.99999999999329       0.81615030204819439     
   720.79999999999325       0.86403285758576065     
   721.59999999999320       0.90224692823145014     
   722.39999999999316       0.91201051553173773     
   723.19999999999311       0.88394216791385771     
   723.99999999999307       0.82445075992894001     
   724.79999999999302       0.74905023145326899     
   725.59999999999297       0.66979298077561611     
   726.39999999999293       0.58738821843134281     
   727.19999999999288       0.49246117114922716     
   727.99999999999284       0.37313632921459172     
   728.79999999999279       0.22303918769262437     
   729.59999999999275        4.5440655018165577E-002
   730.39999999999270      -0.14689864308826781     
   731.19999999999266      -0.33454758418118058     
   731.99999999999261      -0.49638543056446360     
   732.79999999999256      -0.61724977310904505     
   733.59999999999252      -0.69575913834102010     
   734.39999999999247      -0.74576074507876211     
   735.19999999999243      -0.78751085093068973     
   735.99999999999238      -0.83361589902286193     
   736.79999999999234      -0.88013935318404080     
   737.59999999999229      -0.90993097720876859     
   738.39999999999225      -0.90613585692125886     
   739.19999999999220      -0.86511761692279965     
   739.99999999999216      -0.79794036790075251     
   740.79999999999211      -0.72025509723208958     
   741.59999999999206      -0.64041442212748256     
   742.39999999999202      -0.55485146737544566     
   743.19999999999197      -0.45224863813942906     
   743.99999999999193      -0.32196014555199848     
   744.79999999999188      -0.16090630472838413     
   745.59999999999184        2.3984091944755287E-002
   746.39999999999179       0.21708632710951220     
   747.19999999999175       0.39763590750367295     
   747.99999999999170       0.54568387163956467     
   748.79999999999166       0.65037064963751168     
   749.59999999999161       0.71624464420900835     
   750.39999999999156       0.76099196348777098     
   751.19999999999152       0.80366091577628307     
   751.99999999999147       0.85127912138538142     
   752.79999999999143       0.89401283378554131     
   753.59999999999138       0.91299521789768523     
   754.39999999999134       0.89514258759189480     
   755.19999999999129       0.84276123552189663     
   755.99999999999125       0.77011077015443652     
   756.79999999999120       0.69129964727202287     
   757.59999999999116       0.61035341735937454     
   758.39999999999111       0.52003495619997997     
   759.19999999999106       0.40826753360077472     
   759.99999999999102       0.26658307257371960     
   760.79999999999097        9.5511045052965399E-002
   761.59999999999093       -9.4555497206607969E-002
   762.39999999999088      -0.28559736886667597     
   763.19999999999084      -0.45630401592065517     
   763.99999999999079      -0.58904373961144929     
   764.79999999999075      -0.67817895053925692     
   765.59999999999070      -0.73389928822162531     
   766.39999999999065      -0.77607388815334122     
   767.19999999999061      -0.82065066211211091     
   767.99999999999056      -0.86838871823929642     
   768.79999999999052      -0.90465819523499680     
   769.59999999999047      -0.91098347865234652     
   770.39999999999043      -0.87942081498993430     
   771.19999999999038      -0.81770919920531582     
   771.99999999999034      -0.74156988163211901     
   772.79999999999029      -0.66217841522117715     
   773.59999999999025      -0.57909242005950046     
   774.39999999999020      -0.48232078768990039     
   775.19999999999015      -0.36020682739598803     
   775.99999999999011      -0.20719124033225628     
   776.79999999999006       -2.7509123957780462E-002
   777.59999999999002       0.16529216982123490     
   778.39999999998997       0.35136609164023275     
   779.19999999998993       0.50979182070334084     
   779.99999999998988       0.62642620379917813     
   780.79999999998984       0.70143027179944739     
   781.59999999998979       0.74978981283273149     
   782.39999999998975       0.79163760694200425     
   783.19999999998970       0.83822653501380651     
   783.99999999998965       0.88401150169302034     
   784.79999999998961       0.91119838985493695     
   785.59999999998956       0.90375303950096086     
   786.39999999998952       0.85959828412979022     
   787.19999999998947       0.79078675846826751     
   787.99999999998943       0.71272030545533049     
   788.79999999998938       0.63266448384963159     
   789.59999999998934       0.54602308795905330     
   790.39999999998929       0.44116488100893492     
   791.19999999998925       0.30792835912195782     
   791.99999999998920       0.14415352047197449     
   792.79999999998915       -4.2304079666265676E-002
   793.59999999998911      -0.23514676470702639     
   794.39999999998906      -0.41338595287329549     
   795.19999999998902      -0.55756345611018499     
   795.99999999998897      -0.65810345362089651     
   796.79999999998893      -0.72107500603776076     
   797.59999999998888      -0.76490662435168955     
   798.39999999998884      -0.80801229544081032     
   799.19999999998879      -0.85582689062373030     
