   0.0000000000000000        4.5493535362932935E-002
  0.80000000000000004      -0.63435718446336065     
   1.6000000000000001       -1.3037670780222470     
   2.4000000000000004       -1.3402450300704267     
   3.2000000000000002      -0.24213267610882250     
   4.0000000000000000        1.3574513494730862     
   4.7999999999999998        1.8356967408982383     
   5.5999999999999996       0.51685378157231265     
   6.3999999999999995       -1.2182941941573986     
   7.1999999999999993       -1.6636951892156406     
   7.9999999999999991      -0.58972806031779124     
   8.7999999999999989       0.58549238434711981     
   9.5999999999999996       0.90596512709642685     
   10.400000000000000       0.64629698648111344     
   11.200000000000001       0.46642500752550581     
   12.000000000000002       0.28366633128089525     
   12.800000000000002      -0.35641314403578461     
   13.600000000000003       -1.1499664436833203     
   14.400000000000004       -1.0558171457576255     
   15.200000000000005       0.12848124416378548     
   16.000000000000004        1.2760374150420066     
   16.800000000000004        1.1391083328267595     
   17.600000000000005       -4.0666976637631080E-003
   18.400000000000006      -0.83292857012503219     
   19.200000000000006      -0.69812011490434978     
   20.000000000000007      -0.20428137759696607     
   20.800000000000008       -7.9857359768823175E-002
   21.600000000000009      -0.11491318920149160     
   22.400000000000009       0.26921861826650850     
   23.200000000000010       0.84826692698950568     
   24.000000000000011       0.72524067487875288     
   24.800000000000011      -0.25905807753595533     
   25.600000000000012       -1.0878497670315359     
   26.400000000000013      -0.78499860999405791     
   27.200000000000014       0.22323032848054292     
   28.000000000000014       0.75281168296425560     
   28.800000000000015       0.41321641953619631     
   29.600000000000016       -4.4894333895279359E-002
   30.400000000000016        7.6904691072261500E-003
   31.200000000000017       0.19166417578720538     
   32.000000000000014      -0.12890825871927761     
   32.800000000000011      -0.69019176251604197     
   33.600000000000009      -0.60103522506702456     
   34.400000000000006       0.26262258196997856     
   35.200000000000003       0.91978795334222363     
   36.000000000000000       0.55920648334012768     
   36.799999999999997      -0.31169302827979140     
   37.599999999999994      -0.62061028603643331     
   38.399999999999991      -0.18323850390016660     
   39.199999999999989       0.18011108693129924     
   39.999999999999986       -3.3667908601893670E-002
   40.799999999999983      -0.29624821857090827     
   41.599999999999980        3.5524270835178562E-002
   42.399999999999977       0.61463244663607131     
   43.199999999999974       0.53923571669912707     
   43.999999999999972      -0.25507588083456545     
   44.799999999999969      -0.79353538839619586     
   45.599999999999966      -0.39448054625283047     
   46.399999999999963       0.36109046974056502     
   47.199999999999960       0.49759412301977080     
   47.999999999999957        5.1062095226054871E-003
   48.799999999999955      -0.25727578074907781     
   49.599999999999952        8.4535628469974311E-002
   50.399999999999949       0.37957991357389353     
   51.199999999999946        1.1362315177582072E-002
   51.999999999999943      -0.57820256149903715     
   52.799999999999940      -0.48951055759298634     
   53.599999999999937       0.26158636292893256     
   54.399999999999935       0.69814802320330283     
   55.199999999999932       0.26020965886173109     
   55.999999999999929      -0.39814534727678930     
   56.799999999999926      -0.39224578196935644     
   57.599999999999923       0.13302372596521428     
   58.399999999999920       0.29911174746969760     
   59.199999999999918      -0.13972307906064346     
   59.999999999999915      -0.43526038700068742     
   60.799999999999912       -2.2915431839664269E-002
   61.599999999999909       0.56076689650531275     
   62.399999999999906       0.43737845951898802     
   63.199999999999903      -0.28293868705025327     
   63.999999999999901      -0.62270367901519075     
   64.799999999999898      -0.14423598172428054     
   65.599999999999895       0.42827018994312893     
   66.399999999999892       0.30121767491006557     
   67.199999999999889      -0.24027009237760100     
   67.999999999999886      -0.31542416236870963     
   68.799999999999883       0.19413086514786015     
   69.599999999999881       0.46650053597101027     
   70.399999999999878        9.0233284368622657E-003
   71.199999999999875      -0.55258386843411067     
   71.999999999999872      -0.37994974175234014     
   72.799999999999869       0.31437674965227130     
   73.599999999999866       0.55916110719925483     
   74.399999999999864        4.1471294251163804E-002
   75.199999999999861      -0.45108143656442445     
   75.999999999999858      -0.21970464875736898     
   76.799999999999855       0.32318554150569079     
   77.599999999999852       0.31167916687947333     
   78.399999999999849      -0.24652434227925618     
   79.199999999999847      -0.47781515643586181     
   79.999999999999844        2.2589143271555034E-002
   80.799999999999841       0.54814386928075909     
   81.599999999999838       0.31764914929864307     
   82.399999999999835      -0.35076131788659426     
   83.199999999999832      -0.50183347562748104     
   83.999999999999829        5.0559003366488886E-002
   84.799999999999827       0.46529769708691704     
   85.599999999999824       0.14398137251086279     
   86.399999999999821      -0.38643286864590970     
   87.199999999999818      -0.29177904171717201     
   87.999999999999815       0.29630203882506673     
   88.799999999999812       0.47307434890424949     
   89.599999999999810       -6.5980060729522116E-002
   90.399999999999807      -0.54385059400179214     
   91.199999999999804      -0.25163460969106310     
   91.999999999999801       0.38784569904130139     
   92.799999999999798       0.44681713758007269     
   93.599999999999795      -0.13323287408695361     
   94.399999999999793      -0.47002315541842482     
   95.199999999999790       -7.1739476739028141E-002
   95.999999999999787       0.43328329539100729     
   96.799999999999784       0.25889178385407013     
   97.599999999999781      -0.34276446764168406     
   98.399999999999778      -0.45525191372615659     
   99.199999999999775       0.11656790626935543     
   99.999999999999773       0.53717314394626636     
   100.79999999999977       0.18309367735423010     
   101.59999999999977      -0.42242496819863540     
   102.39999999999976      -0.39157423044900125     
   103.19999999999976       0.20733762879702483     
   103.99999999999976       0.46491834296151657     
   104.79999999999976        1.8390291816974269E-003
   105.59999999999975      -0.46600648064463274     
   106.39999999999975      -0.21571872928880992     
   107.19999999999975       0.38505937972140153     
   107.99999999999974       0.42659431726275177     
   108.79999999999974      -0.17079065903331092     
   109.59999999999974      -0.52630846272322751     
   110.39999999999974      -0.11311582936562237     
   111.19999999999973       0.45218488018555980     
   111.99999999999973       0.33461032293074522     
   112.79999999999973      -0.27326956986906503     
   113.59999999999972      -0.45009490899119353     
   114.39999999999972        6.6027565560663692E-002
   115.19999999999972       0.48618158351747170     
   115.99999999999972       0.16461249598005312     
   116.79999999999971      -0.42227023201899050     
   117.59999999999971      -0.38884715854389562     
   118.39999999999971       0.22584629143008628     
   119.19999999999970       0.51001806272684225     
   119.99999999999970        4.2714040200115932E-002
   120.79999999999970      -0.47550669501925125     
   121.59999999999970      -0.27521709541357042     
   122.39999999999969       0.33114855134573284     
   123.19999999999969       0.42598457473302587     
   123.99999999999969      -0.13162022521893557     
   124.79999999999968      -0.49493743616736441     
   125.59999999999968      -0.10765265788830186     
   126.39999999999968       0.45350743600619142     
   127.19999999999968       0.34344394555066837     
   127.99999999999967      -0.27950177668092624     
   128.79999999999967      -0.48752719223831437     
   129.59999999999968        2.7135137652075259E-002
   130.39999999999969       0.49130126161869225     
   131.19999999999970       0.21326825347186751     
   131.99999999999972      -0.38090700435111824     
   132.79999999999973      -0.39324001477827542     
   133.59999999999974       0.19436240856719145     
   134.39999999999975       0.49313096392346417     
   135.19999999999976        4.6703133546967979E-002
   135.99999999999977      -0.47797472642079408     
   136.79999999999978      -0.29164194826520745     
   137.59999999999980       0.32995671484845274     
   138.39999999999981       0.45844980237576211     
   139.19999999999982       -9.5466253589538141E-002
   139.99999999999983      -0.49888526915923598     
   140.79999999999984      -0.14906033363275950     
   141.59999999999985       0.42236602305826076     
   142.39999999999986       0.35266962825422626     
   143.19999999999987      -0.25349016936677943     
   143.99999999999989      -0.48147538907716519     
   144.79999999999990        1.6544104611533827E-002
   145.59999999999991       0.49501173364220702     
   146.39999999999992       0.23461185800329459     
   147.19999999999993      -0.37574881174479996     
   147.99999999999994      -0.42272713614107205     
   148.79999999999995       0.16131750171780401     
   149.59999999999997       0.49789405805153586     
   150.39999999999998        8.3190054584668938E-002
   151.19999999999999      -0.45530000866031534     
   152.00000000000000      -0.30519621049680257     
   152.80000000000001       0.30815574553299951     
   153.60000000000002       0.46062956197364779     
   154.40000000000003       -8.0537544685322815E-002
   155.20000000000005      -0.50411891293407907     
   156.00000000000006      -0.17349208170629721     
   156.80000000000007       0.41569036663378961     
   157.60000000000008       0.38057548418976028     
   158.40000000000009      -0.22373656445013546     
   159.20000000000010      -0.48822150554109678     
   160.00000000000011       -1.6460243082464965E-002
   160.80000000000013       0.47948987708733870     
   161.60000000000014       0.25182989080590357     
   162.40000000000015      -0.35749984028935056     
   163.20000000000016      -0.43125802888666920     
   164.00000000000017       0.14384534336076404     
   164.80000000000018       0.50497026661478406     
   165.60000000000019       0.10941753094550022     
   166.40000000000020      -0.44882698897567508     
   167.20000000000022      -0.33244097079467216     
   168.00000000000023       0.28179460062985362     
   168.80000000000024       0.46997838329881536     
   169.60000000000025       -5.0192556823523748E-002
   170.40000000000026      -0.49476525536506327     
   171.20000000000027      -0.19364852044571007     
   172.00000000000028       0.40070284426324582     
   172.80000000000030       0.39406934149737594     
   173.60000000000031      -0.20514342440918243     
   174.40000000000032      -0.49741772590946759     
   175.20000000000033       -4.3530733394037235E-002
   176.00000000000034       0.47441164071082642     
   176.80000000000035       0.27895990132181209     
   177.60000000000036      -0.33460442798059847     
   178.40000000000038      -0.44346260004676974     
   179.20000000000039       0.11575433950515845     
   180.00000000000040       0.50103656149125619     
   180.80000000000041       0.13178130831797097     
   181.60000000000042      -0.43702186359443007     
   182.40000000000043      -0.34983821747557720     
   183.20000000000044       0.26321064836679253     
   184.00000000000045       0.48148977326624609     
   184.80000000000047       -2.3018852291727621E-002
   185.60000000000048      -0.49188869233951993     
   186.40000000000049      -0.22092345197687763     
   187.20000000000050       0.38134024891132429     
   188.00000000000051       0.40913664671796501     
   188.80000000000052      -0.17917804258051828     
   189.60000000000053      -0.49831811285827959     
   190.40000000000055       -6.7393405413964103E-002
   191.20000000000056       0.46581790826854053     
   192.00000000000057       0.29941566308810719     
   192.80000000000058      -0.31692938853482910     
   193.60000000000059      -0.45738599215003967     
   194.40000000000060        8.9083048770518369E-002
   195.20000000000061       0.50088400572825176     
   196.00000000000063       0.15924569233581387     
   196.80000000000064      -0.42125721353632684     
   197.60000000000065      -0.36760903272318174     
   198.40000000000066       0.23941933219863437     
   199.20000000000067       0.48674348665909839     
   200.00000000000068        1.6703847267475203E-003
   200.80000000000069      -0.48657587433737082     
   201.60000000000070      -0.24373007440211591     
   202.40000000000072       0.36529004550005073     
   203.20000000000073       0.42546862448150835     
   204.00000000000074      -0.15352770520360881     
   204.80000000000075      -0.50119815732453277     
   205.60000000000076       -9.4934179484340797E-002
   206.40000000000077       0.45370969098532565     
   207.20000000000078       0.31961755684264637     
   208.00000000000080      -0.29546615616199701     
   208.80000000000081      -0.46657431904986185     
   209.60000000000082        6.4197701675823449E-002
   210.40000000000083       0.49891885802155622     
   211.20000000000084       0.18378158236949199     
   212.00000000000085      -0.40739819954756767     
   212.80000000000086      -0.38625179619930566     
   213.60000000000088       0.21524796067036006     
   214.40000000000089       0.49280081790034008     
   215.20000000000090        2.9062621190069360E-002
   216.00000000000091      -0.47816744622044755     
   216.80000000000092      -0.26601300893877267     
   217.60000000000093       0.34636376586408846     
   218.40000000000094       0.43820360990921381     
   219.20000000000095      -0.12903263958947464     
   220.00000000000097      -0.50261770828595065     
   220.80000000000098      -0.12063141445219633     
   221.60000000000099       0.44248322050974781     
   222.40000000000100       0.34038878523732530     
   223.20000000000101      -0.27318472654970682     
   224.00000000000102      -0.47582501178845815     
   224.80000000000103        3.7254680155446751E-002
   225.60000000000105       0.49422912378997114     
   226.40000000000106       0.20774245936878788     
   227.20000000000107      -0.39123633244083467     
   228.00000000000108      -0.40215442542376822     
   228.80000000000109       0.19168456654548605     
   229.60000000000110       0.49759641104802743     
   230.40000000000111        5.5387721078999808E-002
   231.20000000000113      -0.46990724810779105     
   232.00000000000114      -0.28865753400487904     
   232.80000000000115       0.32634156365974820     
   233.60000000000116       0.45056048787879377     
   234.40000000000117      -0.10288676003879293     
   235.20000000000118      -0.50163261611644794     
   236.00000000000119      -0.14583173270700051     
   236.80000000000121       0.42930579609582981     
   237.60000000000122       0.35907469936102909     
   238.40000000000123      -0.25104850074146123     
   239.20000000000124      -0.48393377024388040     
   240.00000000000125        1.0810925281087402E-002
   240.80000000000126       0.48917356020864960     
   241.60000000000127       0.23194454229823264     
   242.40000000000128      -0.37380139544578822     
   243.20000000000130      -0.41744576146162682     
   244.00000000000131       0.16670841336880049     
   244.80000000000132       0.50026208313239051     
   245.60000000000133        8.1367008500637605E-002
   246.40000000000134      -0.45990819359323498     
   247.20000000000135      -0.30972866819136780     
   248.00000000000136       0.30608072839824230     
   248.80000000000138       0.46186179919165937     
   249.60000000000139       -7.6813370917919954E-002
   250.40000000000140      -0.49993349533756931     
   251.20000000000141      -0.17122730177872053     
   252.00000000000142       0.41474260059237528     
   252.80000000000143       0.37705857106470952     
   253.60000000000144      -0.22762122752120784     
   254.40000000000146      -0.49015158425517480     
   255.20000000000147       -1.5475740222492873E-002
   256.00000000000148       0.48250742567005250     
   256.80000000000149       0.25498536935050320     
   257.60000000000150      -0.35581488785604709     
   258.40000000000151      -0.43176118864788660     
   259.20000000000152       0.14147430346594525     
   260.00000000000153       0.50199130027123917     
   260.80000000000155       0.10755551883299541     
   261.60000000000156      -0.44845402759663267     
   262.40000000000157      -0.33010459587960223     
   263.20000000000158       0.28457336428031260     
   264.00000000000159       0.47148544695392053     
   264.80000000000160       -5.0692779440787705E-002
   265.60000000000161      -0.49670627180015753     
   266.40000000000163      -0.19580460054191934     
   267.20000000000164       0.39937753095242662     
   268.00000000000165       0.39415414939652677     
   268.80000000000166      -0.20367272889551763     
   269.60000000000167      -0.49530651295815786     
   270.40000000000168       -4.2031472912420487E-002
   271.20000000000169       0.47434843707308261     
   272.00000000000171       0.27740435521973361     
   272.80000000000172      -0.33657820480414280     
   273.60000000000173      -0.44459559440393909     
   274.40000000000174       0.11598685413481130     
   275.20000000000175       0.50225443602090913     
   276.00000000000176       0.13322077074674610     
   276.80000000000177      -0.43600284310682480     
   277.60000000000178      -0.34969484840309756     
   278.40000000000180       0.26233017436248290     
   279.20000000000181       0.47999372084726155     
   280.00000000000182       -2.4210076460125740E-002
   280.80000000000183      -0.49197386615137234     
   281.60000000000184      -0.21987830289615462     
   282.40000000000185       0.38273189031081489     
   283.20000000000186       0.40995607845492626     
   284.00000000000188      -0.17927152955743914     
   284.80000000000189      -0.49905348821836498     
   285.60000000000190       -6.8325137313148820E-002
   286.40000000000191       0.46504609771422212     
   287.20000000000192       0.29915759842041623     
   288.00000000000193      -0.31642841852267911     
   288.80000000000194      -0.45631970859112547     
   289.60000000000196        9.0022022209328867E-002
   290.40000000000197       0.50102246402758688     
   291.20000000000198       0.15853025085349520     
   292.00000000000199      -0.42222966008349722     
   292.80000000000200      -0.36817503389247574     
   293.60000000000201       0.23944725908683562     
   294.40000000000202       0.48715869834975084     
   295.20000000000203        2.2469728304697068E-003
   296.00000000000205      -0.48599535180519687     
   296.80000000000206      -0.24342294943628268     
   297.60000000000207       0.36502659187498482     
   298.40000000000208       0.42469810236210004     
   299.20000000000209      -0.15426474160841075     
   300.00000000000210      -0.50133647606907528     
   300.80000000000211       -9.4429394008746059E-002
   301.60000000000213       0.45438073943405954     
   302.40000000000214       0.31998422513037694     
   303.20000000000215      -0.29546798276731667     
   304.00000000000216      -0.46677788631446943     
   304.80000000000217        6.3865798794551065E-002
   305.60000000000218       0.49848089502860771     
   306.40000000000219       0.18346187744655112     
   307.20000000000221      -0.40727744703292851     
   308.00000000000222      -0.38568163865614508     
   308.80000000000223       0.21582540007295253     
   309.60000000000224       0.49291122795636216     
   310.40000000000225        2.8691327625801621E-002
   311.20000000000226      -0.47862140757073901     
   312.00000000000227      -0.26622633690383279     
   312.80000000000229       0.34635853936778493     
   313.60000000000230       0.43826748342254662     
   314.40000000000231      -0.12886603046039224     
   315.20000000000232      -0.50228205575126394     
   316.00000000000233      -0.12031835878383113     
   316.80000000000234       0.44244250277561992     
   317.60000000000235       0.33995216760357388     
   318.40000000000236      -0.27363660554021624     
   319.20000000000238      -0.47589513149861434     
   320.00000000000239        3.7541488546604718E-002
   320.80000000000240       0.49452582075264850     
   321.60000000000241       0.20784019062712017     
   322.40000000000242      -0.39123128644993105     
   323.20000000000243      -0.40212601112160801     
   324.00000000000244       0.19162650135940168     
   324.80000000000246       0.49733112661422380     
   325.60000000000247        5.5090722238073486E-002
   326.40000000000248      -0.46990566239875692     
   327.20000000000249      -0.28830848728126440     
   328.00000000000250       0.32669434796592783     
   328.80000000000251       0.45058685339890409     
   329.60000000000252      -0.10311938082567224     
   330.40000000000254      -0.50181420304178914     
   331.20000000000255      -0.14584414779896532     
   332.00000000000256       0.42930170283315588     
   332.80000000000257       0.35898514956422489     
   333.60000000000258      -0.25105857743001792     
   334.40000000000259      -0.48371435059061257     
   335.20000000000260        1.1087757169032819E-002
   336.00000000000261       0.48918484517793553     
   336.80000000000263       0.23165212959201847     
   337.60000000000264      -0.37407514159419381     
   338.40000000000265      -0.41742983631299724     
   339.20000000000266       0.16690487464412540     
   340.00000000000267       0.50035813777219640     
   340.80000000000268        8.1318066264163991E-002
   341.60000000000269      -0.45990262853871805     
   342.40000000000271      -0.30959853099420309     
   343.20000000000272       0.30613026619347705     
   344.00000000000273       0.46167005473751643     
   344.80000000000274       -7.7068553597635425E-002
   345.60000000000275      -0.49994118556502087     
   346.40000000000276      -0.17097129133050681     
   347.20000000000277       0.41495220405425060     
   348.00000000000279       0.37700435002726584     
   348.80000000000280      -0.22779163812728132     
   349.60000000000281      -0.49018285867829081     
   350.40000000000282       -1.5384263403610043E-002
   351.20000000000283       0.48249670592631166     
   352.00000000000284       0.25482838728289803     
   352.80000000000285      -0.35588357285384087     
   353.60000000000286      -0.43158409830933264     
   354.40000000000288       0.14170747394770944     
   355.20000000000289       0.50198545613728851     
   356.00000000000290       0.10732321150376517     
   356.80000000000291      -0.44861038663985003     
   357.60000000000292      -0.33001721501710313     
   358.40000000000293       0.28472282848341468     
   359.20000000000294       0.47146659611249575     
   360.00000000000296       -5.0812027106861390E-002
   360.80000000000297      -0.49668656340803075     
   361.60000000000298      -0.19563022660952245     
   362.40000000000299       0.39945101287802176     
   363.20000000000300       0.39398281326517082     
   364.00000000000301      -0.20388384510466517     
   364.80000000000302      -0.49528153164912880     
   365.60000000000304       -4.1815402338119256E-002
   366.40000000000305       0.47445945945037643     
   367.20000000000306       0.27728932172532816     
   368.00000000000307      -0.33670876043877973     
   368.80000000000308      -0.44453713603864359     
   369.60000000000309       0.11612226033813605     
   370.40000000000310       0.50222234915225439     
   371.20000000000312       0.13303580577090407     
   372.00000000000313      -0.43607103179065293     
   372.80000000000314      -0.34952358631665098     
   373.60000000000315       0.26251913932036958     
   374.40000000000316       0.47994688306092348     
   375.20000000000317       -2.4413795275158745E-002
   376.00000000000318      -0.49204529903837901     
   376.80000000000319      -0.21974109500825356     
   377.60000000000321       0.38284378846428202     
   378.40000000000322       0.40986578184053080     
   379.20000000000323      -0.17941390609562624     
   380.00000000000324      -0.49900636335892623     
   380.80000000000325       -6.8134772743679684E-002
   381.60000000000326       0.46510196692320210     
   382.40000000000327       0.29898320341375967     
   383.20000000000329      -0.31659494692288176     
   384.00000000000330      -0.45625022129180165     
   384.80000000000331        9.0214869620263205E-002
   385.60000000000332       0.50105855473305061     
   386.40000000000333       0.15837612965360670     
   387.20000000000334      -0.42232220404180709     
   388.00000000000335      -0.36805888857626712     
   388.80000000000337       0.23958928057944617     
   389.60000000000338       0.48709471118853720     
   390.40000000000339        2.0554367641413274E-003
   391.20000000000340      -0.48603410602746067     
   392.00000000000341      -0.24324408499511757     
   392.80000000000342       0.36517020858808796     
   393.60000000000343       0.42460647240782629     
   394.40000000000344      -0.15444662721392771     
   395.20000000000346      -0.50134048323580549     
   396.00000000000347       -9.4263329523721628E-002
   396.80000000000348       0.45445283022165239     
   397.60000000000349       0.31984710380056691     
   398.40000000000350      -0.29560376679955203     
   399.20000000000351      -0.46669605041053747     
   400.00000000000352        6.4054856428174711E-002
   400.80000000000354       0.49849939247754987     
   401.60000000000355       0.18327859880099712     
   402.40000000000356      -0.40739755123728499     
   403.20000000000357      -0.38556926415127879     
   404.00000000000358       0.21599525200417380     
   404.80000000000359       0.49288580694515194     
   405.60000000000360        2.8517981069201892E-002
   406.40000000000362      -0.47867189474423277     
   407.20000000000363      -0.26607243764136590     
   408.00000000000364       0.34648334109379508     
   408.80000000000365       0.43816759859164400     
   409.60000000000366      -0.12904932129277502     
   410.40000000000367      -0.50227840982786542     
   411.20000000000368      -0.12013173634967700     
   412.00000000000369       0.44253845880534792     
   412.80000000000371       0.33982107001818102     
   413.60000000000372      -0.27379278716467076     
   414.40000000000373      -0.47584261728818161     
   415.20000000000374        3.7717759543130114E-002
   416.00000000000375       0.49455372393013819     
   416.80000000000376       0.20767332165688723     
   417.60000000000377      -0.39134128228367915     
   418.40000000000379      -0.40200858573580028     
   419.20000000000380       0.19180098889503489     
   420.00000000000381       0.49730442998420615     
   420.80000000000382        5.4902546633523563E-002
   421.60000000000383      -0.46997689507470419     
   422.40000000000384      -0.28816113252120124     
   423.20000000000385       0.32683495388470385     
   424.00000000000387       0.45050946187857727     
   424.80000000000388      -0.10329451175724319     
   425.60000000000389      -0.50181884736849636     
   426.40000000000390      -0.14566790114214168     
   427.20000000000391       0.42939384108904932     
   428.00000000000392       0.35885131258744046     
   428.80000000000393      -0.25122143371173006     
   429.60000000000394      -0.48366448231809922     
   430.40000000000396        1.1275206298622220E-002
   431.20000000000397       0.48923092742179713     
   432.00000000000398       0.23149130368283005     
   432.80000000000399      -0.37419820959372790     
   433.60000000000400      -0.41732980158003918     
   434.40000000000401       0.16707508712169505     
   435.20000000000402       0.50033923176943029     
   436.00000000000404        8.1135914204277737E-002
   436.80000000000405      -0.45997452854097171     
   437.60000000000406      -0.30944994201829135     
   438.40000000000407       0.30627886850850028     
   439.20000000000408       0.46159754276615439     
   440.00000000000409       -7.7252689578028888E-002
   440.80000000000410      -0.49996191213932101     
   441.60000000000412      -0.17080000852501803     
   442.40000000000413       0.41505586834461977     
   443.20000000000414       0.37688401196622084     
   444.00000000000415      -0.22795343983022248     
   444.80000000000416      -0.49014053324716927     
   445.60000000000417       -1.5199602383303479E-002
   446.40000000000418       0.48254659064369598     
   447.20000000000420       0.25466714843168714     
   448.00000000000421      -0.35601552353325527     
   448.80000000000422      -0.43149001801406439     
   449.60000000000423       0.14188554763097527     
   450.40000000000424       0.50198090102501514     
   451.20000000000425       0.10714464100048060     
   452.00000000000426      -0.44869298943711255     
   452.80000000000427      -0.32987906844618936     
   453.60000000000429       0.28487302079052218     
   454.40000000000430       0.47140141710617278     
   455.20000000000431       -5.0995867488855651E-002
   456.00000000000432      -0.49671321390725925     
   456.80000000000433      -0.19545879784395975     
   457.60000000000434       0.39956417119915916     
   458.40000000000435       0.39386870869946949     
   459.20000000000437      -0.20405306123624040     
   460.00000000000438      -0.49525208880707183     
   460.80000000000439       -4.1632805451608967E-002
   461.60000000000440       0.47451963208860015     
   462.40000000000441       0.27713603594035585     
   463.20000000000442      -0.33684445295139021     
   464.00000000000443      -0.44445009857937112     
   464.80000000000445       0.11630203078201506     
   465.60000000000446       0.50222507205007105     
   466.40000000000447       0.13285692408385008     
   467.20000000000448      -0.43616355067093693     
   468.00000000000449      -0.34939140490346643     
   468.80000000000450       0.26267675188199180     
   469.60000000000451       0.47989329154396382     
   470.40000000000452       -2.4597122002130323E-002
   471.20000000000454      -0.49208201981385807     
   472.00000000000455      -0.21957551068883280     
   472.80000000000456       0.38296241880586906     
   473.60000000000457       0.40975829167791533     
   474.40000000000458      -0.17958646496987640     
   475.20000000000459      -0.49898496495012773     
   476.00000000000460       -6.7951375401636871E-002
   476.80000000000462       0.46517232935265485     
   477.60000000000463       0.29883523777013088     
   478.40000000000464      -0.31673833881085967     
   479.20000000000465      -0.45617357632870248     
   480.00000000000466        9.0395647690354908E-002
   480.80000000000467       0.50107118815800011     
   481.60000000000468       0.15820123875580627     
   482.40000000000470      -0.42242156083541349     
   483.20000000000471      -0.36793273382284664     
   484.00000000000472       0.23975162951218398     
   484.80000000000473       0.48704947396679210     
   485.60000000000474        1.8705887098731111E-003
   486.40000000000475      -0.48608115765957011     
   487.20000000000476      -0.24308291777092800     
   488.00000000000477       0.36529695938822232     
   488.80000000000479       0.42450822411875916     
   489.60000000000480      -0.15462164698745767     
   490.40000000000481      -0.50132880390924617     
   491.20000000000482       -9.4082242826290297E-002
   492.00000000000483       0.45453107689041616     
   492.80000000000484       0.31970441911054881     
   493.60000000000485      -0.29575309074024547     
   494.40000000000487      -0.46662770922598251     
   495.20000000000488        6.4238030920802491E-002
   496.00000000000489       0.49852236789896864     
   496.80000000000490       0.18310704811209588     
   497.60000000000491      -0.40750549544755288     
   498.40000000000492      -0.38545120543445083     
   499.20000000000493       0.21616142163397328     
   500.00000000000495       0.49285001045132643     
   500.80000000000496        2.8333887289200110E-002
   501.60000000000497      -0.47872759174341589     
   502.40000000000498      -0.26591566217690704     
   503.20000000000499       0.34661705027985240     
   504.00000000000500       0.43807731471574007     
   504.80000000000501      -0.12922770273286110     
   505.60000000000502      -0.50227695097211944     
   506.40000000000504      -0.11995280071047393     
   507.20000000000505       0.44262573567262414     
   508.00000000000506       0.33968531488698933     
   508.80000000000507      -0.27394717994018875     
   509.60000000000508      -0.47578332007261076     
   510.40000000000509        3.7901639847479462E-002
   511.20000000000510       0.49458584722876003     
   512.00000000000512       0.20750515189777957     
   512.80000000000507      -0.39145705414702142     
   513.60000000000502      -0.40189791772312605     
   514.40000000000498       0.19197152265272482     
   515.20000000000493       0.49727859598768365     
   516.00000000000489        5.4719349265310857E-002
   516.80000000000484      -0.47004199031912008     
   517.60000000000480      -0.28801008599181216     
   518.40000000000475       0.32697485402135945     
   519.20000000000471       0.45042769169873037     
   520.00000000000466      -0.10347497499751285     
   520.80000000000462      -0.50182680144655833     
   521.60000000000457      -0.14549123960312549     
   522.40000000000452       0.42948966035223413     
   523.20000000000448       0.35872218318924004     
   524.00000000000443      -0.25138118639277179     
   524.80000000000439      -0.48361475078024857     
   525.60000000000434        1.1459473314030355E-002
   526.40000000000430       0.48927270658905458     
   527.20000000000425       0.23132762427881293     
   528.00000000000421      -0.37432115618850792     
   528.80000000000416      -0.41722697977177903     
   529.60000000000412       0.16724899643157809     
   530.40000000000407       0.50032285600477033     
   531.20000000000402        8.0953815261247675E-002
   532.00000000000398      -0.46004872379327311     
   532.80000000000393      -0.30930460067481858     
   533.60000000000389       0.30642508095785392     
   534.40000000000384       0.46152480280134162     
   535.20000000000380       -7.7434820602922227E-002
   536.00000000000375      -0.49997964516651400     
   536.80000000000371      -0.17062656458814884     
   537.60000000000366       0.41515969683261167     
   538.40000000000362       0.37676192842604006     
   539.20000000000357      -0.22811777461309746     
   540.00000000000352      -0.49010010118835512     
   540.80000000000348       -1.5015216520545716E-002
   541.60000000000343       0.48259786573932989     
   542.40000000000339       0.25450812917359855     
   543.20000000000334      -0.35614566060569675     
   544.00000000000330      -0.43139555564543963     
   544.80000000000325       0.14206237760568174     
   545.60000000000321       0.50197427776240566     
   546.40000000000316       0.10696446219088113     
   547.20000000000312      -0.44877586950931464     
   548.00000000000307      -0.32973984996344269     
   548.80000000000302       0.28502492535658813     
   549.60000000000298       0.47133762862005246     
   550.40000000000293       -5.1179349750235414E-002
   551.20000000000289      -0.49674067273823852     
   552.00000000000284      -0.19528887280775459     
   552.80000000000280       0.39967596809190670     
   553.60000000000275       0.39375418512572785     
   554.40000000000271      -0.20422151822970175     
   555.20000000000266      -0.49522122557043075     
   556.00000000000261       -4.1449030977996681E-002
   556.80000000000257       0.47458010077349655     
   557.60000000000252       0.27698210840720738     
   558.40000000000248      -0.33698128371103908     
   559.20000000000243      -0.44436406513736831     
   560.00000000000239       0.11648143423853935     
   560.80000000000234       0.50222823563942620     
   561.60000000000230       0.13267905326865653     
   562.40000000000225      -0.43625505519197721     
   563.20000000000221      -0.34925882807125563     
   564.00000000000216       0.26283390784868632     
   564.80000000000211       0.47983872910292713     
   565.60000000000207       -2.4781296875014736E-002
   566.40000000000202      -0.49211900838627376     
   567.20000000000198      -0.21940955579188354     
   568.00000000000193       0.38308178941140553     
   568.80000000000189       0.40965151511502579     
   569.60000000000184      -0.17975868367556841     
   570.40000000000180      -0.49896378033069461     
   571.20000000000175       -6.7768653666223755E-002
   572.00000000000171       0.46524193913974821     
   572.80000000000166       0.29868692764039539     
   573.60000000000161      -0.31688145840422510     
   574.40000000000157      -0.45609626993529362     
   575.20000000000152        9.0577025499112618E-002
   576.00000000000148       0.50108404175352261     
   576.80000000000143       0.15802614597678566     
   577.60000000000139      -0.42252138442224807     
   578.40000000000134      -0.36780707885706310     
   579.20000000000130       0.23991367893029059     
   580.00000000000125       0.48700431482238310     
   580.80000000000121        1.6861912258173128E-003
   581.60000000000116      -0.48612765118390489     
   582.40000000000111      -0.24292146574922635     
   583.20000000000107       0.36542354655171383     
   584.00000000000102       0.42440952620237016     
   584.80000000000098      -0.15479708128044123     
   585.60000000000093      -0.50131729314761375     
   586.40000000000089       -9.3901057859073656E-002
   587.20000000000084       0.45460960428554342     
   588.00000000000080       0.31956207986587709     
   588.80000000000075      -0.29590215791779745     
   589.60000000000070      -0.46655936864151099     
   590.40000000000066        6.4420903553092768E-002
   591.20000000000061       0.49854492816238649     
   592.00000000000057       0.18293527133400322     
   592.80000000000052      -0.40761333721713855     
   593.60000000000048      -0.38533284148797003     
   594.40000000000043       0.21632786890315142     
   595.20000000000039       0.49281433486821574     
   596.00000000000034        2.8149758182832996E-002
   596.80000000000030      -0.47878344432868952     
   597.60000000000025      -0.26575912300996762     
   598.40000000000020       0.34675054183399801     
   599.20000000000016       0.43798699054530721     
   600.00000000000011      -0.12940587871751918     
   600.80000000000007      -0.50227518112636571     
   601.60000000000002      -0.11977369217284384     
   602.39999999999998       0.44271294227515434     
   603.19999999999993       0.33954935294469391     
   603.99999999999989      -0.27410174992840197     
   604.79999999999984      -0.47572410358164291     
   605.59999999999980        3.8085517482519593E-002
   606.39999999999975       0.49461804317578384     
   607.19999999999970       0.20733714302581657     
   607.99999999999966      -0.39157264163227373     
   608.79999999999961      -0.40178719106818239     
   609.59999999999957       0.19214191192291707     
   610.39999999999952       0.49725252656156338     
   611.19999999999948        5.4536025054027715E-002
   611.99999999999943      -0.47010703037383955     
   612.79999999999939      -0.28785890006399567     
   613.59999999999934       0.32711485814764157     
   614.39999999999930       0.45034597054311687     
   615.19999999999925      -0.10365541256371069     
   615.99999999999920      -0.50183477430923840     
   616.79999999999916      -0.14531468832983468     
   617.59999999999911       0.42958532224726181     
   618.39999999999907       0.35859299038185755     
   619.19999999999902      -0.25154083186818921     
   619.99999999999898      -0.48356483864900335     
   620.79999999999893        1.1643828335091089E-002
   621.59999999999889       0.48931443612911868     
   622.39999999999884       0.23116385221837049     
   623.19999999999879      -0.37444415370731060     
   623.99999999999875      -0.41712418346941094     
   624.79999999999870       0.16742286586665733     
   625.59999999999866       0.50030646510516241     
   626.39999999999861        8.0771793909681144E-002
   627.19999999999857      -0.46012278302214182     
   627.99999999999852      -0.30915919910005291     
   628.79999999999848       0.30657120792176445     
   629.59999999999843       0.46145192233214083     
   630.39999999999839       -7.7617007376178604E-002
   631.19999999999834      -0.49999732935428848     
   631.99999999999829      -0.17045306110496222     
   632.79999999999825       0.41526353806221467     
   633.59999999999820       0.37663985413021561     
   634.39999999999816      -0.22828206037578957     
   635.19999999999811      -0.49005963372056316     
   635.99999999999807       -1.4830888373415452E-002
   636.79999999999802       0.48264902146748168     
   637.59999999999798       0.25434905732200963     
   638.39999999999793      -0.35627572393359186     
   639.19999999999789      -0.43130098256030358     
   639.99999999999784       0.14223923675377748     
   640.79999999999779       0.50196760455659040     
   641.59999999999775       0.10678424803854714     
   642.39999999999770      -0.44885873513191155     
   643.19999999999766      -0.32960063057450451     
   643.99999999999761       0.28517677461686974     
   644.79999999999757       0.47127379378313000     
   645.59999999999752       -5.1362785198470762E-002
   646.39999999999748      -0.49676802523638813     
   647.19999999999743      -0.19511890515854341     
   647.99999999999739       0.39978769681195997     
   648.79999999999734       0.39363957356752677     
   649.59999999999729      -0.20438998258857388     
   650.39999999999725      -0.49519031108504769     
   651.19999999999720       -4.1265239579341861E-002
   651.99999999999716       0.47464053596990768     
   652.79999999999711       0.27682817477652444     
   653.59999999999707      -0.33711805451677579     
   654.39999999999702      -0.44427798080016689     
   655.19999999999698       0.11666079562509191     
   655.99999999999693       0.50223130330812149     
   656.79999999999688       0.13250115089788311     
   657.59999999999684      -0.43634649352656579     
   658.39999999999679      -0.34912618125394845     
   659.19999999999675       0.26299105332236516     
   659.99999999999670       0.47978411483950112     
   660.79999999999666       -2.4965474019651102E-002
   661.59999999999661      -0.49215595053110983     
   662.39999999999657      -0.21924359351079376     
   663.19999999999652       0.38320109642740890     
   663.99999999999648       0.40954468752212442     
   664.79999999999643      -0.17993086095109784     
   665.59999999999638      -0.49894250843833288     
   666.39999999999634       -6.7585911763132944E-002
   667.19999999999629       0.46531148287736140     
   667.99999999999625       0.29853856241798177     
   668.79999999999620      -0.31702455292002069     
   669.59999999999616      -0.45601891234046865     
   670.39999999999611        9.0758393414144378E-002
   671.19999999999607       0.50109684060806303     
   671.99999999999602       0.15785104751561829     
   672.79999999999598      -0.42262114152575692     
   673.59999999999593      -0.36768137578941035     
   674.39999999999588       0.24007568495125814     
   675.19999999999584       0.48695907598283239     
   675.99999999999579        1.5017848535984202E-003
   676.79999999999575      -0.48617407810069985     
   677.59999999999570      -0.24275997152804676     
   678.39999999999566       0.36555009679713013     
   679.19999999999561       0.42431077907676412     
   679.99999999999557      -0.15497249522202255     
   680.79999999999552      -0.50130572289983055     
   681.59999999999548       -9.3719871127435184E-002
   682.39999999999543       0.45468806297437436     
   683.19999999999538       0.31941969759108746     
   683.99999999999534      -0.29605117821390703     
   684.79999999999529      -0.46649095540501012     
   685.59999999999525        6.4603774164259831E-002
   686.39999999999520       0.49856742131944226     
   687.19999999999516       0.18276346397937909     
   687.99999999999511      -0.40772113257204218     
   688.79999999999507      -0.38521443170101116     
   689.59999999999502       0.21649428661991438     
   690.39999999999498       0.49277859786188183     
   691.19999999999493        2.7965632805126595E-002
   691.99999999999488      -0.47883922668777973     
   692.79999999999484      -0.26560254739068351     
   693.59999999999479       0.34688398229916323     
   694.39999999999475       0.43789660062355884     
   695.19999999999470      -0.12958404230578213     
   695.99999999999466      -0.50227334421296388     
   696.79999999999461      -0.11959456386658829     
   697.59999999999457       0.44280009501697448     
   698.39999999999452       0.33941334981381838     
   699.19999999999447      -0.27425628218248094     
   699.99999999999443      -0.47566482598662163     
   700.79999999999438        3.8269384846124743E-002
   701.59999999999434       0.49465016815465218     
   702.39999999999429       0.20716910532889637     
   703.19999999999425      -0.39168817367931147     
   703.99999999999420      -0.40167640569028140     
   704.79999999999416       0.19231227906868431     
   705.59999999999411       0.49722639093296100     
   706.39999999999407        5.4352691329265623E-002
   707.19999999999402      -0.47017201096030631     
   707.99999999999397      -0.28770767873422565     
   708.79999999999393       0.32725481727641803     
   709.59999999999388       0.45026419045121513     
   710.39999999999384      -0.10383583269572960     
   711.19999999999379      -0.50184267632196344     
   711.99999999999375      -0.14513811656916026     
   712.79999999999370       0.42968092463873814     
   713.59999999999366       0.35846374617581978     
   714.39999999999361      -0.25170044622697774     
   715.19999999999357      -0.48351486216376938     
   715.99999999999352        1.1828183039568119E-002
   716.79999999999347       0.48935610227725501     
   717.59999999999343       0.23100005149848746     
   718.39999999999338      -0.37456709986825576     
   719.19999999999334      -0.41702133193659996     
   719.99999999999329       0.16759671043798086     
   720.79999999999325       0.50029000440268701     
   721.59999999999320        8.0589760851241643E-002
   722.39999999999316      -0.46019677927696595     
   723.19999999999311      -0.30901375383075286     
   723.99999999999307       0.30671729559399147     
   724.79999999999302       0.46137898040808994     
   725.59999999999297       -7.7799184391157128E-002
   726.39999999999293      -0.50001494779462197     
   727.19999999999288      -0.17027953646941252     
   727.99999999999284       0.41536732250898423     
   728.79999999999279       0.37651772960001895     
   729.59999999999275      -0.22844631387044489     
   730.39999999999270      -0.49001909847133474     
   731.19999999999266       -1.4646557522607295E-002
   731.99999999999261       0.48270011156973308     
   732.79999999999256       0.25418994987843835     
   733.59999999999252      -0.35640574068941722     
   734.39999999999247      -0.43120635197399104     
   735.19999999999243       0.14241607711248738     
   735.99999999999238       0.50196086472140533     
   736.79999999999234       0.10660402080978032     
   737.59999999999229      -0.44894153953792787     
   738.39999999999225      -0.32946136702847567     
   739.19999999999220       0.28532858447520731     
   739.99999999999216       0.47120989417967918     
   740.79999999999211       -5.1546214313639371E-002
   741.59999999999206      -0.49679531043008590     
   742.39999999999202      -0.19494891038481577     
   743.19999999999197       0.39989937265022957     
   743.99999999999193       0.39352490947459995     
   744.79999999999188      -0.20455841959857579     
   745.59999999999184      -0.49515933047851179     
   746.39999999999179       -4.1081443555943675E-002
   747.19999999999175       0.47470090656902886     
   747.99999999999170       0.27667420396079834     
   748.79999999999166      -0.33725477926478331     
   749.59999999999161      -0.44419183569663678     
   750.39999999999156       0.11684014177655155     
   751.19999999999152       0.50223430306629890     
   751.99999999999147       0.13232323016262304     
   752.79999999999143      -0.43643787371266840     
   753.59999999999138      -0.34899348780580514     
   754.39999999999134       0.26314816344428121     
   755.19999999999129       0.47972943627272291     
   755.99999999999125       -2.5149647148588805E-002
   756.79999999999120      -0.49219282580662838     
   757.59999999999116      -0.21907760173681839     
   758.39999999999111       0.38332035138551718     
   759.19999999999106       0.40943780411407904     
   759.99999999999102      -0.18010301437787724     
   760.79999999999097      -0.49892116915564116     
   761.59999999999093       -6.7403160447915000E-002
   762.39999999999088       0.46538096430817860     
   763.19999999999084       0.29839015730555307     
   763.99999999999079      -0.31716760473608485     
   764.79999999999075      -0.45594149348708402     
   765.59999999999070        9.0939748661732378E-002
   766.39999999999065       0.50110957147024293     
   767.19999999999061       0.15767592780436912     
   767.99999999999056      -0.42272084137797361     
   768.79999999999052      -0.36755562274973819     
   769.59999999999047       0.24023765894160332     
   770.39999999999043       0.48691377141624004     
   771.19999999999038        1.3173780962197901E-003
   771.99999999999034      -0.48622043971369422     
   772.79999999999029      -0.24259844487378873     
   773.59999999999025       0.36567659775384781     
   774.39999999999020       0.42421197487512585     
   775.19999999999015      -0.15514788800166923     
   775.99999999999011      -0.50129408470743908     
   776.79999999999006       -9.3538671772944837E-002
   777.59999999999002       0.45476646015187794     
   778.39999999998997       0.31927727199845890     
   779.19999999998993      -0.29620015886384277     
   779.99999999998988      -0.46642247923351016     
   780.79999999998984        6.4786636187017244E-002
   781.59999999998979       0.49858984737383594     
   782.39999999998975       0.18259163222853853     
   783.19999999998970      -0.40782887291189213     
   783.99999999998965      -0.38509597006061924     
   784.79999999998961       0.21666067499620745     
   785.59999999998956       0.49274279413024991     
   786.39999999998952        2.7781503652969108E-002
   787.19999999998947      -0.47889494431004181     
   787.99999999998943      -0.26544593581721154     
   788.79999999998938       0.34701737619608974     
   789.59999999998934       0.43780615164698189     
   790.39999999998929      -0.12976218851849497     
   791.19999999998925      -0.50227143961461873     
   791.99999999998920      -0.11941541963418162     
   792.79999999998915       0.44288718797701049     
   793.59999999998911       0.33927730098397219     
   794.39999999998906      -0.27441077738314518     
   795.19999999998902      -0.47560548403711667     
   795.99999999998897        3.8453247073912622E-002
   796.79999999998893       0.49468222628105585     
   797.59999999998888       0.20700103963220051     
   798.39999999998884      -0.39180365304791565     
   799.19999999998879      -0.40156556616244521     
