   0.0000000000000000       0.33005618824496580     
  0.80000000000000004       -5.3920577572965367E-002
   1.6000000000000001      -0.82039974623485334     
   2.4000000000000004       -1.0836556342530352     
   3.2000000000000002      -0.25047784886937485     
   4.0000000000000000       0.75977783445648006     
   4.7999999999999998       0.84900915431375668     
   5.5999999999999996       0.31588964454749457     
   6.3999999999999995        5.0840644924755318E-002
   7.1999999999999993       -5.6670200185042707E-002
   7.9999999999999991      -0.52129165825171886     
   8.7999999999999989      -0.86594096363269246     
   9.5999999999999996      -0.31895316654636185     
   10.400000000000000       0.62058935643276780     
   11.200000000000001       0.80449783752368642     
   12.000000000000002       0.23715935190723370     
   12.800000000000002      -0.10808088502982743     
   13.600000000000003       -5.9802490977015121E-002
   14.400000000000004      -0.26962608736029081     
   15.200000000000005      -0.66019695236438758     
   16.000000000000004      -0.40464295969996789     
   16.800000000000004       0.42888960132628617     
   17.600000000000005       0.75797417446093784     
   18.400000000000006       0.24953295623850724     
   19.200000000000006      -0.19113143568782354     
   20.000000000000007       -9.3573744608236920E-002
   20.800000000000008       -8.4903047456776501E-002
   21.600000000000009      -0.45323456413907043     
   22.400000000000009      -0.45851393976611504     
   23.200000000000010       0.21983765260835425     
   24.000000000000011       0.68903951656316997     
   24.800000000000011       0.30994086166643897     
   25.600000000000012      -0.21462717905285644     
   26.400000000000013      -0.15571378991091206     
   27.200000000000014        2.5710919201676397E-002
   28.000000000000014      -0.25040565388796870     
   28.800000000000015      -0.45881256269680470     
   29.600000000000016        1.9014280580549658E-002
   30.400000000000016       0.58637608549187392     
   31.200000000000017       0.38563836442766636     
   32.000000000000014      -0.18541981238266764     
   32.800000000000011      -0.22957081693240877     
   33.600000000000009        6.3492623123075631E-002
   34.400000000000006       -6.7025317120068428E-002
   35.200000000000003      -0.40159397805332447     
   36.000000000000000      -0.15173425817714017     
   36.799999999999997       0.44925726325595106     
   37.599999999999994       0.45037699031314898     
   38.399999999999991      -0.11113808538746189     
   39.199999999999989      -0.29396266518724645     
   39.999999999999986        3.7854162630747257E-002
   40.799999999999983        7.9040582775506199E-002
   41.599999999999980      -0.29537380629274340     
   42.399999999999977      -0.27460009353400827     
   43.199999999999974       0.28601599461318583     
   43.999999999999972       0.48388004234247994     
   44.799999999999969       -4.0587784017080963E-003
   45.599999999999966      -0.32951899516369859     
   46.399999999999963       -3.4569158219227347E-002
   47.199999999999960       0.17297380728434675     
   47.999999999999957      -0.15721667317570143     
   48.799999999999955      -0.33790076010679587     
   49.599999999999952       0.11170358121255158     
   50.399999999999949       0.47309734634254463     
   51.199999999999946       0.11866756585594934     
   51.999999999999943      -0.32306902268996679     
   52.799999999999940      -0.13198077558652449     
   53.599999999999937       0.20683556847892931     
   54.399999999999935       -9.0946722206385333E-003
   55.199999999999932      -0.33789459401047967     
   55.999999999999929       -5.4659467000280459E-002
   56.799999999999926       0.41352215975150453     
   57.599999999999923       0.23685122937247424     
   58.399999999999920      -0.27014307954491179     
   59.199999999999918      -0.23043833719517157     
   59.999999999999915       0.18141071173295589     
   60.799999999999912       0.12577994017274358     
   61.599999999999909      -0.27942844115329468     
   62.399999999999906      -0.19328649591375358     
   63.199999999999903       0.30950263209019524     
   63.999999999999901       0.33033122108488511     
   64.799999999999898      -0.17543949268414349     
   65.599999999999895      -0.30738896566898644     
   66.399999999999892       0.10614726793699303     
   67.199999999999889       0.22661874542099575     
   67.999999999999886      -0.17527971828719124     
   68.799999999999883      -0.28716106104700573     
   69.599999999999881       0.17324893788027562     
   70.399999999999878       0.38248796980998256     
   71.199999999999875       -5.1625411130808874E-002
   71.999999999999872      -0.34518446996754887     
   72.799999999999869       -2.3493725431893986E-003
   73.599999999999866       0.27843165396629049     
   74.399999999999864       -4.4365319104596901E-002
   75.199999999999861      -0.32527381139850930     
   75.999999999999858        2.2788301666148203E-002
   76.799999999999855       0.38330293584136882     
   77.599999999999852        8.2957463883946814E-002
   78.399999999999849      -0.33389290869414462     
   79.199999999999847      -0.12283849080269651     
   79.999999999999844       0.27446950452041441     
   80.799999999999841        9.0922057217849683E-002
   81.599999999999838      -0.30474426977040064     
   82.399999999999835      -0.12083008279325230     
   83.199999999999832       0.33118101297722796     
   83.999999999999829       0.20735478503617571     
   84.799999999999827      -0.27270433313238079     
   85.599999999999824      -0.23267780233048568     
   86.399999999999821       0.21714115966330311     
   87.199999999999818       0.20796861482158741     
   87.999999999999815      -0.23138297409953718     
   88.799999999999812      -0.23688241412735786     
   89.599999999999810       0.23317114893908855     
   90.399999999999807       0.30157168304753340     
   91.199999999999804      -0.16967670616533775     
   91.999999999999801      -0.31141502558573858     
   92.799999999999798       0.11735405353237299     
   93.599999999999795       0.28743951591735856     
   94.399999999999793      -0.11878056204298931     
   95.199999999999790      -0.30850128847495861     
   95.999999999999787       0.10374823658516857     
   96.799999999999784       0.35014604413285905     
   97.599999999999781       -4.0130440544419388E-002
   98.399999999999778      -0.34419303469373436     
   99.199999999999775       -7.3608979102618988E-003
   99.999999999999773       0.31645234696756774     
   100.79999999999977        1.3733642160718817E-002
   101.59999999999977      -0.32568897891501608     
   102.39999999999976       -3.7446315109195161E-002
   103.19999999999976       0.34496842793985860     
   103.99999999999976        9.5887669658682090E-002
   104.79999999999976      -0.32423496439537114     
   105.59999999999975      -0.13559022175721269     
   106.39999999999975       0.29066684086126743     
   107.19999999999975       0.14394698870869854     
   107.99999999999974      -0.28706027836289788     
   108.79999999999974      -0.16859954070153696     
   109.59999999999974       0.28668108533613612     
   110.39999999999974       0.21681218871821209     
   111.19999999999973      -0.25380760651546264     
   111.99999999999973      -0.24538763927169199     
   112.79999999999973       0.21479380368884021     
   113.59999999999972       0.25015670282803698     
   114.39999999999972      -0.19998185883067088     
   115.19999999999972      -0.26919739367763001     
   115.99999999999972       0.18446116207460489     
   116.79999999999971       0.30314861991117015     
   117.59999999999971      -0.14359272836592185     
   118.39999999999971      -0.31787362358862725     
   119.19999999999970       0.10159987116180202     
   119.99999999999970       0.31469677969447696     
   120.79999999999970       -7.9300371994956542E-002
   121.59999999999970      -0.32350376931937236     
   122.39999999999969        5.4469592059448679E-002
   123.19999999999969       0.34088758478629333     
   123.99999999999969       -1.0830729550818929E-002
   124.79999999999968      -0.34047433244530345     
   125.59999999999968       -3.0202788001630843E-002
   126.39999999999968       0.32693432063189476     
   127.19999999999968        5.4961069722378852E-002
   127.99999999999967      -0.32330987256853139     
   128.79999999999967       -8.2647170599311148E-002
   129.59999999999968       0.32397910612257258     
   130.39999999999969       0.12339384387838187     
   131.19999999999970      -0.30904681915983062     
   131.99999999999972      -0.15885964227010330     
   132.79999999999973       0.28499735474040661     
   133.59999999999974       0.18064298585265243     
   134.39999999999975      -0.26927221476530400     
   135.19999999999976      -0.20492880654146833     
   135.99999999999977       0.25528446927518483     
   136.79999999999978       0.23747653967861121     
   137.59999999999980      -0.22841165744642516     
   138.39999999999981      -0.26301439383551778     
   139.19999999999982       0.19588487478290978     
   139.99999999999983       0.27694691922146619     
   140.79999999999984      -0.17064555455614949     
   141.59999999999985      -0.29264619049983853     
   142.39999999999986       0.14595507436621930     
   143.19999999999987       0.31288082187869448     
   143.99999999999989      -0.11137266778700516     
   144.79999999999990      -0.32527600683513919     
   145.59999999999991        7.4158260613216231E-002
   146.39999999999992       0.32791786087863323     
   147.19999999999993       -4.3697410612610288E-002
   147.99999999999994      -0.33167445219015534     
   148.79999999999995        1.3588415915915697E-002
   149.59999999999997       0.33736653763181651     
   150.39999999999998        2.3382808844683522E-002
   151.19999999999999      -0.33523389832122891     
   152.00000000000000       -6.0388397128959770E-002
   152.80000000000001       0.32518723804385125     
   153.60000000000002        9.0817352301276799E-002
   154.40000000000003      -0.31593228636249909     
   155.20000000000005      -0.12047975429911850     
   156.00000000000006       0.30709636840473231     
   156.80000000000007       0.15417484029116446     
   157.60000000000008      -0.29118984284349425     
   158.40000000000009      -0.18578693046979158     
   159.20000000000010       0.26929913080771462     
   160.00000000000011       0.21085159695668304     
   160.80000000000013      -0.24830045357051134     
   161.60000000000014      -0.23449031275187926     
   162.40000000000015       0.22715245258923400     
   163.20000000000016       0.25976032718236208     
   164.00000000000017      -0.20026880176732570     
   164.80000000000018      -0.28141048731733254     
   165.60000000000019       0.16942492414782157     
   166.40000000000020       0.29662365526879875     
   167.20000000000022      -0.13997246064987462     
   168.00000000000023      -0.30983252897252467     
   168.80000000000024       0.11054986257414418     
   169.60000000000025       0.32289112357759736     
   170.40000000000026       -7.7110800565170778E-002
   171.20000000000027      -0.33146696913562534     
   172.00000000000028        4.1760104256214126E-002
   172.80000000000030       0.33399027474575571     
   173.60000000000031       -8.5904498661208972E-003
   174.40000000000032      -0.33425349527775711     
   175.20000000000033       -2.3866272601363425E-002
   176.00000000000034       0.33331609856833794     
   176.80000000000035        5.8457885141673827E-002
   177.60000000000036      -0.32774023842629624     
   178.40000000000038       -9.3012840865052043E-002
   179.20000000000039       0.31687740199452052     
   180.00000000000040       0.12447826375624244     
   180.80000000000041      -0.30394337784283004     
   181.60000000000042      -0.15431498495570620     
   182.40000000000043       0.28949466781016997     
   183.20000000000044       0.18448094060412343     
   184.00000000000045      -0.27090741824652442     
   184.80000000000047      -0.21292803432645702     
   185.60000000000048       0.24818537453910516     
   186.40000000000049       0.23746818832475819     
   187.20000000000050      -0.22402997991536405     
   188.00000000000051      -0.25950823215232738     
   188.80000000000052       0.19869161577798233     
   189.60000000000053       0.28038356530886521     
   190.40000000000055      -0.17024520904198731     
   191.20000000000056      -0.29830031074740904     
   192.00000000000057       0.13912525748089910     
   192.80000000000058       0.31179227156438794     
   193.60000000000059      -0.10757392708912744     
   194.40000000000060      -0.32220213909745010     
   195.20000000000061        7.5658910202290042E-002
   196.00000000000063       0.33045886938911112     
   196.80000000000064       -4.2020943451254678E-002
   197.60000000000065      -0.33509737918231036     
   198.40000000000066        7.3434983385686214E-003
   199.20000000000067       0.33524686381003566     
   200.00000000000068        2.6547259064487294E-002
   200.80000000000069      -0.33218636036078020     
   201.60000000000070       -5.9700251146454386E-002
   202.40000000000072       0.32659580488968604     
   203.20000000000073        9.3048322303638686E-002
   204.00000000000074      -0.31736077248477601     
   204.80000000000075      -0.12580900851442181     
   205.60000000000076       0.30408522474726507     
   206.40000000000077       0.15654327394478637     
   207.20000000000078      -0.28798046470697081     
   208.00000000000080      -0.18539304609697704     
   208.80000000000081       0.26957920134657382     
   209.60000000000082       0.21300124535243545     
   210.40000000000083      -0.24809752605109811     
   211.20000000000084      -0.23860907718649849     
   212.00000000000085       0.22349766696046136     
   212.80000000000086       0.26114641027369323     
   213.60000000000088      -0.19691124899573620     
   214.40000000000089      -0.28084987471507900     
   215.20000000000090       0.16878106132742976     
   216.00000000000091       0.29819495785534544     
   216.80000000000092      -0.13860525950600294     
   217.60000000000093      -0.31253922069767803     
   218.40000000000094       0.10659419587483537     
   219.20000000000095       0.32316311017575389     
   220.00000000000097       -7.3780848845010849E-002
   220.80000000000098      -0.33040569835323297     
   221.60000000000099        4.0541214677610571E-002
   222.40000000000100       0.33467024902673020     
   223.20000000000101       -6.5890156975861314E-003
   224.00000000000102      -0.33548658347317145     
   224.80000000000103       -2.7720369329264416E-002
   225.60000000000105       0.33245539776814137     
   226.40000000000106        6.1478912018728682E-002
   227.20000000000107      -0.32601602653302453     
   228.00000000000108       -9.4381149816254062E-002
   228.80000000000109       0.31655883418379310     
   229.60000000000110       0.12657518792677941     
   230.40000000000111      -0.30380326421207821     
   231.20000000000113      -0.15765670912130000     
   232.00000000000114       0.28762332025539916     
   232.80000000000115       0.18687525446104228     
   233.60000000000116      -0.26854075923479659     
   234.40000000000117      -0.21401816750916763     
   235.20000000000118       0.24695851585331657     
   236.00000000000119       0.23917561868958501     
   236.80000000000121      -0.22277160620328987     
   237.60000000000122      -0.26197998287868374     
   238.40000000000123       0.19606764922790837     
   239.20000000000124       0.28187093680339725     
   240.00000000000125      -0.16742020194673968     
   240.80000000000126      -0.29875697972328519     
   241.60000000000127       0.13724441279623156     
   242.40000000000128       0.31274158204796265     
   243.20000000000130      -0.10557514194541717     
   244.00000000000131      -0.32355996616764376     
   244.80000000000132        7.2646622474383082E-002
   245.60000000000133       0.33086283165736535     
   246.40000000000134       -3.9044413731494809E-002
   247.20000000000135      -0.33469905780432224     
   248.00000000000136        5.1760693124994761E-003
   248.80000000000138       0.33523431915751417     
   249.60000000000139        2.8834446420811899E-002
   250.40000000000140      -0.33234350786659855     
   251.20000000000141       -6.2677670742384339E-002
   252.00000000000142       0.32588738383860727     
   252.80000000000143        9.5803284999859850E-002
   253.60000000000144      -0.31605462072344054     
   254.40000000000146      -0.12784607255944963     
   255.20000000000147       0.30309292261096094     
   256.00000000000148       0.15865348135138022     
   256.80000000000149      -0.28702221497688563     
   257.60000000000150      -0.18791360471065055     
   258.40000000000151       0.26788931605671989     
   259.20000000000152       0.21516260326392272     
   260.00000000000153      -0.24600185122337270     
   260.80000000000155      -0.24012041983521018     
   261.60000000000156       0.22168371015355173     
   262.40000000000157       0.26266825804806454     
   263.20000000000158      -0.19508028101059316     
   264.00000000000159      -0.28255888851131122     
   264.80000000000160       0.16638347246309482     
   265.60000000000161       0.29946157478244151     
   266.40000000000163      -0.13598432179980757     
   267.20000000000164      -0.31322066334201504     
   268.00000000000165       0.10425850252626340     
   268.80000000000166       0.32380290630093350     
   269.60000000000167       -7.1440040040040620E-002
   270.40000000000168      -0.33107556734942034     
   271.20000000000169        3.7813782953866115E-002
   272.00000000000171       0.33487065970015545     
   272.80000000000172       -3.8082535204505552E-003
   273.60000000000173      -0.33517914365582169     
   274.40000000000174       -3.0187302045482867E-002
   275.20000000000175       0.33208225099276806     
   276.00000000000176        6.3899509354043760E-002
   276.80000000000177      -0.32558440226905716     
   277.60000000000178       -9.7010566386071029E-002
   278.40000000000180       0.31568466671311629     
   279.20000000000181       0.12910806999829250     
   280.00000000000182      -0.30251874320500438     
   280.80000000000183      -0.15983732143748502     
   281.60000000000184       0.28628436378724603     
   282.40000000000185       0.18894258847415563     
   283.20000000000186      -0.26711806446707298     
   284.00000000000188      -0.21613640952358323     
   284.80000000000189       0.24516637619143830     
   285.60000000000190       0.24107855633866299     
   286.40000000000191      -0.22068661694590846     
   287.20000000000192      -0.26349966513354189     
   288.00000000000193       0.19397315694561784     
   288.80000000000194       0.28321770081854836     
   289.60000000000196      -0.16526868975712861     
   290.40000000000197      -0.30003297242240040     
   291.20000000000198       0.13483059847071227     
   292.00000000000199       0.31372557202725704     
   292.80000000000200      -0.10299990261964798     
   293.60000000000201      -0.32415285072140843     
   294.40000000000202        7.0132414751414518E-002
   295.20000000000203       0.33124876536057651     
   296.00000000000205       -3.6536476758814218E-002
   296.80000000000206      -0.33494036908509817     
   297.60000000000207        2.5319381629371751E-003
   298.40000000000208       0.33515588936222857     
   299.20000000000209        3.1505038059253088E-002
   300.00000000000210      -0.33189924514748681     
   300.80000000000211       -6.5203791350301632E-002
   301.60000000000213       0.32523821919665918     
   302.40000000000214        9.8241505965945886E-002
   303.20000000000215      -0.31523876335031081     
   304.00000000000216      -0.13029258742344849     
   304.80000000000217       0.30197861190315400     
   305.60000000000218       0.16100156813581937     
   306.40000000000219      -0.28560263565400279     
   307.20000000000221      -0.19003676261805891     
   308.00000000000222       0.26630458829631454     
   308.80000000000223       0.21711760401626390     
   309.60000000000224      -0.24427624794758263     
   310.40000000000225      -0.24197205309918068     
   311.20000000000226       0.21972339136453178     
   312.00000000000227       0.26432170713593117     
   312.80000000000229      -0.19290572512649629     
   313.60000000000230      -0.28392659352313243     
   314.40000000000231       0.16411564804417522     
   315.20000000000232       0.30060094863072179     
   316.00000000000233      -0.13363949845880935     
   316.80000000000234      -0.31417748148205638     
   317.60000000000235       0.10177375204532202     
   318.40000000000236       0.32450008560673516     
   319.20000000000238       -6.8852725951541238E-002
   320.00000000000239      -0.33145951932151230     
   320.80000000000240        3.5226560886880365E-002
   321.60000000000241       0.33500022330991419     
   322.40000000000242       -1.2320398632841845E-003
   323.20000000000243      -0.33509017614285613     
   324.00000000000244       -3.2792362674879172E-002
   324.80000000000246       0.33171793416518819     
   325.60000000000247        6.6488269728909255E-002
   326.40000000000248      -0.32491977530043986     
   327.20000000000249       -9.9498748970463624E-002
   328.00000000000250       0.31477998676139263     
   328.80000000000251       0.13148995374127651     
   329.60000000000252      -0.30140555457853813     
   330.40000000000254      -0.16213778988343416     
   331.20000000000255       0.28492566416926490     
   332.00000000000256       0.19111665835870337     
   332.80000000000257      -0.26551160192644874     
   333.60000000000258      -0.21811894220996100     
   334.40000000000259       0.24337278176013985     
   335.20000000000260       0.24287041605483245     
   336.00000000000261      -0.21873580406544141     
   336.80000000000263      -0.26511841519295631     
   337.60000000000264       0.19184532715453795     
   338.40000000000265       0.28462504240477965     
   339.20000000000266      -0.16297809102124222     
   340.00000000000267      -0.30118366153998366     
   340.80000000000268       0.13243637477558917     
   341.60000000000269       0.31462877476140894     
   342.40000000000271      -0.10053082455531243     
   343.20000000000272      -0.32482503104689153     
   344.00000000000273        6.7581857969509496E-002
   344.80000000000274       0.33166272750459447     
   345.60000000000275       -3.3928925717562008E-002
   346.40000000000276      -0.33507055158989135     
   347.20000000000277       -7.7485009618016853E-005
   348.00000000000279       0.33502059169609189     
   348.80000000000280        3.4089914732155779E-002
   349.60000000000281      -0.33151775892980151     
   350.40000000000282       -6.7762540608122979E-002
   351.20000000000283       0.32459627667711799     
   352.00000000000284       0.10074563045382934     
   352.80000000000285      -0.31432872465350786     
   353.60000000000286      -0.13269409188304215     
   354.40000000000288       0.30082726104515978     
   355.20000000000289       0.16327882878938471     
   356.00000000000290      -0.28423358029397189     
   356.80000000000291      -0.19218542416924322     
   357.60000000000292       0.26471593790072961     
   358.40000000000293       0.21911109332664575     
   359.20000000000294      -0.24247512772901197     
   360.00000000000296      -0.24377278871540170     
   360.80000000000297       0.21774311115086759     
   361.60000000000298       0.26591579994820769     
   362.40000000000299      -0.19077376070041463     
   363.20000000000300      -0.28531204684426720     
   364.00000000000301       0.16184022071014420     
   364.80000000000302       0.30175811827512267     
   365.60000000000304      -0.13123842487542825     
   366.40000000000305      -0.31508185203444472     
   367.20000000000306        9.9283989778968351E-002
   368.00000000000307       0.32514787917847493     
   368.80000000000308       -6.6303765000880144E-002
   369.60000000000309      -0.33185491317871785     
   370.40000000000310        3.2633289396934717E-002
   371.20000000000312       0.33513369737831100     
   372.00000000000313        1.3817057028159829E-003
   372.80000000000314      -0.33495138523296292     
   373.60000000000315       -3.5389552964542159E-002
   374.40000000000316       0.33131407381574129     
   375.20000000000317        6.9040330912238101E-002
   376.00000000000318      -0.32426294849000598     
   376.80000000000319      -0.10198840167542653     
   377.60000000000321       0.31387171092061106     
   378.40000000000322       0.13389239048983317     
   379.20000000000323      -0.30024885278296620     
   380.00000000000324      -0.16441995843878771     
   380.80000000000325       0.28353780365409126     
   381.60000000000326       0.19325451222177276     
   382.40000000000327      -0.26391232452888086     
   383.20000000000329      -0.22009744533082454     
   384.00000000000330       0.24157355290565985     
   384.80000000000331       0.24466877162580025     
   385.60000000000332      -0.21675065265021237     
   386.40000000000333      -0.26671152868956194     
   387.20000000000334       0.18969931318221378     
   388.00000000000335       0.28599695053409946     
   388.80000000000337      -0.16069678983879071     
   389.60000000000338      -0.30232574216444608     
   390.40000000000339       0.13003869723105299     
   391.20000000000340       0.31552832580709195     
   392.00000000000341       -9.8038391246996814E-002
   392.80000000000342      -0.32546791415946796     
   393.60000000000343        6.5024292869494460E-002
   394.40000000000344       0.33204354314354700     
   395.20000000000346       -3.1334745332184166E-002
   396.00000000000347      -0.33518979354121753     
   396.80000000000348       -2.6854309412854827E-003
   397.60000000000349       0.33487593460431170     
   398.40000000000350        3.6686573148353385E-002
   399.20000000000351      -0.33110720323711273     
   400.00000000000352       -7.0317660042183594E-002
   400.80000000000354       0.32392563869191482     
   401.60000000000355       0.10323145725059735     
   402.40000000000356      -0.31340828038886609     
   403.20000000000357      -0.13508804331958835     
   404.00000000000358       0.29966521109605471     
   404.80000000000359       0.16555703758599896     
   405.60000000000360      -0.28283928047257600     
   406.40000000000362      -0.19432133767321108     
   407.20000000000363       0.26310525016792180     
   408.00000000000364       0.22108180757488075     
   408.80000000000365      -0.24066694497646599     
   409.60000000000366      -0.24556037038641096     
   410.40000000000367       0.21575455674574409     
   411.20000000000368       0.26750206686026295     
   412.00000000000369      -0.18862325609644087     
   412.80000000000371      -0.28667818945699203     
   413.60000000000372       0.15955117183043471     
   414.40000000000373       0.30288974816378827     
   415.20000000000374      -0.12883587485254089     
   416.00000000000375      -0.31596935085359146     
   416.80000000000376        9.6791166159518605E-002
   417.60000000000377       0.32578219887845045     
   418.40000000000379       -6.3744835034431901E-002
   419.20000000000380      -0.33222778081224413     
   420.00000000000381        3.0035771911137044E-002
   420.80000000000382       0.33524149158377620     
   421.60000000000383        3.9900221362738075E-003
   422.40000000000384      -0.33479480344648316     
   423.20000000000385       -3.7983040047674443E-002
   424.00000000000387       0.33089476477270158     
   424.80000000000388        7.1593146153116349E-002
   425.60000000000389      -0.32358401297282907     
   426.40000000000390      -0.10447302392771379     
   427.20000000000391       0.31294057474903569     
   428.00000000000392       0.13628235626801011     
   428.80000000000393      -0.29907650370332117     
   429.60000000000394      -0.16669151382263250     
   430.40000000000396       0.28213612135338506     
   431.20000000000397       0.19538461340563287     
   432.00000000000398      -0.26229471274385219     
   432.80000000000399      -0.22206295257554096     
   433.60000000000400       0.23975700017120607     
   434.40000000000401       0.24644877807826829     
   435.20000000000402      -0.21475473902980016     
   436.00000000000404      -0.26828839573297053     
   436.80000000000405       0.18754412306484919     
   437.60000000000406       0.28735461811614921     
   438.40000000000407      -0.15840357066145788     
   439.20000000000408      -0.30344932351860970     
   440.00000000000409       0.12763127547688630     
   440.80000000000410       0.31640597949518356     
   441.60000000000412       -9.5542081147505009E-002
   442.40000000000413      -0.32609137052770676     
   443.20000000000414        6.2464277170959481E-002
   444.00000000000415       0.33240664300019718     
   444.80000000000416       -2.8736687678538764E-002
   445.60000000000417      -0.33528828753881768     
   446.40000000000418       -5.2944760857411843E-003
   447.20000000000420       0.33470889480175309     
   448.00000000000421        3.9279264595319219E-002
   448.80000000000422      -0.33067714760986133     
   449.60000000000423       -7.2867618551797353E-002
   450.40000000000424       0.32323725272962467     
   451.20000000000425       0.10571273326391084     
   452.00000000000426      -0.31246831430992605     
   452.80000000000427      -0.13747458305669064     
   453.60000000000429       0.29848348796290719     
   454.40000000000430       0.16782372821190458     
   455.20000000000431      -0.28142854115967708     
   456.00000000000432      -0.19644494401751578     
   456.80000000000433       0.26148004852104340     
   457.60000000000434       0.22304050637891734     
   458.40000000000435      -0.23884359642697509     
   459.20000000000437      -0.24733345523490113     
   460.00000000000438       0.21375182183845043     
   460.80000000000439       0.26907085639810441     
   461.60000000000440      -0.18646200998793144     
   462.40000000000441      -0.28802666848823022     
   463.20000000000442       0.15725346073832569     
   464.00000000000443       0.30400411753277989     
   464.80000000000445      -0.12642488285792675     
   465.60000000000446      -0.31683783620825934     
   466.40000000000447        9.4291637714544352E-002
   467.20000000000448       0.32639575214445488     
   468.00000000000449       -6.1182636666850143E-002
   468.80000000000450      -0.33258043211036031     
   469.60000000000451        2.7437085010913353E-002
   470.40000000000452       0.33532987043882734     
   471.20000000000454        6.5987428415320015E-003
   472.00000000000455      -0.33461796064785465     
   472.80000000000456       -4.0574850984499533E-002
   473.60000000000457       0.33045464658387030     
   474.40000000000458        7.4141109895290436E-002
   475.20000000000459      -0.32288556487416098     
   476.00000000000460      -0.10695089603674546     
   476.80000000000462       0.31199123497397785     
   477.60000000000463       0.13866463739571322     
   478.40000000000464      -0.29788601253087871     
   479.20000000000465      -0.16895337612928435     
   480.00000000000466       0.28071680145680217     
   480.80000000000467       0.19750239290136726     
   481.60000000000468      -0.26066139507872965     
   482.40000000000470      -0.22401470323249431     
   483.20000000000471       0.23792651715294985     
   484.00000000000472       0.24821430119022414     
   484.80000000000473      -0.21274572470041453     
   485.60000000000474      -0.26984922202589962     
   486.40000000000475       0.18537714333819616     
   487.20000000000476       0.28869442188606093     
   488.00000000000477      -0.15610092986324225     
   488.80000000000479      -0.30455430605037748     
   489.60000000000480       0.12521652432801589     
   490.40000000000481       0.31726482115725169     
   491.20000000000482       -9.3039804944579030E-002
   492.00000000000483      -0.32669518222397953     
   492.80000000000484        5.9900104989012548E-002
   493.60000000000485       0.33274923872423173     
   494.40000000000487       -2.6137015973840494E-002
   495.20000000000488      -0.33536637263250990     
   496.00000000000489       -7.9029573132003428E-003
   496.80000000000490       0.33452191125911623     
   497.60000000000491        4.1869798008318415E-002
   498.40000000000492      -0.33022715364645622     
   499.20000000000493       -7.5413462742438486E-002
   500.00000000000495       0.32252904305350683     
   500.80000000000496       0.10818748638462214     
   501.60000000000497      -0.31150943696998423     
   502.40000000000498      -0.13985262394311343     
   503.20000000000499       0.29728400226802582     
   504.00000000000500       0.17008043834550729     
   504.80000000000501      -0.28000083639096146     
   505.60000000000502      -0.19855683529364920     
   506.40000000000504       0.25983884443536442     
   507.20000000000505       0.22498553728748011     
   508.00000000000506      -0.23700583869001540     
   508.80000000000507      -0.24909139809133551     
   509.60000000000508       0.21173638806979317     
   510.40000000000509       0.27062346635759726     
   511.20000000000510      -0.18428948902901277     
   512.00000000000512      -0.28935778443441912     
   512.80000000000507       0.15494606477004119     
   513.60000000000502       0.30509989906312379     
   514.40000000000498      -0.12400625797312281     
   515.20000000000493      -0.31768700085496276     
   516.00000000000489        9.1786537514564004E-002
   516.80000000000484       0.32698963524054792     
   517.60000000000480       -5.8616670356911982E-002
   518.40000000000475      -0.33291299721288958     
   519.20000000000471        2.4836559007461290E-002
   520.00000000000466       0.33539781657075274     
   520.80000000000462        9.2070762325578426E-003
   521.60000000000457      -0.33442080268010210     
   522.40000000000452       -4.3164139744291230E-002
   523.20000000000448       0.32999464853160132     
   524.00000000000443        7.6684675064820407E-002
   524.80000000000439      -0.32216764617618660     
   525.60000000000434      -0.10942243681817365     
   526.40000000000430       0.31102295190054591     
   527.20000000000425       0.14103851256844452     
   528.00000000000421      -0.29667750599978132     
   528.80000000000416      -0.17120494159071969     
   529.60000000000412       0.27928063274431436     
   530.40000000000407       0.19960826280639635     
   531.20000000000402      -0.25901237550843925     
   532.00000000000398      -0.22595295428973844     
   532.80000000000393       0.23608159842758819     
   533.60000000000389       0.24996472834550193     
   534.40000000000384      -0.21072385519439812     
   535.20000000000380      -0.27139361278623880     
   536.00000000000375       0.18319904068932014     
   536.80000000000371       0.29001674741713512     
   537.60000000000366      -0.15378885944535670     
   538.40000000000362      -0.30564085704222393     
   539.20000000000357       0.12279412360350223     
   540.00000000000352       0.31810436982170764     
   540.80000000000348       -9.0531873467087520E-002
   541.60000000000343      -0.32727913446007467     
   542.40000000000339        5.7332331636441414E-002
   543.20000000000334       0.33307170261372243     
   544.00000000000330       -2.3535718071133804E-002
   544.80000000000325      -0.33542417761767723     
   545.60000000000321       -1.0511060757618151E-002
   546.40000000000316       0.33431464051037407     
   547.20000000000312        4.4457844033024829E-002
   548.00000000000307      -0.32975715616151824     
   548.80000000000302       -7.7954745368225664E-002
   549.60000000000298       0.32180137495878436     
   550.40000000000293       0.11065573849376081     
   551.20000000000289      -0.31053176872985377     
   552.00000000000284      -0.14222226878202815     
   552.80000000000280       0.29606653851029652     
   553.60000000000275       0.17232686100897299     
   554.40000000000271      -0.27855621743132764     
   555.20000000000266      -0.20065667444044910     
   556.00000000000261       0.25818199479884429     
   556.80000000000257       0.22691694526777378     
   557.60000000000252      -0.23515379651345852     
   558.40000000000248      -0.25083426488731264     
   559.20000000000243       0.20970814749239280     
   560.00000000000239       0.27215964533845849     
   560.80000000000234      -0.18210582645670603     
   561.60000000000230      -0.29067131325597551     
   562.40000000000225       0.15262932497854076     
   563.20000000000221       0.30617717471648742     
   564.00000000000216      -0.12158012941685231     
   564.80000000000211      -0.31851691057107867     
   565.60000000000207        8.9275837876467090E-002
   566.40000000000202       0.32756367374966211     
   567.20000000000198       -5.6047116586862733E-002
   568.00000000000193      -0.33322536269909081     
   568.80000000000189        2.2234506701830026E-002
   569.60000000000184       0.33544545647729779     
   570.40000000000180        1.1814898250685490E-002
   571.20000000000175      -0.33420341754153349     
   572.00000000000171       -4.5750885439494071E-002
   572.80000000000166       0.32951468002074341     
   573.60000000000161        7.9223648521120682E-002
   574.40000000000157      -0.32143024302642847     
   575.20000000000152      -0.11188737822832018     
   576.00000000000148       0.31003589468502840     
   576.80000000000143       0.14340387936355331     
   577.60000000000139      -0.29545110207951325     
   578.40000000000134      -0.17344617422356229     
   579.20000000000130       0.27782760216054281     
   580.00000000000125       0.20170205026955512     
   580.80000000000121      -0.25734772100576764     
   581.60000000000116      -0.22787750041097221     
   582.40000000000111       0.23422244585286156     
   583.20000000000107       0.25169999757514161     
   584.00000000000102      -0.20868927483744859     
   584.80000000000098      -0.27292154776944044     
   585.60000000000093       0.18100986403629138     
   586.40000000000089       0.29132146952559301     
   587.20000000000084      -0.15146748344983041     
   588.00000000000080      -0.30670884817873523     
   588.80000000000075       0.12036429217600608     
   589.60000000000070       0.31892461881722783     
   590.40000000000066       -8.8018445569047254E-002
   591.20000000000061      -0.32784324503596290     
   592.00000000000057        5.4761046110412936E-002
   592.80000000000052       0.33337397382865575     
   593.60000000000048       -2.0932947991949613E-002
   594.40000000000043      -0.33546165647993065     
   595.20000000000039       -1.3118570631928839E-002
   596.00000000000034       0.33408713664708867     
   596.80000000000030        4.7043247356299500E-002
   597.60000000000025      -0.32926722074819309     
   598.40000000000020       -8.0491363637845093E-002
   599.20000000000016       0.32105425541179938     
   600.00000000000011       0.11311733477057673     
   600.80000000000007      -0.30953534022319951     
   601.60000000000002      -0.14458332792171957     
   602.39999999999998       0.29483120651331757     
   603.19999999999993       0.17456286627853712     
   603.99999999999989      -0.27709479540852688     
   604.79999999999984      -0.20274437275550655     
   605.59999999999980       0.25650956650193585     
   606.39999999999975       0.22883460326716748     
   607.19999999999970      -0.23328756274261414     
   607.99999999999966      -0.25256191469934519     
   608.79999999999961       0.20766725257704710     
   609.59999999999957       0.27367930993625073     
   610.39999999999952      -0.17991116785701761     
   611.19999999999948      -0.29196720490749767     
   611.99999999999943       0.15030335239158421     
   612.79999999999939       0.30723586817594772     
   613.59999999999934      -0.11914663191407088     
   614.39999999999930      -0.31932748979013326     
   615.19999999999925        8.6759715232183343E-002
   615.99999999999920       0.32811784515844167     
   616.79999999999916       -5.3474137996645910E-002
   617.59999999999911      -0.33351753261302614     
   618.39999999999907        1.9631061851204057E-002
   619.19999999999902       0.33547277673955822     
   619.99999999999898        1.4422056841138731E-002
   620.79999999999893      -0.33396580090817352     
   621.59999999999889       -4.8334910560397182E-002
   622.39999999999884       0.32901478285061714     
   623.19999999999879        8.1757872664143805E-002
   623.99999999999875      -0.32067341685280565     
   624.79999999999870      -0.11434558902877787     
   625.59999999999866       0.30903011253722046     
   626.39999999999861       0.14576059546060374     
   627.19999999999857      -0.29420686223030723     
   627.99999999999852      -0.17567692054280185     
   628.79999999999848       0.27635780862791393     
   629.59999999999843       0.20378362685627655     
   630.39999999999839      -0.25566754303889394     
   631.19999999999834      -0.22978823879091148     
   631.99999999999829       0.23234916099767589     
   632.79999999999825       0.25342000234878576     
   633.59999999999820      -0.20664209687391843     
   634.39999999999816      -0.27443292071150727     
   635.19999999999811       0.17880975457996262     
   635.99999999999807       0.29260851022377138     
   636.79999999999802      -0.14913694854425286     
   637.59999999999798      -0.30775822631844452     
   638.39999999999793       0.11792716680699777     
   639.19999999999789       0.31972551690629974     
   639.99999999999784       -8.5499666431788912E-002
   640.79999999999779      -0.32838747045812650     
   641.59999999999775        5.2186411660136711E-002
   642.39999999999770       0.33365603745087608     
   643.19999999999766       -1.8328867328719189E-002
   643.99999999999761      -0.33547881684303699     
   644.79999999999757       -1.5725337187241506E-002
   645.59999999999752       0.33383941194198113     
   646.39999999999748        4.9625854978862016E-002
   647.19999999999743      -0.32875737066132743     
   647.99999999999739       -8.3023156408711746E-002
   648.79999999999734       0.32028773353991735     
   649.59999999999729       0.11557212277326762     
   650.39999999999725      -0.30852021901753690     
   651.19999999999720      -0.14693566398224059     
   651.99999999999716       0.29357807848407858     
   652.79999999999711       0.17678831961772035     
   653.59999999999707      -0.27561665330156626     
   654.39999999999702      -0.20481979677526729     
   655.19999999999698       0.25482166351631097     
   655.99999999999693       0.23073839275843455     
   656.79999999999688      -0.23140725443961002     
   657.59999999999684      -0.25427424732932269     
   658.39999999999679       0.20561382297457670     
   659.19999999999675       0.27518236830786102     
   659.99999999999670      -0.17770564101028985     
   660.79999999999666      -0.29324537583032961     
   661.59999999999661       0.14796828952778907     
   662.39999999999657       0.30827591496614737     
   663.19999999999652      -0.11670591491038906     
   663.99999999999648      -0.32011869408636628     
   664.79999999999643        8.4238318015866565E-002
   665.59999999999638       0.32865211672411027     
   666.39999999999634       -5.0897886709750151E-002
   667.19999999999629      -0.33378948648059203     
   667.99999999999625        1.7026384121185845E-002
   668.79999999999620       0.33547977703347365     
   669.59999999999616        1.7028392183398855E-002
   670.39999999999611      -0.33370797170272531     
   671.19999999999607       -5.0916061101811183E-002
   671.99999999999602       0.32849498805905569     
   672.79999999999598        8.4287195480850119E-002
   673.59999999999593      -0.31989721154004430     
   674.39999999999588      -0.11679691732280165     
   675.19999999999584       0.30800566760574311     
   675.99999999999579       0.14810851574464684     
   676.79999999999575      -0.29294486473509973     
   677.59999999999570      -0.17789704655143668     
   678.39999999999566       0.27487134053731815     
   679.19999999999561       0.20585286653677820     
   679.99999999999557      -0.25397194079489199     
   680.79999999999552      -0.23168505065408598     
   681.59999999999548       0.23046185733391403     
   682.39999999999543       0.25512463672894176     
   683.19999999999538      -0.20458244623030336     
   683.99999999999534      -0.27592764129313718     
   684.79999999999529       0.17659884364249823     
   685.59999999999525       0.29387779193565688     
   686.39999999999520      -0.14679739296703775     
   687.19999999999516      -0.30878892630782473     
   687.99999999999511       0.11548289461997047     
   688.79999999999507       0.32050701553394778     
   689.59999999999502       -8.2975688857610808E-002
   690.39999999999498      -0.32891178002410160     
   691.19999999999493        4.9608582490387798E-002
   691.99999999999488       0.33391787772014003     
   692.79999999999484       -1.5723631946058136E-002
   693.59999999999479      -0.33547565746639063     
   694.39999999999475       -1.8331202100569044E-002
   695.19999999999470       0.33357148240687567     
   695.99999999999466        5.2205509458302213E-002
   696.79999999999461      -0.32822763913082154     
   697.59999999999457       -8.5549970721086388E-002
   698.39999999999452       0.31950185681896603     
   699.19999999999447       0.11801995398103599     
   699.99999999999443      -0.30748646620513259     
   700.79999999999438      -0.14927913285118483     
   701.59999999999434       0.29230723067021197     
   702.39999999999429       0.17900308448045962     
   703.19999999999425      -0.27412188158836548     
   703.99999999999420      -0.20688282037496686     
   704.79999999999416       0.25311838764349814     
   705.59999999999411       0.23262819796185663     
   706.39999999999407      -0.22951298393308606     
   707.19999999999402      -0.25597115755493349     
   707.99999999999397       0.20354798217325321     
   708.79999999999393       0.27666872835658385     
   709.59999999999388      -0.17548937905919704     
   710.39999999999384      -0.29450574893761872     
   711.19999999999379       0.14562427639797887     
   711.99999999999375       0.30929725254691220     
   712.79999999999370      -0.11425812432381099     
   713.59999999999366      -0.32089047542482407     
   714.39999999999361        8.1711797961584287E-002
   715.19999999999357       0.32916645656125731     
   715.99999999999352       -4.8318518382884756E-002
   716.79999999999347      -0.33404120935224535     
   717.59999999999343        1.4420630426265346E-002
   718.39999999999338       0.33546645831662897     
   719.19999999999334        1.9633747224948317E-002
   719.99999999999329      -0.33342994627436762     
   720.79999999999325       -5.3494180497969168E-002
   721.59999999999320       0.32795532809415040     
   722.39999999999316        8.6811462981416787E-002
   723.19999999999311      -0.31910167547575491     
   723.99999999999307      -0.11924121415648983     
   724.79999999999302       0.30696262273450814     
   725.59999999999297       0.15044749743857352     
   726.39999999999293      -0.29166518599039215     
   727.19999999999288      -0.18010641651065046     
   727.99999999999284       0.27336828782004902     
   728.79999999999279       0.20790964257589065     
   729.59999999999275      -0.25226101692886826     
   730.39999999999270      -0.23356782028176040     
   731.19999999999266       0.22856064849297417     
   731.99999999999261       0.25681379686589034     
   732.79999999999256      -0.20251044634800269     
   733.59999999999252      -0.27740561819820969     
   734.39999999999247       0.17437726392683617     
   735.19999999999243       0.29512923731390317     
   735.99999999999238      -0.14444895741682762     
   736.79999999999234      -0.30980088600683686     
   737.59999999999229       0.11303162239586562     
   738.39999999999225       0.32126906799734389     
   739.19999999999220       -8.0446664331262796E-002
   739.99999999999216      -0.32941614257415475     
   740.79999999999211        4.7027713818983907E-002
   741.59999999999206       0.33415947965163700     
   742.39999999999202       -1.3117399205768543E-002
   743.19999999999197      -0.33545217987185216     
   743.99999999999193       -2.0936007879812035E-002
   744.79999999999188       0.33328336558621774     
   745.59999999999184        5.4782054692095683E-002
   746.39999999999179      -0.32767805921071491     
   747.19999999999175       -8.8071653100427083E-002
   747.99999999999170       0.31869667369638233     
   748.79999999999166       0.12046067927461163     
   749.59999999999161      -0.30643414520768392     
   750.39999999999156      -0.15161359170515143     
   751.19999999999152       0.29101874044664644     
   751.99999999999147       0.18120702579434725     
   752.79999999999143      -0.27261057063611682     
   753.59999999999138      -0.20893331744743066     
   754.39999999999134       0.25139984158890188     
   755.19999999999129       0.23450390326476905     
   755.99999999999125      -0.22760486533866942     
   756.79999999999120      -0.25765254180289415     
   757.59999999999116       0.20146985433015158     
   758.39999999999111       0.27813829958418479     
   759.19999999999106      -0.17326251493627393     
   759.99999999999102      -0.29574824759178148     
   760.79999999999097       0.14327145366644206     
   761.59999999999093       0.31029981908387705     
   762.39999999999088      -0.11180340724948379     
   763.19999999999084      -0.32164278758319365     
   763.99999999999079        7.9180306976580517E-002
   764.79999999999075       0.32966083437688110     
   765.59999999999070       -4.5736188232303354E-002
   766.39999999999065      -0.33427268695447310     
   767.19999999999061        1.1813957946226417E-002
   767.99999999999056       0.33543282249982165     
   768.79999999999052        2.2237964382947839E-002
   769.59999999999047      -0.33313174271341911     
   770.39999999999043       -5.6069112533705279E-002
   771.19999999999038       0.32739583681364826     
   771.99999999999034        8.9330521941487301E-002
   772.79999999999029      -0.31828685772682308     
   773.59999999999025      -0.12167833077656917     
   774.39999999999020       0.30590104171013788     
   775.19999999999015       0.15277739787717226     
   775.99999999999011      -0.29036790386566924     
   776.79999999999006      -0.18230489553447993     
   777.59999999999002       0.27184874149725974     
   778.39999999998997       0.20995382934922491     
   779.19999999998993      -0.25053487460838858     
   779.99999999998988      -0.23543643260713951     
   780.79999999998984       0.22664564885027003     
   781.59999999998979       0.25848737956469159     
   782.39999999998975      -0.20042622174780050     
   783.19999999998970      -0.27886676135360688     
   783.99999999998965       0.17214514881376258     
   784.79999999998961       0.29636277036989628     
   785.59999999998956      -0.14209178281620088     
   786.39999999998952      -0.31079404424007850     
   787.19999999998947       0.11057349732819505     
   787.99999999998943       0.32201162858794014     
   788.79999999998938       -7.7912744932800704E-002
   789.59999999998934      -0.32990052836738920     
   790.39999999998929        4.4443961064482396E-002
   791.19999999998925       0.33438082967507349     
   791.99999999998920       -1.0510326309197848E-002
   792.79999999998915      -0.33540838663931982     
   793.59999999998911       -2.3539597050833916E-002
   794.39999999998906       0.33297508010332943     
   795.19999999998902        5.7355334522845358E-002
   795.99999999998897      -0.32710866531541199     
   796.79999999998893       -9.0588050389876384E-002
   797.59999999998888       0.31787223388468283     
   798.39999999998884       0.12289415013288840     
   799.19999999998879      -0.30536332039133413     
