   0.0000000000000000      -0.45861691253854731     
  0.80000000000000004       -1.6011467448911469     
   1.6000000000000001       -1.5982114284105731     
   2.4000000000000004      -0.87194318011872740     
   3.2000000000000002      -0.13431621680678485     
   4.0000000000000000       0.40218101049019828     
   4.7999999999999998       0.85727977363752672     
   5.5999999999999996        1.2226754251199439     
   6.3999999999999995        1.1985205894244515     
   7.1999999999999993       0.53954028796681475     
   7.9999999999999991      -0.66664773043531356     
   8.7999999999999989       -1.8480712100247643     
   9.5999999999999996       -1.8554910411627916     
   10.400000000000000      -0.49186959650815565     
   11.200000000000001        1.4568939651906139     
   12.000000000000002        2.5774191677531295     
   12.800000000000002        1.4894686135946578     
   13.600000000000003      -0.72669328358024021     
   14.400000000000004       -2.6457385733715935     
   15.200000000000005       -2.2301310729401638     
   16.000000000000004      -0.14660617175104873     
   16.800000000000004        2.0933138330945527     
   17.600000000000005        2.7131862281695005     
   18.400000000000006        1.0844566024095059     
   19.200000000000006       -1.1335852084849851     
   20.000000000000007       -2.6041413928591428     
   20.800000000000008       -1.9235803827698130     
   21.600000000000009      -0.11208947553491755     
   22.400000000000009        1.6574951313648090     
   23.200000000000010        2.3472851926298945     
   24.000000000000011        1.4027112618030106     
   24.800000000000011      -0.19047548243373291     
   25.600000000000012       -1.6662897681925621     
   26.400000000000013       -2.1633759336623912     
   27.200000000000014       -1.2800361775909030     
   28.000000000000014       0.22780378292248882     
   28.800000000000015        1.7012790240888256     
   29.600000000000016        2.1910177172975556     
   30.400000000000016        1.2239793893909861     
   31.200000000000017      -0.42400916468585326     
   32.000000000000014       -1.9803485272031380     
   32.800000000000011       -2.2331127915730780     
   33.600000000000009      -0.93921342129763730     
   34.400000000000006       0.92004059663610360     
   35.200000000000003        2.3588669133244298     
   36.000000000000000        2.0174274342322356     
   36.799999999999997       0.35668615659269176     
   37.599999999999994       -1.5551714059474067     
   38.399999999999991       -2.5125963885305178     
   39.199999999999989       -1.5223813433160882     
   39.999999999999986       0.34947826366929369     
   40.799999999999983        2.0804225802845844     
   41.599999999999980        2.3383329176306118     
   42.399999999999977       0.95379758734483722     
   43.199999999999974      -0.91936596908459478     
   43.999999999999972       -2.3147178107870880     
   44.799999999999969       -2.0077942612486308     
   45.599999999999966      -0.46007986638492504     
   46.399999999999963        1.3210591738605082     
   47.199999999999960        2.3635665768754999     
   47.999999999999957        1.6890269972453580     
   48.799999999999955        5.6460045319148389E-002
   49.599999999999952       -1.6452189362004455     
   50.399999999999949       -2.3535367839425927     
   51.199999999999946       -1.3828625986805778     
   51.999999999999943       0.34306876823276666     
   52.799999999999940        1.9638501800010586     
   53.599999999999937        2.2804073243781198     
   54.399999999999935        1.0217956157903603     
   55.199999999999932      -0.79187262046826534     
   55.999999999999929       -2.2483838963484120     
   56.799999999999926       -2.0812164365711703     
   57.599999999999923      -0.56819273767349121     
   58.399999999999920        1.2705646908750048     
   59.199999999999918        2.4123083606619136     
   59.999999999999915        1.7460000833694242     
   60.799999999999912        4.4771083710419157E-002
   61.599999999999909       -1.7290213425215806     
   62.399999999999906       -2.4097390197560302     
   63.199999999999903       -1.3279446695315316     
   63.999999999999901       0.47976666400723822     
   64.799999999999898        2.0917257078688718     
   65.599999999999895        2.2475482103742510     
   66.399999999999892       0.87842030082908273     
   67.199999999999889      -0.95168767214349304     
   67.999999999999886       -2.3075765131830068     
   68.799999999999883       -1.9777552825372737     
   69.599999999999881      -0.42131981468951141     
   70.399999999999878        1.3752539510506061     
   71.199999999999875        2.3953024692805491     
   71.999999999999872        1.6494113838110942     
   72.799999999999869       -4.3116436837435934E-002
   73.599999999999866       -1.7666649926156264     
   74.399999999999864       -2.3723199001177209     
   75.199999999999861       -1.2736852076992717     
   75.999999999999858       0.51712108220512709     
   76.799999999999855        2.1013796951214085     
   77.599999999999852        2.2250181995414766     
   78.399999999999849       0.84740235051349577     
   79.199999999999847      -0.98414417828958900     
   79.999999999999844       -2.3251531732128061     
   80.799999999999841       -1.9575424503838252     
   81.599999999999838      -0.37572422164274877     
   82.399999999999835        1.4313352219698916     
   83.199999999999832        2.4136336257437994     
   83.999999999999829        1.6053384589887572     
   84.799999999999827      -0.12054152986218036     
   85.599999999999824       -1.8389403325727380     
   86.399999999999821       -2.3646682558164080     
   87.199999999999818       -1.2004968784602854     
   87.999999999999815       0.60961472282632911     
   88.799999999999812        2.1571911098996388     
   89.599999999999810        2.1819567395944084     
   90.399999999999807       0.75956974877388572     
   91.199999999999804       -1.0678920789213711     
   91.999999999999801       -2.3463533264697225     
   92.799999999999798       -1.8964562883234966     
   93.599999999999795      -0.29212797731951379     
   94.399999999999793        1.4970972637675166     
   95.199999999999790        2.4084305579186176     
   95.999999999999787        1.5437847768020134     
   96.799999999999784      -0.19215380258779446     
   97.599999999999781       -1.8871461181066826     
   98.399999999999778       -2.3436598028659090     
   99.199999999999775       -1.1413270430973754     
   99.999999999999773       0.67326379819389381     
   100.79999999999977        2.1905436379691192     
   101.59999999999977        2.1486831964963202     
   102.39999999999976       0.69668192151774022     
   103.19999999999976       -1.1311579601224286     
   103.99999999999976       -2.3656730925789882     
   104.79999999999976       -1.8502989255742828     
   105.59999999999975      -0.22034798190391225     
   106.39999999999975        1.5621148023819846     
   107.19999999999975        2.4097783202753513     
   107.99999999999974        1.4845092930874388     
   108.79999999999974      -0.27044771417224922     
   109.59999999999974       -1.9447792737683254     
   110.39999999999974       -2.3215491766443241     
   111.19999999999973       -1.0719046871219731     
   111.99999999999973       0.74941635380614824     
   112.79999999999973        2.2275848113923242     
   113.59999999999972        2.1059333597506056     
   114.39999999999972       0.62204021125930553     
   115.19999999999972       -1.2007188123038566     
   115.99999999999972       -2.3797133953430620     
   116.79999999999971       -1.7961284741512715     
   117.59999999999971      -0.14501423511833722     
   118.39999999999971        1.6239994911903857     
   119.19999999999970        2.4039218527374739     
   119.99999999999970        1.4243794453006986     
   120.79999999999970      -0.34382646471198175     
   121.59999999999970       -1.9945358874594041     
   122.39999999999969       -2.2965782588930947     
   123.19999999999969       -1.0065874055343706     
   123.99999999999969       0.81912761664198452     
   124.79999999999968        2.2593409321116118     
   125.59999999999968        2.0645249642452388     
   126.39999999999968       0.55115542655165783     
   127.19999999999968       -1.2676155909844253     
   127.99999999999967       -2.3923376983117652     
   128.79999999999967       -1.7428033232122337     
   129.59999999999968       -6.9714530632772220E-002
   130.39999999999969        1.6864308774882897     
   131.19999999999970        2.3964817292027170     
   131.99999999999972        1.3623063085787326     
   132.79999999999973      -0.41945685308206127     
   133.59999999999974       -2.0440947573162793     
   134.39999999999975       -2.2679470239910589     
   135.19999999999976      -0.93789332747631260     
   135.99999999999977       0.89051791185202056     
   136.79999999999978        2.2883694601079880     
   137.59999999999980        2.0193573573199899     
   138.39999999999981       0.47803328766942244     
   139.19999999999982       -1.3343017939960244     
   139.99999999999983       -2.4010598839508974     
   140.79999999999984       -1.6874404874165749     
   141.59999999999985        5.4802335561974225E-003
   142.39999999999986        1.7464283556924953     
   143.19999999999987        2.3853448861744408     
   143.99999999999989        1.2999061849822091     
   144.79999999999990      -0.49328914757384479     
   145.59999999999991       -2.0899059487638842     
   146.39999999999992       -2.2368886532369192     
   147.19999999999993      -0.86948005418248675     
   147.99999999999994       0.96035473390730353     
   148.79999999999995        2.3142338069570112     
   149.59999999999997        1.9729575019726238     
   150.39999999999998       0.40486084625973295     
   151.19999999999999       -1.4003493337712882     
   152.00000000000000       -2.4072124623723541     
   152.80000000000001       -1.6309216395680715     
   153.60000000000002        8.1141719128503986E-002
   154.40000000000003        1.8053972660759359     
   155.20000000000005        2.3711313221584542     
   156.00000000000006        1.2360719953114412     
   156.80000000000007      -0.56718469387919246     
   157.60000000000008       -2.1331313864059891     
   158.40000000000009       -2.2027521147468336     
   159.20000000000010      -0.79975629646347324     
   160.00000000000011        1.0298593815775410     
   160.80000000000013        2.3368809959703505     
   161.60000000000014        1.9244622448533311     
   162.40000000000015       0.33103556937410006     
   163.20000000000016       -1.4655466655481828     
   164.00000000000017       -2.4101458518800221     
   164.80000000000018       -1.5731976389708466     
   165.60000000000019       0.15659874892722736     
   166.40000000000020        1.8622883500137399     
   167.20000000000022        2.3537042888795678     
   168.00000000000023        1.1714888335613853     
   168.80000000000024      -0.64019028528468258     
   169.60000000000025       -2.1731853849557083     
   170.40000000000026       -2.1661311898730933     
   171.20000000000027      -0.72945200128055898     
   172.00000000000028        1.0986550544619718     
   172.80000000000030        2.3565065140113495     
   173.60000000000031        1.8743758614670909     
   174.40000000000032       0.25674821986221952     
   175.20000000000033       -1.5299972865588050     
   176.00000000000034       -2.4101029630994333     
   176.80000000000035       -1.5142580704442967     
   177.60000000000036       0.23209352666006278     
   178.40000000000038        1.9172560827331406     
   179.20000000000039        2.3330660835826293     
   180.00000000000040        1.1058338621124695     
   180.80000000000041      -0.71264560697395818     
   181.60000000000042       -2.2101287309601227     
   182.40000000000043       -2.1269559402030831     
   183.20000000000044      -0.65834488794340107     
   184.00000000000045        1.1668600327442316     
   184.80000000000047        2.3730362882407441     
   185.60000000000048        1.8226790635684096     
   186.40000000000049       0.18206813469369143     
   187.20000000000050       -1.5934414958792011     
   188.00000000000051       -2.4069433166553278     
   188.80000000000052       -1.4542285101328822     
   189.60000000000053       0.30732051889391476     
   190.40000000000055        1.9699025115899360     
   191.20000000000056        2.3093011082032127     
   192.00000000000057        1.0392957400726464     
   192.80000000000058      -0.78437926397732238     
   193.60000000000059       -2.2438872401894496     
   194.40000000000060       -2.0854896164833514     
   195.20000000000061      -0.58657569578298685     
   196.00000000000063        1.2344622214314451     
   196.80000000000064        2.3865613487798543     
   197.60000000000065        1.7695048892565222     
   198.40000000000066       0.10702933920978586     
   199.20000000000067       -1.6558086559157279     
   200.00000000000068       -2.4006626298697160     
   200.80000000000069       -1.3930966972046503     
   201.60000000000070       0.38225969424612005     
   202.40000000000072        2.0200743626608952     
   203.20000000000073        2.2824502811747838     
   204.00000000000074       0.97182622415660269     
   204.80000000000075      -0.85544627372242443     
   205.60000000000076       -2.2744487201912778     
   206.40000000000077       -2.0418435627520379     
   207.20000000000078      -0.51416126496468806     
   208.00000000000080        1.3014400002212867     
   208.80000000000081        2.3970681934276792     
   209.60000000000082        1.7149349111435279     
   210.40000000000083        3.1738666497278301E-002
   211.20000000000084       -1.7168816760563761     
   212.00000000000085       -2.3912148618538405     
   212.80000000000086       -1.3309293381014347     
   213.60000000000088       0.45676179045796195     
   214.40000000000089        2.0675464271458917     
   215.20000000000090        2.2526311668814922     
   216.00000000000091       0.90348819849379058     
   216.80000000000092      -0.92584047376330436     
   217.60000000000093       -2.3018331675108978     
   218.40000000000094       -1.9961842428077654     
   219.20000000000095      -0.44115264882263849     
   220.00000000000097        1.3677717493001926     
   220.80000000000098        2.4045738330194704     
   221.60000000000099        1.6590412838411610     
   222.40000000000100       -4.3731860407861145E-002
   223.20000000000101       -1.7764800522870290     
   224.00000000000102       -2.3785721061547815     
   224.80000000000103       -1.2677402243337603     
   225.60000000000105       0.53075233528102039     
   226.40000000000106        2.1121540607017417     
   227.20000000000107        2.2199562705020126     
   228.00000000000108       0.83430642172905300     
   228.80000000000109      -0.99558605284981128     
   229.60000000000110       -2.3260659927994958     
   230.40000000000111       -1.9486452068152429     
   231.20000000000113      -0.36759705198485948     
   232.00000000000114        1.4333968045385148     
   232.80000000000115        2.4090624237721014     
   233.60000000000116        1.6018935840425208     
   234.40000000000117      -0.11927386033768905     
   235.20000000000118       -1.8343778585015253     
   236.00000000000119       -2.3627215369366805     
   236.80000000000121       -1.2035622703566853     
   237.60000000000122       0.60414987518443386     
   238.40000000000123        2.1537573995699510     
   239.20000000000124        2.1845708130540924     
   240.00000000000125       0.76432710208303400     
   240.80000000000126       -1.0647029399293639     
   241.60000000000127       -2.3471887258089232     
   242.40000000000128       -1.8993564929558864     
   243.20000000000130      -0.29354302978448477     
   244.00000000000131        1.4982396290851079     
   244.80000000000132        2.4105130745899022     
   245.60000000000133        1.5435472859951775     
   246.40000000000134      -0.19478405900365381     
   247.20000000000135       -1.8903496537817539     
   248.00000000000136       -2.3436682739733383     
   248.80000000000138       -1.1384143552926738     
   249.60000000000139       0.67690494177831129     
   250.40000000000140        2.1922568616741400     
   251.20000000000141        2.1466253286195722     
   252.00000000000142       0.69359377883095696     
   252.80000000000143       -1.1332070475786256     
   253.60000000000144       -2.3652389569468983     
   254.40000000000146       -1.8484340956638188     
   255.20000000000147      -0.21904819165820300     
   256.00000000000148        1.5621909721090876     
   256.80000000000149        2.4088925839674218     
   257.60000000000150        1.4840549085990062     
   258.40000000000151      -0.27014676804116600     
   259.20000000000152       -1.9441618978849637     
   260.00000000000153       -2.3214440989078637     
   260.80000000000155       -1.0723199685284173     
   261.60000000000156       0.74898687842294054     
   262.40000000000157        2.2275911712203693     
   263.20000000000158        2.1062787629504940     
   264.00000000000159       0.62215272505991037     
   264.80000000000160       -1.2011064185667084     
   265.60000000000161       -2.3802507584152877     
   266.40000000000163       -1.7959817836152749     
   267.20000000000164      -0.14417607690644152     
   268.00000000000165        1.6251158146335891     
   268.80000000000166        2.4041627701579005     
   269.60000000000167        1.4234604605475589     
   270.40000000000168      -0.34524781463370058     
   271.20000000000169       -1.9955883905812117     
   272.00000000000171       -2.2961069398607106     
   272.80000000000172       -1.0053028691664860     
   273.60000000000173       0.82038643553667590     
   274.40000000000174        2.2597335714913549     
   275.20000000000175        2.0636886806661061     
   276.00000000000176       0.55004967432714569     
   276.80000000000177       -1.2683954686266266     
   277.60000000000178       -2.3922470362551200     
   278.40000000000180       -1.7420914945491957     
   279.20000000000181       -6.9000936356611309E-002
   280.00000000000182        1.6868500345267059     
   280.80000000000183        2.3962847697074365     
   281.60000000000184        1.3618029094216018     
   282.40000000000185      -0.41997601668574069     
   283.20000000000186       -2.0444174595156106     
   284.00000000000188       -2.2677429007194787     
   284.80000000000189      -0.93739205388221403     
   285.60000000000190       0.89110997922704027     
   286.40000000000191        2.2886865100802218     
   287.20000000000192        2.0190080597359730     
   288.00000000000193       0.47732973208477025     
   288.80000000000194       -1.3350524527829770     
   289.60000000000196       -2.4012382016236211     
   290.40000000000197       -1.6868435929379106     
   291.20000000000198        6.3933997907053008E-003
   292.00000000000199        1.7472050585864050     
   292.80000000000200        2.3852249849051832     
   293.60000000000201        1.2991147393304507     
   294.40000000000202      -0.49423122582980716     
   295.20000000000203       -2.0904617274465132     
   296.00000000000205       -2.2364631443944529     
   296.80000000000206      -0.86862178040683080     
   297.60000000000207       0.96117406819971674     
   298.40000000000208        2.3144731516296781     
   299.20000000000209        1.9723814313553703     
   300.00000000000210       0.40403861109933037     
   300.80000000000211       -1.4010348886306849     
   301.60000000000213       -2.4072206078366829     
   302.40000000000214       -1.6303085429605473     
   303.20000000000215        8.1912501138024840E-002
   304.00000000000216        1.8059714091624244     
   304.80000000000217        2.3709614448956793     
   305.60000000000218        1.2354233532810246     
   306.40000000000219      -0.56792948927070408     
   307.20000000000221       -2.1335655407510901     
   308.00000000000222       -2.2023999769447600     
   308.80000000000223      -0.79903170696245240     
   309.60000000000224        1.0305993801186837     
   310.40000000000225        2.3371290999207188     
   311.20000000000226        1.9239428345901710     
   312.00000000000227       0.33022440167116951     
   312.80000000000229       -1.4662764127398455     
   313.60000000000230       -2.4101773218298410     
   314.40000000000231       -1.5725480689550611     
   315.20000000000232       0.15745261954979428     
   316.00000000000233        1.8629249286096301     
   316.80000000000234        2.3534897271893578     
   317.60000000000235        1.1707521978368594     
   318.40000000000236      -0.64100755881354265     
   319.20000000000238       -2.1736100426458504     
   320.00000000000239       -2.1657008307466876     
   320.80000000000240      -0.72866544989030158     
   321.60000000000241        1.0994049273891600     
   322.40000000000242        2.3566940570670498     
   323.20000000000243        1.8738145749123487     
   324.00000000000244       0.25594013366999824     
   324.80000000000246       -1.5306837175879118     
   325.60000000000247       -2.4100801263831406     
   326.40000000000248       -1.5136165739169285     
   327.20000000000249       0.23290255234314827     
   328.00000000000250        1.9178339648359171     
   328.80000000000251        2.3328281763645418     
   329.60000000000252        1.1051231319584698     
   330.40000000000254      -0.71342469029398514     
   331.20000000000255       -2.2105150310002384     
   332.00000000000256       -2.1265218741699163     
   332.80000000000257      -0.65756866907663514     
   333.60000000000258        1.1676031553612887     
   334.40000000000259        2.3732049054349078     
   335.20000000000260        1.8221066502449830     
   336.00000000000261       0.18124594052132248     
   336.80000000000263       -1.5941350374373668     
   337.60000000000264       -2.4068929582511496     
   338.40000000000265       -1.4535618923745086     
   339.20000000000266       0.30814731742685475     
   340.00000000000267        1.9704679359983874     
   340.80000000000268        2.3090214400815583     
   341.60000000000269        1.0385590311259476     
   342.40000000000271      -0.78516179526501406     
   343.20000000000272       -2.2442372800887069     
   344.00000000000273       -2.0850217648490865     
   344.80000000000274      -0.58578732856620097     
   345.60000000000275        1.2351956285611998     
   346.40000000000276        2.3866903243315996     
   347.20000000000277        1.7689167660137288     
   348.00000000000279       0.10621082570813911     
   348.80000000000280       -1.6564801556962017     
   349.60000000000281       -2.4005765277823521     
   350.40000000000282       -1.3924256644065218     
   351.20000000000283       0.38307322039039438     
   352.00000000000284        2.0206066487866612     
   352.80000000000285        2.2821419171319230     
   353.60000000000286       0.97108627205413001     
   354.40000000000288      -0.85621806905500830     
   355.20000000000289       -2.2747657380761748     
   356.00000000000290       -2.0413563532278394     
   356.80000000000291      -0.51336682121459654     
   357.60000000000292        1.3021691403984250     
   358.40000000000293        2.3971672219083326     
   359.20000000000294        1.7143308571419338     
   360.00000000000296        3.0913720450333804E-002
   360.80000000000297       -1.7175422638348967     
   361.60000000000298       -2.3910938731437952     
   362.40000000000299       -1.3302434420538138     
   363.20000000000300       0.45757398189705034     
   364.00000000000301        2.0680496945731845     
   364.80000000000302        2.2522887436487693     
   365.60000000000304       0.90273638553188329     
   366.40000000000305      -0.92660581459747671     
   367.20000000000306       -2.3021143526852983     
   368.00000000000307       -1.9956746534103837     
   368.80000000000308      -0.44035236688403190     
   369.60000000000309        1.3684918873858551     
   370.40000000000310        2.4046388922113193     
   371.20000000000312        1.6584241319777551     
   372.00000000000313       -4.4556089122640197E-002
   372.80000000000314       -1.7771215255505333     
   373.60000000000315       -2.3784164961085557     
   374.40000000000316       -1.2670450593430931     
   375.20000000000317       0.53155694063430303     
   376.00000000000318        2.1126249061811597     
   376.80000000000319        2.2195844511232177     
   377.60000000000321       0.83354649030890227     
   378.40000000000322      -0.99634442233585752     
   379.20000000000323       -2.3263136655252783     
   380.00000000000324       -1.9481161084813294     
   380.80000000000325      -0.36679057855114161     
   381.60000000000326        1.4341097547928563     
   382.40000000000327        2.4090948185532053     
   383.20000000000329        1.6012624446417698     
   384.00000000000330      -0.12009931789770789     
   384.80000000000331       -1.8350002359911888     
   385.60000000000332       -2.3625305751729697     
   386.40000000000333       -1.2028556639617016     
   387.20000000000334       0.60494822725953190     
   388.00000000000335        2.1541947880320711     
   388.80000000000337        2.1841697695063016     
   389.60000000000338       0.76355845922607357     
   390.40000000000339       -1.0654543946148642     
   391.20000000000340       -2.3474023047047994     
   392.00000000000341       -1.8988089321347457     
   392.80000000000342      -0.29273174860358608     
   393.60000000000343        1.4989430387647669     
   394.40000000000344        2.4105120133461186     
   395.20000000000346        1.5429036918134711     
   396.00000000000347      -0.19560808796659357     
   396.80000000000348       -1.8909494453751601     
   397.60000000000349       -2.3434426393642949     
   398.40000000000350       -1.1376975903993114     
   399.20000000000351       0.67769589980445932     
   400.00000000000352        2.1926600138986858     
   400.80000000000354        2.1461973631995410     
   401.60000000000355       0.69281719119274632     
   402.40000000000356       -1.1339519990182780     
   403.20000000000357       -2.3654193286841521     
   404.00000000000358       -1.8478692416739422     
   404.80000000000359      -0.21823223919879964     
   405.60000000000360        1.5628841565197142     
   406.40000000000362        2.4088577867328924     
   407.20000000000363        1.4833988820800039     
   408.00000000000364      -0.27096874246599900     
   408.80000000000365       -1.9447369159766983     
   409.60000000000366       -2.3211840032119984     
   410.40000000000367       -1.0715928725459993     
   411.20000000000368       0.74977043870595228     
   412.00000000000369        2.2279594896144284     
   412.80000000000371        2.1058253896261063     
   413.60000000000372       0.62136867684256569     
   414.40000000000373       -1.2018446822217321     
   415.20000000000374       -2.3803980300719916     
   416.00000000000375       -1.7954007893562887     
   416.80000000000376      -0.14335649433745434     
   417.60000000000377        1.6257968407448085     
   418.40000000000379        2.4040938013426989     
   419.20000000000380        1.4227927016830453     
   420.00000000000381      -0.34606622958480449     
   420.80000000000382       -1.9961361250480749     
   421.60000000000383       -2.2958133140948780     
   422.40000000000384       -1.0045658859876418     
   423.20000000000385       0.82116255232929092     
   424.00000000000387        2.2600670260614963     
   424.80000000000388        2.0632116750605554     
   425.60000000000389       0.54925862405172854     
   426.40000000000390       -1.2691270224280724     
   427.20000000000391       -2.3923614752503695     
   428.00000000000392       -1.7414952302816293     
   428.80000000000393       -6.8178440342763436E-002
   429.60000000000394        1.6875170928738321     
   430.40000000000396        2.3961812033053289     
   431.20000000000397        1.3611236938081044     
   432.00000000000398      -0.42078980813815692     
   432.80000000000399       -2.0449357387822964     
   433.60000000000400       -2.2674167645124865     
   434.40000000000401      -0.93664547598487280     
   435.20000000000402       0.89187878429664424     
   436.00000000000404        2.2889852086548625     
   436.80000000000405        2.0185090335166507     
   437.60000000000406       0.47653220848307210     
   438.40000000000407       -1.3357768876944081     
   439.20000000000408       -2.4013198151362842     
   440.00000000000409       -1.6862329210112283     
   440.80000000000410        7.2177656239735821E-003
   441.60000000000412        1.7478559153502524     
   442.40000000000413        2.3850865240720518     
   443.20000000000414        1.2984244410055297     
   444.00000000000415      -0.49503934447767639     
   444.80000000000416       -2.0909486690171506     
   445.60000000000417       -2.2361058660776099     
   446.40000000000418      -0.86786602728059514     
   447.20000000000420       0.96193578817171566     
   448.00000000000421        2.3147374554565063     
   448.80000000000422        1.9718619088286644     
   449.60000000000423       0.40323509895955634     
   450.40000000000424       -1.4017516458484736     
   451.20000000000425       -2.4072692889323934     
   452.00000000000426       -1.6296841596733851     
   452.80000000000427        8.2737681832980359E-002
   453.60000000000429        1.8066037010929314     
   454.40000000000430        2.3707879251917432     
   455.20000000000431        1.2347222263504163     
   456.00000000000432      -0.56873113727987512     
   456.80000000000433       -2.1340196364459043     
   457.60000000000434       -2.2020130858551363     
   458.40000000000435      -0.79826723522953436     
   459.20000000000437        1.0313542321601934     
   460.00000000000438        2.3373594238196427     
   460.80000000000439        1.9234042195904613     
   461.60000000000440       0.32941546221683349     
   462.40000000000441       -1.4669846087901035     
   463.20000000000442       -2.4101928165116462     
   464.00000000000443       -1.5719106172349038     
   464.80000000000445       0.15827742303708914     
   465.60000000000446        1.8635361456876993     
   466.40000000000447        2.3532812236947969     
   467.20000000000448        1.1700404924812573     
   468.00000000000449      -0.64180216636641774     
   468.80000000000450       -2.1740302112712424     
   469.60000000000451       -2.1652860010235111     
   470.40000000000452      -0.72789274954041350     
   471.20000000000454        1.1001530967636963     
   472.00000000000455        2.3568908348547200     
   472.80000000000456        1.8732581331580502     
   473.60000000000457       0.25512637498639590     
   474.40000000000458       -1.5313821837355923     
   475.20000000000459       -2.4100620754819202     
   476.00000000000460       -1.5129666055607531     
   476.80000000000462       0.23372574002254032     
   477.60000000000463        1.9184215677164838     
   478.40000000000464        2.3325850271245931     
   479.20000000000465        1.1044010851122403     
   480.00000000000466      -0.71421193590237375     
   480.80000000000467       -2.2109006045930286     
   481.60000000000468       -2.1260808349654887     
   482.40000000000470      -0.65678824456671214     
   483.20000000000471        1.1683447223167069     
   484.00000000000472        2.3733685011485877     
   484.80000000000473        1.8215335165904318     
   485.60000000000474       0.18042806899081265     
   486.40000000000475       -1.5948222824640577     
   487.20000000000476       -2.4068409412010880     
   488.00000000000477       -1.4528998976258234     
   488.80000000000479       0.30896762828347679     
   489.60000000000480        1.9710294459727140     
   490.40000000000481        2.3087442868165051     
   491.20000000000482        1.0378269087305199     
   492.00000000000483      -0.78594157997953906     
   492.80000000000484       -2.2445879765627672     
   493.60000000000485       -2.0845562423169439     
   494.40000000000487      -0.58499967827431543     
   495.20000000000488        1.2359305370349432     
   496.00000000000489        2.3868209916766188     
   496.80000000000490        1.7683279402504717     
   497.60000000000491       0.10538964707046783     
   498.40000000000492       -1.6571543879458401     
   499.20000000000493       -2.4004901170964135     
   500.00000000000495       -1.3917520632988210     
   500.80000000000496       0.38388944245072931     
   501.60000000000497        2.0211397532079198     
   502.40000000000498        2.2818317018157677     
   503.20000000000499       0.97034438856704130     
   504.00000000000500      -0.85699046660544620     
   504.80000000000501       -2.2750815888254010     
   505.60000000000502       -2.0408680180977186     
   506.40000000000504      -0.51257243865828928     
   507.20000000000505        1.3028971497391615     
   508.00000000000506        2.3972650720632540     
   508.80000000000507        1.7137272168737303     
   509.60000000000508        3.0090154465450825E-002
   510.40000000000509       -1.7182014166620845     
   511.20000000000510       -2.3909727006166497     
   512.00000000000512       -1.3295585905315921     
   512.80000000000507       0.45838501860712588     
   513.60000000000502        2.0685523466051232     
   514.40000000000498        2.2519466864812161     
   515.20000000000493       0.90198511659426805     
   516.00000000000489      -0.92737100994277255     
   516.80000000000484       -2.3023956176843710     
   517.60000000000480       -1.9951650842523647     
   518.40000000000475      -0.43955174965250365     
   519.20000000000471        1.3692125338605372     
   520.00000000000466        2.4047038838415618     
   520.80000000000462        1.6578064441498648     
   521.60000000000457       -4.5381010766339269E-002
   522.40000000000452       -1.7777633068841734     
   523.20000000000448       -2.3782603203139958     
   524.00000000000443       -1.2663492546289801     
   524.80000000000439       0.53236187578215177     
   525.60000000000434        2.1130954073391885     
   526.40000000000430        2.2192120016404866     
   527.20000000000425       0.83278627020445395     
   528.00000000000421      -0.99710264370731072     
   528.80000000000416       -2.3265607379189186     
   529.60000000000412       -1.9475867686491526     
   530.40000000000407      -0.36598425176199179     
   531.20000000000402        1.4348223112065666     
   532.00000000000398        2.4091267641603205     
   532.80000000000393        1.6006313823676568     
   533.60000000000389      -0.12092445949140362     
   534.40000000000384       -1.8356221924902454     
   535.20000000000380       -2.3623393481033057     
   536.00000000000375       -1.2021491611032318     
   536.80000000000371       0.60574637166429857     
   537.60000000000366        2.1546318439788426     
   538.40000000000362        2.1837685426349971     
   539.20000000000357       0.76278976560085932     
   540.00000000000352       -1.0662058516425381     
   540.80000000000348       -2.3476156215768595     
   541.60000000000343       -1.8982611562183673     
   542.40000000000339      -0.29192029088997318     
   543.20000000000334        1.4996464836284860     
   544.00000000000330        2.4105106019886682     
   544.80000000000325        1.5422598479039917     
   545.60000000000321      -0.19643223276302124     
   546.40000000000316       -1.8915490425649131     
   547.20000000000312       -2.3432165625923007     
   548.00000000000307       -1.1369806267613305     
   548.80000000000302       0.67848681154838930     
   549.60000000000298        2.1930627538937539     
   550.40000000000293        2.1457690681710919     
   551.20000000000289       0.69204052378443803     
   552.00000000000284       -1.1346968283862697     
   552.80000000000280       -2.3655992945483879     
   553.60000000000275       -1.8473042297270250     
   554.40000000000271      -0.21741630768906584     
   555.20000000000266        1.5635771562735963     
   556.00000000000261        2.4088226217247755     
   556.80000000000257        1.4827427782181439     
   557.60000000000252      -0.27179063195669806     
   558.40000000000248       -1.9453116316855616     
   559.20000000000243       -2.3209235670779633     
   560.00000000000239       -1.0708656971498567     
   560.80000000000234       0.75055391331882082     
   561.60000000000230        2.2283274479956492     
   562.40000000000225        2.1053717617851619     
   563.20000000000221       0.62058453802768576     
   564.00000000000216       -1.2025829013049842     
   564.80000000000211       -2.3805449585955012     
   565.60000000000207       -1.7948196068458206     
   566.40000000000202      -0.14253684331745209     
   567.20000000000198        1.6264777505029280     
   568.00000000000193        2.4040244509070163     
   568.80000000000189        1.4221247918850421     
   569.60000000000184      -0.34688461963144213     
   570.40000000000180       -1.9966835516748396     
   571.20000000000175       -2.2955193131337230     
   572.00000000000171       -1.0038287866966371     
   572.80000000000166       0.82193858531405617     
   573.60000000000161        2.2604000888628724     
   574.40000000000157        2.0627344179236107     
   575.20000000000152       0.54846750940205857     
   576.00000000000148       -1.2698584866909892     
   576.80000000000143       -2.3924755503805475     
   577.60000000000139       -1.7408988140279116     
   578.40000000000134       -6.7355933004873858E-002
   579.20000000000130        1.6881839767808873     
   580.00000000000125        2.3960772615545425     
   580.80000000000121        1.3604443655523921     
   581.60000000000116      -0.42160353627248881     
   582.40000000000111       -2.0454536863503359     
   583.20000000000107       -2.2670902861482451     
   584.00000000000102      -0.93589879767126938     
   584.80000000000098       0.89264751404182663     
   585.60000000000093        2.2892835346109504     
   586.40000000000089        2.0180097749233719     
   587.20000000000084       0.47573461121366534     
   588.00000000000080       -1.3365012490359689     
   588.80000000000075       -2.4014010712635550     
   589.60000000000070       -1.6856220906304220     
   590.40000000000066        8.0421526727525450E-003
   591.20000000000061        1.7485065858510698     
   592.00000000000057        2.3849476782558092     
   592.80000000000052        1.2977340190501265     
   593.60000000000048      -0.49584739816651657     
   594.40000000000043       -2.0914352578541027     
   595.20000000000039       -2.2357482535915119     
   596.00000000000034      -0.86711017642469557     
   596.80000000000030       0.96269742968955718     
   597.60000000000025        2.3150013835330299     
   598.40000000000020        1.9713421713378427     
   599.20000000000016       0.40243152743274080     
   600.00000000000011       -1.4024683118333072     
   600.80000000000007       -2.4073176089684933     
   601.60000000000002       -1.6290596327867690     
   602.39999999999998        8.3562862376877378E-002
   603.19999999999993        1.8072357754947512     
   603.99999999999989        2.3706140238428270     
   604.79999999999984        1.2340209840464986     
   605.59999999999980      -0.56953271071102329     
   606.39999999999975       -2.1344733675553229     
   607.19999999999970       -2.2016258810927214     
   607.99999999999966      -0.79750267049140078     
   608.79999999999961        1.0321090116227540     
   609.59999999999957        2.3375893799258645     
   610.39999999999952        1.9228654026037184     
   611.19999999999948       0.32860646522730108     
   611.99999999999943       -1.4676927066936101     
   612.79999999999939       -2.4102079467502451     
   613.59999999999934       -1.5712730248527702     
   614.39999999999930       0.15910221660594015     
   615.19999999999925        1.8641471187359491     
   615.99999999999920        2.3530723388082500     
   616.79999999999916        1.1693286724129321     
   617.59999999999911      -0.64259669468542446     
   618.39999999999907       -2.1744500043700308     
   619.19999999999902       -2.1648708754796129     
   619.99999999999898      -0.72711996249547317     
   620.79999999999893        1.1009011931280104     
   621.59999999999889        2.3570872480793468     
   622.39999999999884        1.8727015036268861     
   623.19999999999879       0.25431256808961478     
   623.99999999999875       -1.5320805354367493     
   624.79999999999870       -2.4100436560665823     
   625.59999999999866       -1.5123165038048119     
   626.39999999999861       0.23454890271563977     
   627.19999999999857        1.9190088987741671     
   627.99999999999852        2.3323415027188363     
   628.79999999999848        1.1036789268384348     
   629.59999999999843      -0.71499910031002201     
   630.39999999999839       -2.2112857983597118     
   631.19999999999834       -2.1256395190898076     
   631.99999999999829      -0.65600773823288749     
   632.79999999999825        1.1690862174376073     
   633.59999999999820        2.3735317361632977     
   634.39999999999816        1.8209602061661121     
   635.19999999999811       0.17961015650970591     
   635.99999999999807       -1.5955093957258879     
   636.79999999999802       -2.4067885506497499     
   637.59999999999798       -1.4522377737880259     
   638.39999999999793       0.30978790095244979     
   639.19999999999789        1.9715906577149858     
   639.99999999999784        2.3084667667063337     
   640.79999999999779        1.0370946779264294     
   641.59999999999775      -0.78672128322607571     
   642.39999999999770       -2.2449382916397811     
   643.19999999999766       -2.0840904617681524     
   643.99999999999761      -0.58421195194104358     
   644.79999999999757        1.2366653716624585     
   645.59999999999752        2.3869513002198035     
   646.39999999999748        1.7677389482704753     
   647.19999999999743       0.10456843732465471     
   647.99999999999739       -1.6578284670389247     
   648.79999999999734       -2.4004033285960689     
   649.59999999999729       -1.3910783375868623     
   650.39999999999725       0.38470561348204035     
   651.19999999999720        2.0216725355221392     
   651.99999999999716        2.2815211316879274     
   652.79999999999711       0.96960240042763912     
   653.59999999999707      -0.85776278438578424     
   654.39999999999702       -2.2753970601126161     
   655.19999999999698       -2.0403794426908433     
   655.99999999999693      -0.51177798524673124     
   656.79999999999688        1.3036250816456947     
   657.59999999999684        2.3973625638159195     
   658.39999999999679        1.7131234191816216     
   659.19999999999675        2.9266567877849647E-002
   659.99999999999670       -1.7188603924794987     
   660.79999999999666       -2.3908511467499851     
   661.59999999999661       -1.3288736178598510     
   662.39999999999657       0.45919599321434945     
   663.19999999999652        2.0690546559049148     
   663.99999999999648        2.2516042891575130     
   664.79999999999643       0.90123374748269569     
   665.59999999999638      -0.92813612780870081     
   666.39999999999634       -2.3026765069040436     
   667.19999999999629       -1.9946552914999374     
   667.99999999999625      -0.43875106720238399     
   668.79999999999620        1.3699330963657548     
   669.59999999999616        2.4047685157894545     
   670.39999999999611        1.6571886067986461     
   671.19999999999607       -4.6205941081238544E-002
   671.99999999999602       -1.7784048851376366     
   672.79999999999598       -2.3781037615357903     
   673.59999999999593       -1.2656533317682515     
   674.39999999999588       0.53316674002119346     
   675.19999999999584        2.1135655494118222     
   675.99999999999579        2.2188392288858370     
   676.79999999999575       0.83202595491724374     
   677.59999999999570      -0.99786079014311202     
   678.39999999999566       -2.3268074392491860     
   679.19999999999561       -1.9470572204849503     
   679.99999999999557      -0.36517786569009680     
   680.79999999999552        1.4355347741641522     
   681.59999999999548        2.4091583472933413     
   682.39999999999543        1.6000001774262909     
   683.19999999999538      -0.12174959687138620     
   683.99999999999534       -1.8362439185065733     
   684.79999999999529       -2.3621477387977361     
   685.59999999999525       -1.2014425427270694     
   686.39999999999520       0.60654443897987687     
   687.19999999999516        2.1550685290251552     
   687.99999999999511        2.1833670107806227     
   688.79999999999507       0.76202098218673453     
   689.59999999999502       -1.0669572356928421     
   690.39999999999498       -2.3478285720968617     
   691.19999999999493       -1.8977131858226783     
   691.99999999999488      -0.29110878062424628     
   692.79999999999484        1.5003498221625824     
   693.59999999999479        2.4105088242126649     
   694.39999999999475        1.5416158674093039     
   695.19999999999470      -0.19725635973328148     
   695.99999999999466       -1.8921483814817395     
   696.79999999999461       -2.3429901073360706     
   697.59999999999457       -1.1362635502071810     
   698.39999999999452       0.67927764274160851     
   699.19999999999447        2.1934651157919918     
   699.99999999999443        2.1453404870878776     
   700.79999999999438       0.69126377207844136     
   701.59999999999434       -1.1354415857020612     
   702.39999999999429       -2.3657788980691459     
   703.19999999999425       -1.8467390356522875     
   703.99999999999420      -0.21660033130359779     
   704.79999999999416        1.5642700333995312     
   705.59999999999411        2.4087870856661557     
   706.39999999999407        1.4820865430873922     
   707.19999999999402      -0.27261248984218556     
   707.99999999999397       -1.9458860620142890     
   708.79999999999393       -2.3206627594885609     
   709.59999999999388       -1.0701384117280073     
   710.39999999999384       0.75133730633959006     
   711.19999999999379        2.2286950252584536     
   711.99999999999375        2.1049178667624311     
   712.79999999999370       0.61980032037241206     
   713.59999999999366       -1.2033210477058280     
   714.39999999999361       -2.3806915275391214     
   715.19999999999357       -1.7942382531208843     
   715.99999999999352      -0.14171715624813963     
   716.79999999999347        1.6271585180061285     
   717.59999999999343        2.4039547247313813     
   718.39999999999338        1.4214567554075352     
   719.19999999999334      -0.34770296480886120     
   719.99999999999329       -1.9972306676465541     
   720.79999999999325       -2.2952249510588034     
   721.59999999999320       -1.0030915808147727     
   722.39999999999316       0.82271453756674973     
   723.19999999999311        2.2607327709703897     
   723.99999999999307        2.0622569118585159     
   724.79999999999302       0.54767632128681365     
   725.59999999999297       -1.2705898756483145     
   726.39999999999293       -2.3925892671345221     
   727.19999999999288       -1.7403022361172964     
   727.99999999999284       -6.6533399667505710E-002
   728.79999999999279        1.6888506958132063     
   729.59999999999275        2.3959729400188463     
   730.39999999999270        1.3597649144886845     
   731.19999999999266      -0.42241720755184931     
   731.99999999999261       -2.0459713009048643     
   732.79999999999256       -2.2667634600484496     
   733.59999999999252      -0.93515201687780602     
   734.39999999999247       0.89341616511370181     
   735.19999999999243        2.2895814827762155     
   735.99999999999238        2.0175102846425186     
   736.79999999999234       0.47493694590712598     
   737.59999999999229       -1.3372255299937732     
   738.39999999999225       -2.4014819685424791     
   739.19999999999220       -1.6850111069519751     
   739.99999999999216        8.8665544341699487E-003
   740.79999999999211        1.7491570663896865     
   741.59999999999206        2.3848084500083213     
   742.39999999999202        1.2970434775197264     
   743.19999999999197      -0.49665538499811412     
   743.99999999999193       -2.0919214951488079     
   744.79999999999188       -2.2353903092565033     
   745.59999999999184      -0.86635422784347726     
   746.39999999999179       0.96345899506058830     
   747.19999999999175        2.3152649381667949     
   747.99999999999170        1.9708222181323192     
   748.79999999999166       0.40162789359304818     
   749.59999999999161       -1.4031848894760393     
   750.39999999999156       -2.4073655680819135     
   751.19999999999152       -1.6284349599351422     
   751.99999999999147        8.4388045210259666E-002
   752.79999999999143        1.8078676330883494     
   753.59999999999138        2.3704397395383614     
   754.39999999999134        1.2333196249360161     
   755.19999999999129      -0.57033420977886884     
   755.99999999999125       -2.1349267330271520     
   756.79999999999120       -2.2012383621680875     
   757.59999999999116      -0.79673801325787719     
   758.39999999999111        1.0328637172482129     
   759.19999999999106        2.3378189673991603     
   759.99999999999102        1.9223263844655896     
   760.79999999999097       0.32779741224050363     
   761.59999999999093       -1.4684007050705188     
   762.39999999999088       -2.4102227126403468     
   763.19999999999084       -1.5706352929668332     
   763.99999999999079       0.15992699915005293     
   764.79999999999075        1.8647578472474013     
   765.59999999999070        2.3528630731825908     
   766.39999999999065        1.1686167381152908     
   767.19999999999061      -0.64339114385050067     
   767.99999999999056       -2.1748694223811360     
   768.79999999999052       -2.1644554544806089     
   769.59999999999047      -0.72634708842223894     
   770.39999999999043        1.1016492171596317     
   771.19999999999038        2.3572832971091757     
   771.99999999999034        1.8721446860345359     
   772.79999999999029       0.25349871237293820     
   773.59999999999025       -1.5327787730095912     
   774.39999999999020       -2.4100248679395504     
   775.19999999999015       -1.5116662682318653     
   775.99999999999011       0.23537204061241845     
   776.79999999999006        1.9195959577088195     
   777.59999999999002        2.3320976029581795     
   778.39999999998997        1.1029566570437375     
   779.19999999998993      -0.71578618337676136     
   779.99999999998988       -2.2116706120243372     
   780.79999999998984       -2.1251979267383017     
   781.59999999998979      -0.65522715035998913     
   782.39999999998975        1.1698276404197820     
   783.19999999998970        2.3736946104137617     
   783.99999999998965        1.8203867192984156     
   784.79999999998961       0.17879220345275781     
   785.59999999998956       -1.5961963768487739     
   786.39999999998952       -2.4067357866419385     
   787.19999999998947       -1.4515755210826597     
   787.99999999998943       0.31060813521198893     
   788.79999999998938        1.9721515710106843     
   789.59999999998934        2.3081888799607593     
   790.39999999998929        1.0363623387417928     
   791.19999999998925      -0.78750090513151716     
   791.99999999998920       -2.2452882254452402     
   792.79999999998915       -2.0836244233627852     
   793.59999999998911      -0.58342414947704158     
   794.39999999998906        1.2374001325714024     
   795.19999999998902        2.3870812500004219     
   795.99999999998897        1.7671497900583311     
   796.79999999998893       0.10374719644065267     
   797.59999999998888       -1.6585023927996370     
   798.39999999998884       -2.4003161621821727     
   799.19999999998879       -1.3904044872285954     
