   0.0000000000000000       0.96862907299747136     
  0.80000000000000004        1.1271794964977566     
   1.6000000000000001       0.94340172258351052     
   2.4000000000000004       0.43949042030071450     
   3.2000000000000002      -0.21947794129704923     
   4.0000000000000000      -0.84285667124845187     
   4.7999999999999998       -1.2122701968201384     
   5.5999999999999996       -1.1917030958671251     
   6.3999999999999995      -0.90162157546102339     
   7.1999999999999993      -0.59773171012420945     
   7.9999999999999991      -0.43618419115430507     
   8.7999999999999989      -0.39609154556596166     
   9.5999999999999996      -0.33585831966849905     
   10.400000000000000      -0.10708676925943109     
   11.200000000000001       0.34214959537451839     
   12.000000000000002       0.91079775235091565     
   12.800000000000002        1.3298031157528294     
   13.600000000000003        1.3274463887226824     
   14.400000000000004       0.93841725545475341     
   15.200000000000005       0.43559908800542746     
   16.000000000000004        3.2362333944802812E-002
   16.800000000000004      -0.21814332407177489     
   17.600000000000005      -0.37763513427726803     
   18.400000000000006      -0.54408403676437100     
   19.200000000000006      -0.76839870932825771     
   20.000000000000007      -0.99993787360185471     
   20.800000000000008       -1.1086642910094477     
   21.600000000000009      -0.99627441016670359     
   22.400000000000009      -0.68376907973075118     
   23.200000000000010      -0.26522930110495169     
   24.000000000000011       0.17814972868958862     
   24.800000000000011       0.59103738404613138     
   25.600000000000012       0.90915786718517888     
   26.400000000000013        1.0609429930318441     
   27.200000000000014        1.0276210644597636     
   28.000000000000014       0.87179390347503216     
   28.800000000000015       0.67780765881355698     
   29.600000000000016       0.48060983009366554     
   30.400000000000016       0.25348097026225613     
   31.200000000000017       -5.3205477491117426E-002
   32.000000000000014      -0.45659235513043123     
   32.800000000000011      -0.88965906059932465     
   33.600000000000009       -1.1871684933893856     
   34.400000000000006       -1.1951367040466963     
   35.200000000000003      -0.93668469727979264     
   36.000000000000000      -0.57643742140789023     
   36.799999999999997      -0.24952260490067246     
   37.599999999999994        1.5155039101735213E-002
   38.399999999999991       0.26347189359323825     
   39.199999999999989       0.54613221379065857     
   39.999999999999986       0.85266991106495860     
   40.799999999999983        1.0864300553650499     
   41.599999999999980        1.1268149747057412     
   42.399999999999977       0.94553108094892901     
   43.199999999999974       0.62561124573622728     
   43.999999999999972       0.26563218531206095     
   44.799999999999969       -8.8972428445037777E-002
   45.599999999999966      -0.43376421596436426     
   46.399999999999963      -0.75537882578531523     
   47.199999999999960      -0.99751083028089693     
   47.999999999999957       -1.0853843091238389     
   48.799999999999955      -0.99640787012569454     
   49.599999999999952      -0.78415964284647277     
   50.399999999999949      -0.52040343971997083     
   51.199999999999946      -0.23612765484725329     
   51.999999999999943        8.1143321425608761E-002
   52.799999999999940       0.44625194806445118     
   53.599999999999937       0.82301637215561052     
   54.399999999999935        1.0993962035976010     
   55.199999999999932        1.1532482278396912     
   55.999999999999929       0.97588898750072683     
   56.799999999999926       0.67763915195638291     
   57.599999999999923       0.36955910129810687     
   58.399999999999920        8.6389994970985040E-002
   59.199999999999918      -0.19980586084702007     
   59.999999999999915      -0.52109453303908615     
   60.799999999999912      -0.85339346581156317     
   61.599999999999909       -1.0946894007671542     
   62.399999999999906       -1.1309327039786474     
   63.199999999999903      -0.94923648962844109     
   63.999999999999901      -0.64374937932528886     
   64.799999999999898      -0.31274566481677041     
   65.599999999999895        8.0811655941968041E-003
   66.399999999999892       0.33078058710085345     
   67.199999999999889       0.66104973519791876     
   67.999999999999886       0.95102945018931606     
   68.799999999999883        1.1051259323585625     
   69.599999999999881        1.0595207630703638     
   70.399999999999878       0.84838961863332574     
   71.199999999999875       0.56113069453457143     
   71.999999999999872       0.25834022084379415     
   72.799999999999869       -5.5206607319884915E-002
   73.599999999999866      -0.39727920829624608     
   74.399999999999864      -0.75296437674558403     
   75.199999999999861       -1.0387081309459500     
   75.999999999999858       -1.1398654070939451     
   76.799999999999855       -1.0187316005498332     
   77.599999999999852      -0.75330211754320420     
   78.399999999999849      -0.44897446119507506     
   79.199999999999847      -0.15359345501938049     
   79.999999999999844       0.14649111976974177     
   80.799999999999841       0.47724654977832265     
   81.599999999999838       0.81821518213401845     
   82.399999999999835        1.0751062736545247     
   83.199999999999832        1.1348230914940816     
   83.999999999999829       0.97634661541287460     
   84.799999999999827       0.68807236519618176     
   85.599999999999824       0.37001278792972897     
   86.399999999999821        6.0810084990041813E-002
   87.199999999999818      -0.25388646389379316     
   87.999999999999815      -0.58853486801503352     
   88.799999999999812      -0.90458062354922419     
   89.599999999999810       -1.1023736476272725     
   90.399999999999807       -1.0954639054924118     
   91.199999999999804      -0.89940674779943008     
   91.999999999999801      -0.60824648127899894     
   92.799999999999798      -0.29978689295628336     
   93.599999999999795        9.2566012609670567E-003
   94.399999999999793       0.33794334660731296     
   95.199999999999790       0.68558683429833056     
   95.999999999999787       0.98732295466200437     
   96.799999999999784        1.1313029669551451     
   97.599999999999781        1.0560937846483898     
   98.399999999999778       0.81524471303543056     
   99.199999999999775       0.51286436353730402     
   99.999999999999773       0.21049714940259850     
   100.79999999999977       -9.3549115639087299E-002
   101.59999999999977      -0.42345955410994057     
   102.39999999999976      -0.76761193503194658     
   103.19999999999976       -1.0434370364116965     
   103.99999999999976       -1.1370006198072313     
   104.79999999999976       -1.0106063139069521     
   105.59999999999975      -0.74010253071686161     
   106.39999999999975      -0.42813828628391104     
   107.19999999999975      -0.12203365172354358     
   107.99999999999974       0.18869655750656883     
   108.79999999999974       0.52338585659252745     
   109.59999999999974       0.85403515849274492     
   110.39999999999974        1.0853904308922262     
   111.19999999999973        1.1172987400529890     
   111.99999999999973       0.94528661190454999     
   112.79999999999973       0.65969198693266162     
   113.59999999999972       0.34971769856081097     
   114.39999999999972        4.3321846872057312E-002
   115.19999999999972      -0.27705528085735898     
   115.99999999999972      -0.62047691044136177     
   116.79999999999971      -0.93711838250601143     
   117.59999999999971       -1.1191115480880809     
   118.39999999999971       -1.0862315344722338     
   119.19999999999970      -0.86968528000842404     
   119.99999999999970      -0.57125745990486143     
   120.79999999999970      -0.26498032888911227     
   121.59999999999970        3.9587400614060519E-002
   122.39999999999969       0.36537268345583290     
   123.19999999999969       0.71024326140506133     
   123.99999999999969        1.0046179306499574     
   124.79999999999968        1.1348093649749669     
   125.59999999999968        1.0445195211758449     
   126.39999999999968       0.79330803752463175     
   127.19999999999968       0.48551463873979578     
   127.99999999999967       0.17936127651393680     
   128.79999999999967      -0.12868120013770196     
   129.59999999999968      -0.46063779923009379     
   130.39999999999969      -0.79937438267897687     
   131.19999999999970       -1.0584886799488795     
   131.99999999999972       -1.1296498850299663     
   132.79999999999973      -0.98752481161570904     
   133.59999999999974      -0.71301758980184915     
   134.39999999999975      -0.40321150899708097     
   135.19999999999976       -9.7706717908997376E-002
   135.99999999999977       0.21699762122692273     
   136.79999999999978       0.55667492166603871     
   137.59999999999980       0.88499933389471785     
   138.39999999999981        1.1006275995925128     
   139.19999999999982        1.1090262058105156     
   139.99999999999983       0.91923952444097190     
   140.79999999999984       0.62774721685210810     
   141.59999999999985       0.31933163255842179     
   142.39999999999986        1.4972635575403181E-002
   143.19999999999987      -0.30595440217690240     
   143.99999999999989      -0.64980711612138387     
   144.79999999999990      -0.96035595605881130     
   145.59999999999991       -1.1265851449487683     
   146.39999999999992       -1.0746836029080313     
   147.19999999999993      -0.84532271584114649     
   147.99999999999994      -0.54224842750034186     
   148.79999999999995      -0.23500271191307892     
   149.59999999999997        7.1083846005282947E-002
   150.39999999999998       0.39887194496861539     
   151.19999999999999       0.74153832487557292     
   152.00000000000000        1.0239523976203302     
   152.80000000000001        1.1339752702295891     
   153.60000000000002        1.0257687952016259     
   154.40000000000003       0.76652274465881376     
   155.20000000000005       0.45820520803289450     
   156.00000000000006       0.15239625931247630     
   156.80000000000007      -0.15819600101275189     
   157.60000000000008      -0.49366656835704803     
   158.40000000000009      -0.83015639172067135     
   159.20000000000010       -1.0752968314418803     
   160.00000000000011       -1.1245030668068350     
   160.80000000000013      -0.96465336853054973     
   161.60000000000014      -0.68335931985836040     
   162.40000000000015      -0.37408866597126028     
   163.20000000000016       -6.9673935409786891E-002
   164.00000000000017       0.24660245710462664     
   164.80000000000018       0.58798972121458815     
   165.60000000000019       0.91150721780562582     
   166.40000000000020        1.1115758150286033     
   167.20000000000022        1.0994522328199821     
   168.00000000000023       0.89508907000464943     
   168.80000000000024       0.59855408675051025     
   169.60000000000025       0.29008114483664854     
   170.40000000000026       -1.4770849424587063E-002
   171.20000000000027      -0.33784843272556658     
   172.00000000000028      -0.68150390721961818     
   172.80000000000030      -0.98313603746966982     
   173.60000000000031       -1.1306727375767696     
   174.40000000000032       -1.0592721214050707     
   175.20000000000033      -0.81908299031274168     
   176.00000000000034      -0.51385393978245686     
   176.80000000000035      -0.20706679173534748     
   177.60000000000036       0.10056305639865309     
   178.40000000000038       0.43132175245420029     
   179.20000000000039       0.77273299849109200     
   180.00000000000040        1.0433271101742796     
   180.80000000000041        1.1325996636500004     
   181.60000000000042        1.0058116530968615     
   182.40000000000043       0.73813840094473337     
   183.20000000000044       0.42930267337263539     
   184.00000000000045       0.12431268506861337     
   184.80000000000047      -0.18790798237402240     
   185.60000000000048      -0.52567166511410068     
   186.40000000000049      -0.85876477016598163     
   187.20000000000050       -1.0896145546502281     
   188.00000000000051       -1.1179202429473398     
   188.80000000000052      -0.94189214788119469     
   189.60000000000053      -0.65444038208761179     
   190.40000000000055      -0.34512925069530725     
   191.20000000000056       -4.0758261565209453E-002
   192.00000000000057       0.27763841964985753     
   192.80000000000058       0.62009178931443376     
   193.60000000000059       0.93701481054161051     
   194.40000000000060        1.1198803751655206     
   195.20000000000061        1.0872915080246757     
   196.00000000000063       0.86986269359575497     
   196.80000000000064       0.56975669923545191     
   197.60000000000065       0.26175948962827966     
   198.40000000000066       -4.3910734016036845E-002
   199.20000000000067      -0.36970039089770929     
   200.00000000000068      -0.71322595556735613     
   200.80000000000069       -1.0052200701319380     
   201.60000000000070       -1.1332256130534837     
   202.40000000000072       -1.0422441211465467     
   203.20000000000073      -0.79175171483805484     
   204.00000000000074      -0.48489781134035392     
   204.80000000000075      -0.17887654597810537     
   205.60000000000076       0.13007144962773159     
   206.40000000000077       0.46339463603434317     
   207.20000000000078       0.80281749764921906     
   208.00000000000080        1.0608888291496481     
   208.80000000000081        1.1295252453055262     
   209.60000000000082       0.98507234759448292     
   210.40000000000083       0.70971505560171511     
   211.20000000000084       0.40038189922998413     
   212.00000000000085        9.5780509205005027E-002
   212.80000000000086      -0.21833757257734160     
   213.60000000000088      -0.55796292890756671     
   214.40000000000089      -0.88642527278031014     
   215.20000000000090       -1.1017608256419229     
   216.00000000000091       -1.1091793930505136     
   216.80000000000092      -0.91813586268794189     
   217.60000000000093      -0.62562626168262148     
   218.40000000000094      -0.31659357605341465     
   219.20000000000095       -1.1956626311710461E-002
   220.00000000000097       0.30891534756008948     
   220.80000000000098       0.65222712526032667     
   221.60000000000099       0.96161029442536305     
   222.40000000000100        1.1263461233031211     
   223.20000000000101        1.0733631151705856     
   224.00000000000102       0.84370449729036134     
   224.80000000000103       0.54074533268747016     
   225.60000000000105       0.23344899551017595     
   226.40000000000106       -7.3104477746997631E-002
   227.20000000000107      -0.40153163170989081     
   228.00000000000108      -0.74435835237613590     
   228.80000000000109       -1.0258079216222629     
   229.60000000000110       -1.1339087323557446     
   230.40000000000111       -1.0239643055283310     
   231.20000000000113      -0.76403554689849407     
   232.00000000000114      -0.45591500188110523     
   232.80000000000115      -0.15050044797684980     
   233.60000000000116       0.15998767597559099     
   234.40000000000117       0.49564504606357573     
   235.20000000000118       0.83215315519778743     
   236.00000000000119        1.0765899895869400     
   236.80000000000121        1.1244046620331669     
   237.60000000000122       0.96320423396158139     
   238.40000000000123       0.68115993453719625     
   239.20000000000124       0.37167126452737514     
   240.00000000000125        6.7230935210513987E-002
   240.80000000000126      -0.24906086795347326     
   241.60000000000127      -0.59031447829292572     
   242.40000000000128      -0.91320279577705388     
   243.20000000000130       -1.1120353858783258     
   244.00000000000131       -1.0985762607964191     
   244.80000000000132      -0.89341543901127229     
   245.60000000000133      -0.59666311035166530     
   246.40000000000134      -0.28814257754372063     
   247.20000000000135        1.6922802624985245E-002
   248.00000000000136       0.34034596134857797     
   248.80000000000138       0.68405933119135087     
   249.60000000000139       0.98492737818175957     
   250.40000000000140        1.1308762607739533     
   251.20000000000141        1.0579041525237065     
   252.00000000000142       0.81694831499441478     
   252.80000000000143       0.51170128149511873     
   253.60000000000144       0.20509583826802552     
   254.40000000000146      -0.10256583747839959     
   255.20000000000147      -0.43355320245162865     
   256.00000000000148      -0.77495350001252539     
   256.80000000000149       -1.0447732914690853     
   257.60000000000150       -1.1325631670747649     
   258.40000000000151       -1.0043723097147645     
   259.20000000000152      -0.73599368504717111     
   260.00000000000153      -0.42704605349819469     
   260.80000000000155      -0.12210102920039811     
   261.60000000000156       0.19018299809609401     
   262.40000000000157       0.52800625509548338     
   263.20000000000158       0.86073835967541501     
   264.00000000000159        1.0905003955173358     
   264.80000000000160        1.1173456522804108     
   265.60000000000161       0.94024787008055810     
   266.40000000000163       0.65240351290672360     
   267.20000000000164       0.34305920106691684     
   268.00000000000165        3.8609807110579542E-002
   268.80000000000166      -0.28001244701248645     
   269.60000000000167      -0.62254598919923687     
   270.40000000000168      -0.93890034414175949     
   271.20000000000169       -1.1203897563352210     
   272.00000000000171       -1.0862545915225734     
   272.80000000000172      -0.86791470131483162     
   273.60000000000173      -0.56762846587567706     
   274.40000000000174      -0.25972425591847470     
   275.20000000000175        4.5992734933271551E-002
   276.00000000000176       0.37200238074202141     
   276.80000000000177       0.71554441325910978     
   277.60000000000178        1.0068347478534880     
   278.40000000000180        1.1333888399353160     
   279.20000000000181        1.0409510012729470     
   280.00000000000182       0.78968926905174586     
   280.80000000000183       0.48270967275403970     
   281.60000000000184       0.17674988176261142     
   282.40000000000185      -0.13227213084561107     
   283.20000000000186      -0.46574168826408879     
   284.00000000000188      -0.80496599789347023     
   284.80000000000189       -1.0620841828356178     
   285.60000000000190       -1.1292247730163980     
   286.40000000000191      -0.98353030862049140     
   287.20000000000192      -0.70764474697224899     
   288.00000000000193      -0.39826632176246130     
   288.80000000000194       -9.3657602821036579E-002
   289.60000000000196       0.22062787751632207     
   290.40000000000197       0.56037847293798115     
   291.20000000000198       0.88844032507631843     
   292.00000000000199        1.1025656493085332     
   292.80000000000200        1.1084331599341160     
   293.60000000000201       0.91633039568323627     
   294.40000000000202       0.62350315025083125     
   295.20000000000203       0.31451672418895743     
   296.00000000000205        9.8548802657663082E-003
   296.80000000000206      -0.31121606544433628     
   297.60000000000207      -0.65459308959697293     
   298.40000000000208      -0.96339508092573967     
   299.20000000000209       -1.1267636549630156     
   300.00000000000210       -1.0722745875519353     
   300.80000000000211      -0.84173491767348962     
   301.60000000000213      -0.53858421396676692     
   302.40000000000214      -0.23134769604053690     
   303.20000000000215        7.5266003464836806E-002
   304.00000000000216       0.40387358390851280     
   304.80000000000217       0.74661813039147296     
   305.60000000000218        1.0272557026444140     
   306.40000000000219        1.1338848930052625     
   307.20000000000221        1.0225767448020433     
   308.00000000000222       0.76198753381628848     
   308.80000000000223       0.45378113187786973     
   309.60000000000224       0.14839638980212400     
   310.40000000000225      -0.16221953071174805     
   311.20000000000226      -0.49803910718530198     
   312.00000000000227      -0.83428901978560321     
   312.80000000000229       -1.0776694120291421     
   313.60000000000230       -1.1239396757299918     
   314.40000000000231      -0.96154385466053893     
   315.20000000000232      -0.67905066777340872     
   316.00000000000233      -0.36956762397060194     
   316.80000000000234       -6.5131008793476497E-002
   317.60000000000235       0.25133399493915365     
   318.40000000000236       0.59270189146592556     
   319.20000000000238       0.91514501312352703     
   320.00000000000239        1.1127231932039794     
   320.80000000000240        1.0977235450751794     
   321.60000000000241       0.89155295081096009     
   322.40000000000242       0.59451638935507778     
   323.20000000000243       0.28604273644167866     
   324.00000000000244       -1.9057465724142852E-002
   324.80000000000246      -0.34266716347391529     
   325.60000000000247      -0.68638871508853905     
   326.40000000000248      -0.98659110981207920     
   327.20000000000249       -1.1311341912651889     
   328.00000000000250       -1.0567089964105922     
   328.80000000000251      -0.81495653970616222     
   329.60000000000252      -0.50955897601752465     
   330.40000000000254      -0.20299991303801218     
   331.20000000000255       0.10475402172554843     
   332.00000000000256       0.43592533707792519     
   332.80000000000257       0.77718750191050123     
   333.60000000000258        1.0461038814054204     
   334.40000000000259        1.1323812280835452     
   335.20000000000260        1.0028762066005039     
   336.00000000000261       0.73391512458735753     
   336.80000000000263       0.42492389764813626     
   337.60000000000264       0.12000717800707383     
   338.40000000000265      -0.19242047168262333     
   339.20000000000266      -0.53039728035508515     
   340.00000000000267      -0.86281666987251915     
   340.80000000000268       -1.0914557167845231     
   341.60000000000269       -1.1167495382497026     
   342.40000000000271      -0.93851230411226916     
   343.20000000000272      -0.65027365591412445     
   344.00000000000273      -0.34095119584069328     
   344.80000000000274       -3.6495333053105594E-002
   345.60000000000275       0.28230301566758986     
   346.40000000000276       0.62491520499145792     
   347.20000000000277       0.94074955460929444     
   348.00000000000279        1.1209296992311311     
   348.80000000000280        1.0852810259988168     
   349.60000000000281       0.86600619236179011     
   350.40000000000282       0.56548469955183012     
   351.20000000000283       0.25762761188822125     
   352.00000000000284       -4.8146863724010724E-002
   352.80000000000285      -0.37434708523059623     
   353.60000000000286      -0.71785096507820656     
   354.40000000000288       -1.0083914418993225     
   355.20000000000289       -1.1334931632982530     
   356.00000000000290       -1.0396433114861456     
   356.80000000000291      -0.78766131410987295     
   357.60000000000292      -0.48057473098571352     
   358.40000000000293      -0.17465942739617085     
   359.20000000000294       0.13447343032218534     
   360.00000000000296       0.46812231647664354     
   360.80000000000297       0.80715514378590236     
   361.60000000000298        1.0632940874441932     
   362.40000000000299        1.1289002164547774     
   363.20000000000300       0.98194519084009801     
   364.00000000000301       0.70554238361129373     
   364.80000000000302       0.39614671098871795     
   365.60000000000304        9.1557312900005239E-002
   366.40000000000305      -0.22288302004764809     
   367.20000000000306      -0.56276474664334541     
   368.00000000000307      -0.89044584978793939     
   368.80000000000308       -1.1033815002520790     
   369.60000000000309       -1.1077044336614632     
   370.40000000000310      -0.91453086068108602     
   371.20000000000312      -0.62136663267810710     
   372.00000000000313      -0.31241317741606039     
   372.80000000000314       -7.7271249223095917E-003
   373.60000000000315       0.31352793130831724     
   374.40000000000316       0.65694768901318468     
   375.20000000000317       0.96515117203727385     
   376.00000000000318        1.1271543925286274     
   376.80000000000319        1.0711797496934348     
   377.60000000000321       0.83977949497514226     
   378.40000000000322       0.53644254366143751     
   379.20000000000323       0.22925582949690460     
   380.00000000000324       -7.7434096899811067E-002
   380.80000000000325      -0.40623277619033049     
   381.60000000000326      -0.74889200511916254     
   382.40000000000327       -1.0287009356574004     
   383.20000000000329       -1.1338417229078681     
   384.00000000000330       -1.0211672095004507     
   384.80000000000331      -0.75992830264949318     
   385.60000000000332      -0.45165000043620529     
   386.40000000000333      -0.14630407347249752     
   387.20000000000334       0.16443827135165978     
   388.00000000000335       0.50042452349597011     
   388.80000000000337       0.83642207077845576     
   389.60000000000338        1.0787490017486578     
   390.40000000000339        1.1234739954227604     
   391.20000000000340       0.95987930370541807     
   392.00000000000341       0.67693310503837056     
   392.80000000000342       0.36745353607316905     
   393.60000000000343        6.3022457680054045E-002
   394.40000000000344      -0.25360954694174337     
   395.20000000000346      -0.59508259090268867     
   396.00000000000347      -0.91707245266499260     
   396.80000000000348       -1.1133956159092366     
   397.60000000000349       -1.0968641553979237     
   398.40000000000350      -0.88969378241269248     
   399.20000000000351      -0.59237595431943835     
   400.00000000000352      -0.28394469804321587     
   400.80000000000354        2.1197230299675351E-002
   401.60000000000355       0.34499680601622668     
   402.40000000000356       0.68872221413939516     
   403.20000000000357       0.98824813315044291     
   404.00000000000358        1.1313768285316557     
   404.80000000000359        1.0555001158742763     
   405.60000000000360       0.81295965053871666     
   406.40000000000362       0.50741929172886580     
   407.20000000000363       0.20090943724106058     
   408.00000000000364      -0.10693818162847873     
   408.80000000000365      -0.43829595849587794     
   409.60000000000366      -0.77942003229826606     
   410.40000000000367       -1.0474297459733664     
   411.20000000000368       -1.1321917140200046     
   412.00000000000369       -1.0013729635937250     
   412.80000000000371      -0.73183142367045195     
   413.60000000000372      -0.42279812171391928     
   414.40000000000373      -0.11791080209492177     
   415.20000000000374       0.19465861441680310     
   416.00000000000375       0.53278526078001365     
   416.80000000000376       0.86488673388536386     
   417.60000000000377        1.0923997152157798     
   418.40000000000379        1.1161450509084982     
   419.20000000000380       0.93677458484814613     
   420.00000000000381       0.64814507925596132     
   420.80000000000382       0.33884334013647721     
   421.60000000000383        3.4377868225536123E-002
   422.40000000000384      -0.28459790065525603     
   423.20000000000385      -0.62728533126825536     
   424.00000000000387      -0.94259196325115568     
   424.80000000000388       -1.1214568456596576     
   425.60000000000389       -1.0842964647028506     
   426.40000000000390      -0.86409363131794059     
   427.20000000000391      -0.56334230470521107     
   428.00000000000392      -0.25553343563973741     
   428.80000000000393        5.0300319604863142E-002
   429.60000000000394       0.37669255684040831     
   430.40000000000396       0.72015636834492380     
   431.20000000000397        1.0099417661814007     
   432.00000000000398        1.1335874906833536     
   432.80000000000399        1.0383273882471793     
   433.60000000000400       0.78562945142629714     
   434.40000000000401       0.47843872275339544     
   435.20000000000402       0.17256846475917825     
   436.00000000000404      -0.13667534797655267     
   436.80000000000405      -0.47050211797238650     
   437.60000000000406      -0.80933928105184894     
   438.40000000000407       -1.0644943665321089     
   439.20000000000408       -1.1285659537552661     
   440.00000000000409      -0.98035503439913663     
   440.80000000000410      -0.70343924534123481     
   441.60000000000412      -0.39402713424573726     
   442.40000000000413       -8.9455494270294700E-002
   443.20000000000414       0.22514069557600935     
   444.00000000000415       0.56515126959585238     
   444.80000000000416       0.89244558480699476     
   445.60000000000417        1.1041860818604088     
   446.40000000000418        1.1069652894360920     
   447.20000000000420       0.91272674785367669     
   448.00000000000421       0.61923036494580863     
   448.80000000000422       0.31031085895537147     
   449.60000000000423        5.5990260588496543E-003
   450.40000000000424      -0.31584121496903378     
   451.20000000000425      -0.65930147759636959     
   452.00000000000426      -0.96690082994789905     
   452.80000000000427       -1.1275344646398195     
   453.60000000000429       -1.0700759694696851     
   454.40000000000430      -0.83782022881422857     
   455.20000000000431      -0.53430054678663574     
   456.00000000000432      -0.22716411207328185     
   456.80000000000433        7.9602948482802860E-002
   457.60000000000434       0.40859235484793971     
   458.40000000000435       0.75116269945539027     
   459.20000000000437        1.0301376116525904     
   460.00000000000438        1.1337880787345005     
   460.80000000000439        1.0197509020660425     
   461.60000000000440       0.75786717929191616     
   462.40000000000441       0.44951899460229017     
   463.20000000000442       0.14421109920389807     
   464.00000000000443      -0.16665877900345172     
   464.80000000000445      -0.50281035926752971     
   465.60000000000446      -0.83855054085161917     
   466.40000000000447       -1.0798184208646331     
   467.20000000000448       -1.1229977658051347     
   468.00000000000449      -0.95820920995358883     
   468.80000000000450      -0.67481488249905142     
   469.60000000000451      -0.36534019886434460     
   470.40000000000452       -6.0913422914595616E-002
   471.20000000000454       0.25588664677575973     
   472.00000000000455       0.59746293878112411     
   472.80000000000456       0.91899410676029292     
   473.60000000000457        1.1140574408673525     
   474.40000000000458        1.0959951822129599     
   475.20000000000459       0.88783022901620168     
   476.00000000000460       0.59023517355536603     
   476.80000000000462       0.28184704335433153     
   477.60000000000463       -2.3337761227184783E-002
   478.40000000000464      -0.34732746226350897     
   479.20000000000465      -0.69105375196350938     
   480.00000000000466      -0.98989758196454525     
   480.80000000000467       -1.1316086867439898     
   481.60000000000468       -1.0542832398773709     
   482.40000000000470      -0.81095997445705847     
   483.20000000000471      -0.50527970295729285     
   484.00000000000472      -0.19881881566699106     
   484.80000000000473       0.10912372538062803     
   485.60000000000474       0.44066735498397891     
   486.40000000000475       0.78164913818219239     
   487.20000000000476        1.0487464179221826     
   488.00000000000477        1.1319913966874071     
   488.80000000000479       0.99986313165752139     
   489.60000000000480       0.72974624481729999     
   490.40000000000481       0.42067288260713065     
   491.20000000000482       0.11581409726173425     
   492.00000000000483      -0.19689826076999800     
   492.80000000000484      -0.53517338784186952     
   493.60000000000485      -0.86695194830975131     
   494.40000000000487       -1.0933335539843958     
   495.20000000000488       -1.1155304050371520     
   496.00000000000489      -0.93503165108295949     
   496.80000000000490      -0.64601579463051129     
   497.60000000000491      -0.33673596010287854     
   498.40000000000492       -3.2259762936976077E-002
   499.20000000000493       0.28689409654466652     
   500.00000000000495       0.62965442085779511     
   500.80000000000496       0.94442782443306461     
   501.60000000000497        1.1219732625148222     
   502.40000000000498        1.0833029450473972     
   503.20000000000499       0.86217738675832289     
   504.00000000000500       0.56119980559483384     
   504.80000000000501       0.25343942562773558     
   505.60000000000502       -5.2454890716206903E-002
   506.40000000000504      -0.37903912193278166     
   507.20000000000505      -0.72245939276046200     
   508.00000000000506       -1.0114838895137868     
   508.80000000000507       -1.1336708679249639     
   509.60000000000508       -1.0370038610609331     
   510.40000000000509      -0.78359528785634591     
   511.20000000000510      -0.47630307400906496     
   512.00000000000512      -0.17047740279777607     
   512.80000000000507       0.13887864692756619     
   513.60000000000502       0.47288252297579625     
   514.40000000000498       0.81151958997971119     
   515.20000000000493        1.0656851572931842     
   516.00000000000489        1.1282210808577964     
   516.80000000000484       0.97875871282366678     
   517.60000000000480       0.70133484727048245     
   518.40000000000475       0.39190804419051606     
   519.20000000000471        8.7353239720779907E-002
   520.00000000000466      -0.22739978402973643     
   520.80000000000462      -0.56753749882701743     
   521.60000000000457      -0.89443984362925577     
   522.40000000000452       -1.1049802642511379     
   523.20000000000448       -1.1062164082466603     
   524.00000000000443      -0.91091800339536588     
   524.80000000000439      -0.61709363598880018     
   525.60000000000434      -0.30820889508292504     
   526.40000000000430       -3.4700631803859516E-003
   527.20000000000425       0.31815580919393688     
   528.00000000000421       0.66165381007262747     
   528.80000000000416       0.96864333013833237     
   529.60000000000412        1.1279036315797770     
   530.40000000000407        1.0689636478959734     
   531.20000000000402       0.83585778801284505     
   532.00000000000398       0.53215867159885399     
   532.80000000000393       0.22507251718041982     
   533.60000000000389       -8.1773006258948677E-002
   534.40000000000384      -0.41095290606402135     
   535.20000000000380      -0.75343057180564665     
   536.00000000000375       -1.0315656401431292     
   536.80000000000371       -1.1337235466302074     
   537.60000000000366       -1.0183274498450834     
   538.40000000000362      -0.75580411047750840     
   539.20000000000357      -0.44738840429851157     
   540.00000000000352      -0.14211792300472115     
   540.80000000000348       0.16888067502029847     
   541.60000000000343       0.50519649917123410     
   542.40000000000339       0.84067461489255058     
   543.20000000000334        1.0808780015787285     
   544.00000000000330        1.1225111981792435     
   544.80000000000325       0.95653349446743774     
   545.60000000000321       0.67269570177520421     
   546.40000000000316       0.36322730766112798     
   547.20000000000312        5.8803782091183865E-002
   548.00000000000307      -0.25816516437206888     
   548.80000000000302      -0.59984262633801877     
   549.60000000000298      -0.92090968898867487     
   550.40000000000293       -1.1147086218168987     
   551.20000000000289       -1.0951168414672101     
   552.00000000000284      -0.88596256668869400     
   552.80000000000280      -0.58809417690627230     
   553.60000000000275      -0.27974969061644450     
   554.40000000000271        2.5479281696287992E-002
   555.20000000000266       0.34965935315973379     
   556.00000000000261       0.69338340621651740     
   556.80000000000257       0.99153934909618213     
   557.60000000000252        1.1318295852605775     
   558.40000000000248        1.0530582699670767     
   559.20000000000243       0.80895755812804226     
   560.00000000000239       0.50314036261292827     
   560.80000000000234       0.19672822052241434     
   561.60000000000230      -0.11131054345474167     
   562.40000000000225      -0.44303951958018373     
   563.20000000000221      -0.78387489789041820     
   564.00000000000216       -1.0500540014870672     
   564.80000000000211       -1.1317803338978774     
   565.60000000000207      -0.99834667489689988     
   566.40000000000202      -0.72765948420484439     
   567.20000000000198      -0.41854808664709026     
   568.00000000000193      -0.11371704677283639     
   568.80000000000189       0.19913933151824681     
   569.60000000000184       0.53756152033140892     
   570.40000000000180       0.86901219075252967     
   571.20000000000175        1.0942572223352782     
   572.00000000000171        1.1149057089987444     
   572.80000000000166       0.93328362549992938     
   573.60000000000161       0.64388584221514078     
   574.40000000000157       0.33462899924664075     
   575.20000000000152        3.0140914175951328E-002
   576.00000000000148      -0.28919167998655865     
   576.80000000000143      -0.63202246723968580     
   577.60000000000139      -0.94625705326678133     
   578.40000000000134       -1.1224788679085909     
   579.20000000000130       -1.0823004593610477     
   580.00000000000125      -0.86025751683056018     
   580.80000000000121      -0.55905727980198372     
   581.60000000000116      -0.25134563966464285     
   582.40000000000111        5.4610556666832288E-002
   583.20000000000107       0.38138679106925505     
   584.00000000000102       0.72476005673613830     
   584.80000000000098        1.0130178237909631     
   585.60000000000093        1.1337433041478455     
   586.40000000000089        1.0356727285527461     
   587.20000000000084       0.78155880440876357     
   588.00000000000080       0.47416776475550410     
   588.80000000000075       0.16838624412692732     
   589.60000000000070      -0.14108329068034720     
   590.40000000000066      -0.47526346744102099     
   591.20000000000061      -0.81369600666508357     
   592.00000000000057       -1.0668664442922351     
   592.80000000000052       -1.1278656496731274     
   593.60000000000048      -0.97715629225750888     
   594.40000000000043      -0.69922921184932030     
   595.20000000000039      -0.38978941276395485     
   596.00000000000034       -8.5250502088805191E-002
   596.80000000000030       0.22966031074192916     
   597.60000000000025       0.56992340945413633     
   598.40000000000020       0.89642856142052940     
   599.20000000000016        1.1057640019581036     
   600.00000000000011        1.1054578068164984     
   600.80000000000007       0.90910467967513742     
   601.60000000000002       0.61495648978908846     
   602.39999999999998       0.30610730235604061     
   603.19999999999993        1.3402306749277781E-003
   603.99999999999989      -0.32047172259264090     
   604.79999999999984      -0.66400467750107595     
   605.59999999999980      -0.97037864861902778     
   606.39999999999975       -1.1282618853520365     
   607.19999999999970       -1.0678428010817511     
   607.99999999999966      -0.83389218895217376     
   608.79999999999961      -0.53001692331751893     
   609.59999999999957      -0.22298104682056208     
   610.39999999999952        8.3944258723216869E-002
   611.19999999999948       0.41331440025580529     
   611.99999999999943       0.75569557895231476     
   612.79999999999939        1.0329849951457972     
   613.59999999999934        1.1336481486151460     
   614.39999999999930        1.0168968985426718     
   615.19999999999925       0.75373912030788692     
   615.99999999999920       0.44525822048733799     
   616.79999999999916       0.14002452165920842     
   617.59999999999911      -0.17110396931970623     
   618.39999999999907      -0.50758291949212753     
   619.19999999999902      -0.84279424090128852     
   619.99999999999898       -1.0819277085469212     
   620.79999999999893       -1.1220143108215221     
   621.59999999999889      -0.95485220351124411     
   622.39999999999884      -0.67057559492125174     
   623.19999999999879      -0.36111486693472628     
   623.99999999999875       -5.6693523740747931E-002
   624.79999999999870       0.26044510553208272     
   625.59999999999866       0.60222163506105764     
   626.39999999999861       0.92281916232310124     
   627.19999999999857        1.1153491419688730     
   627.99999999999852        1.0942291547292131     
   628.79999999999848       0.88409082625324342     
   629.59999999999843       0.58595297928367063     
   630.39999999999839       0.27765263958393804     
   631.19999999999834       -2.7621792809812029E-002
   631.99999999999829      -0.35199246498946968     
   632.79999999999825      -0.69571114213114560     
   633.59999999999820      -0.99317340034791224     
   634.39999999999816       -1.1320395285027973     
   635.19999999999811       -1.0518252433747024     
   635.99999999999807      -0.80695243079132850     
   636.79999999999802      -0.50100127337018752     
   637.59999999999798      -0.19463763872825068     
   638.39999999999793       0.11349864285845335     
   639.19999999999789       0.44541243426577282     
   639.99999999999784       0.78609726747727326     
   640.79999999999779        1.0513524615658063     
   641.59999999999775        1.1315585379592750     
   642.39999999999770       0.99682363519553152     
   643.19999999999766       0.72557117170051943     
   643.99999999999761       0.41642373713707798     
   644.79999999999757       0.11161963905301814     
   645.59999999999752      -0.20138183180805996     
   646.39999999999748      -0.53994963871938295     
   647.19999999999743      -0.87106742045938024     
   647.99999999999739       -1.0951706966520627     
   648.79999999999734       -1.1142709828591482     
   649.59999999999729      -0.93153054461275253     
   650.39999999999725      -0.64175524225026892     
   651.19999999999720      -0.33252245708693445     
   651.99999999999716       -2.8021315107326195E-002
   652.79999999999711       0.29149064543833414     
   653.59999999999707       0.63438944079371717     
   654.39999999999702       0.94807961068023960     
   655.19999999999698        1.1229736541139483     
   655.99999999999693        1.0812890393827019     
   656.79999999999688       0.85833405526334261     
   657.59999999999684       0.55691473775515432     
   658.39999999999679       0.24925206957797380     
   659.19999999999675       -5.6767325182326855E-002
   659.99999999999670      -0.38373555217722766     
   660.79999999999666      -0.72705832214013821     
   661.59999999999661       -1.0145435313041524     
   662.39999999999657       -1.1338048033460941     
   663.19999999999652       -1.0343340289560534     
   663.99999999999648      -0.77952003255284974     
   664.79999999999643      -0.47203280102261463     
   665.59999999999638      -0.16629497856551817     
   666.39999999999634       0.14328928525553403     
   667.19999999999629       0.47764493454178342     
   667.99999999999625       0.81586849067958145     
   668.79999999999620        1.0680381978586639     
   669.59999999999616        1.1274996749629194     
   670.39999999999611       0.97554781093152387     
   671.19999999999607       0.69712236361233826     
   671.99999999999602       0.38767124120622398     
   672.79999999999598        8.3147272360371116E-002
   673.59999999999593      -0.23192227517223074     
   674.39999999999588      -0.57230897646808088     
   675.19999999999584      -0.89841169703900758     
   675.99999999999579       -1.1065372777208133     
   676.79999999999575       -1.1046895112950166     
   677.59999999999570      -0.90728681344658546     
   678.39999999999566      -0.61281894268088033     
   679.19999999999561      -0.30400607594057344     
   679.99999999999557        7.9048041809465230E-004
   680.79999999999552       0.32278894832353178     
   681.59999999999548       0.66635404678960652     
   682.39999999999543       0.97210674508446304     
   683.19999999999538        1.1286092210861378     
   683.99999999999534        1.0667134632956408     
   684.79999999999529       0.83192346574610621     
   685.59999999999525       0.52787531204634985     
   686.39999999999520       0.22088969270383757     
   687.19999999999516       -8.6116713337488437E-002
   687.99999999999511      -0.41567682468824230     
   688.79999999999507      -0.75795768280502629     
   689.59999999999502       -1.0343956418456937     
   690.39999999999498       -1.1335618921256303     
   691.19999999999493       -1.0154592858539804     
   691.99999999999488      -0.75167223731268917     
   692.79999999999484      -0.44312844745448676     
   693.59999999999479      -0.13793088585611324     
   694.39999999999475       0.17332866492903221     
   695.19999999999470       0.50996959994257551     
   695.99999999999466       0.84490937782430464     
   696.79999999999461        1.0829675166172956     
   697.59999999999457        1.1215071233239997     
   698.39999999999452       0.95316537533726475     
   699.19999999999447       0.66845458333481855     
   699.99999999999443       0.35900287504345485     
   700.79999999999438        5.4582638130685979E-002
   701.59999999999434      -0.26272646784438825     
   702.39999999999429      -0.60459993677112167     
   703.19999999999425      -0.92472248495157860     
   703.99999999999420       -1.1159789877959898     
   704.79999999999416       -1.0933321513795469     
   705.59999999999411      -0.88221504425380193     
   706.39999999999407      -0.58381159530819082     
   707.19999999999402      -0.27555588424568600     
   707.99999999999397        2.9765303384344355E-002
   708.79999999999393       0.35432678941380558     
   709.59999999999388       0.69803692511406856     
   710.39999999999384       0.99479969699685156     
   711.19999999999379        1.1322385156170034     
   711.99999999999375        1.0505841955634212     
   712.79999999999370       0.80494462462499361     
   713.59999999999366       0.49886244336301533     
   714.39999999999361       0.19254706179122844     
   715.19999999999357      -0.11568802935356615     
   715.99999999999352      -0.44778608357037503     
   716.79999999999347      -0.78831620761414412     
   717.59999999999343       -1.0526417665491323     
   718.39999999999338       -1.1313260208924907     
   719.19999999999334      -0.99529405080936528     
   719.99999999999329      -0.72348133328343844     
   720.79999999999325      -0.41429983595523157     
   721.59999999999320      -0.10952186430419997     
   722.39999999999316       0.20362576293754131     
   723.19999999999311       0.54233771980437528     
   723.99999999999307       0.87311759552163570     
   724.79999999999302        1.0960739554141412     
   725.59999999999297        1.1136262499580569     
   726.39999999999293       0.92977244657738345     
   727.19999999999288       0.63962401397281354     
   727.99999999999284       0.33041633034828644     
   728.79999999999279        2.5900956008714615E-002
   729.59999999999275      -0.29379098876211934     
   730.39999999999270      -0.63675531115327699     
   731.19999999999266      -0.94989545550640320     
   731.99999999999261       -1.1234576117433384     
   732.79999999999256       -1.0802687168150984     
   733.59999999999252      -0.85640703729077083     
   734.39999999999247      -0.55477219188634486     
   735.19999999999243      -0.24715870848259186     
   735.99999999999238        5.8925204086123395E-002
   736.79999999999234       0.38608539451560286     
   737.59999999999229       0.72935415259063030     
   738.39999999999225        1.0160609754716290     
   739.19999999999220        1.1338553692360687     
   739.99999999999216        1.0329877990440557     
   740.79999999999211       0.77747900239412249     
   741.59999999999206       0.46989818861904625     
   742.39999999999202       0.16420359696616210     
   743.19999999999197      -0.14549663500794269     
   743.99999999999193      -0.48002690608944321     
   744.79999999999188      -0.81803700140629920     
   745.59999999999184       -1.0692003894896995     
   746.39999999999179       -1.1271231729141626     
   747.19999999999175      -0.97393330748027040     
   747.99999999999170      -0.69501432632954963     
   748.79999999999166      -0.38555352948136451     
   749.59999999999161       -8.1043540521769264E-002
   750.39999999999156       0.23418567696599152     
   751.19999999999152       0.57469417418530522     
   751.99999999999147       0.90038920841795034     
   752.79999999999143        1.1073000739276422     
   753.59999999999138        1.1039115481822395     
   754.39999999999134       0.90546444214275024     
   755.19999999999129       0.61068101160613431     
   755.99999999999125       0.30190521122439468     
   756.79999999999120       -2.9220793158463709E-003
   757.59999999999116      -0.32510748009913132     
   758.39999999999111      -0.66870188538716047     
   759.19999999999106      -0.97382757955887045     
   759.99999999999102       -1.1289456338745836     
   760.79999999999097       -1.0655756683362201     
   761.59999999999093      -0.82995165203304400     
   762.39999999999088      -0.52573384786246136     
   763.19999999999084      -0.21879844700502049     
   763.99999999999079        8.8290376880862553E-002
   764.79999999999075       0.41804016609381628     
   765.59999999999070       0.76021684524667754     
   766.39999999999065        1.0357975460441025     
   767.19999999999061        1.1334647853174060     
   767.99999999999056        1.0140146495802886     
   768.79999999999052       0.74960348954578415     
   769.59999999999047       0.44099908888588490     
   770.39999999999043       0.13583700595185066     
   771.19999999999038      -0.17555476476378201     
   771.99999999999034      -0.51235651976175833     
   772.79999999999029      -0.84701998418325963     
   773.59999999999025       -1.0839974007100408     
   774.39999999999020       -1.1209896556757526     
   775.19999999999015      -0.95147304849526892     
   775.99999999999011      -0.66633268850054606     
   776.79999999999006      -0.35689133025987191     
   777.59999999999002       -5.2471115345267438E-002
   778.39999999998997       0.26500924906077916     
   779.19999999998993       0.60697750335148737     
   779.99999999998988       0.92661961512501134     
   780.79999999998984        1.1165981459006886     
   781.59999999998979        1.0924258607682529     
   782.39999999998975       0.88033525706417393     
   783.19999999998970       0.58167003954072549     
   783.99999999998965       0.27345941873509794     
   784.79999999998961       -3.1909821968406693E-002
   785.59999999998956      -0.35666231783946800     
   786.39999999998952      -0.70036072051007636     
   787.19999999998947      -0.99641820063299003     
   787.99999999998943       -1.1324265462120020     
   788.79999999998938       -1.0493351620872076     
   789.59999999998934      -0.80293417152257107     
   790.39999999998929      -0.49672388039781440     
   791.19999999998925      -0.19045648108900942     
   791.99999999998920       0.11787870856291177     
   792.79999999998915       0.45016045169669477     
   793.59999999998911       0.79053167873423136     
   794.39999999998906        1.0539218849980272     
   795.19999999998902        1.1310827951010132     
   795.99999999998897       0.99375796015213747     
   796.79999999998893       0.72138999484621258     
   797.59999999998888       0.41217638481714053     
   798.39999999998884       0.10742371261333028     
   799.19999999998879      -0.20587112620161069     
