   0.0000000000000000       0.50442017689039331     
  0.80000000000000004       0.78291856902502599     
   1.6000000000000001        1.0382047185779641     
   2.4000000000000004        1.0176555994338712     
   3.2000000000000002       0.66872359894209366     
   4.0000000000000000       0.14260843791499123     
   4.7999999999999998      -0.36593069410156143     
   5.5999999999999996      -0.70411329451985472     
   6.3999999999999995      -0.80099685297208978     
   7.1999999999999993      -0.71824220384188187     
   7.9999999999999991      -0.61481666107509336     
   8.7999999999999989      -0.62965946903715619     
   9.5999999999999996      -0.78933378781844976     
   10.400000000000000      -0.99046941369768038     
   11.200000000000001       -1.0691065559923054     
   12.000000000000002      -0.93422584067678627     
   12.800000000000002      -0.63747895097431728     
   13.600000000000003      -0.30100630951313334     
   14.400000000000004       -1.8275111368747377E-002
   15.200000000000005       0.18144367485227397     
   16.000000000000004       0.32267704914096174     
   16.800000000000004       0.45464136292329788     
   17.600000000000005       0.61428961593270970     
   18.400000000000006       0.79637661354673517     
   19.200000000000006       0.94959044455368113     
   20.000000000000007        1.0108645053489702     
   20.800000000000008       0.95862427979799814     
   21.600000000000009       0.83075763690586379     
   22.400000000000009       0.68715800961204343     
   23.200000000000010       0.56148866582898904     
   24.000000000000011       0.44388147547761653     
   24.800000000000011       0.29669482959698501     
   25.600000000000012        8.4583488972885812E-002
   26.400000000000013      -0.20001192659081923     
   27.200000000000014      -0.52326209953242309     
   28.000000000000014      -0.80958771286980591     
   28.800000000000015      -0.97119223291821077     
   29.600000000000016      -0.97402949786290638     
   30.400000000000016      -0.87556241114842603     
   31.200000000000017      -0.77628881729402299     
   32.000000000000014      -0.73859914842499452     
   32.800000000000011      -0.74769717904817068     
   33.600000000000009      -0.73132710715595861     
   34.400000000000006      -0.61619981274061697     
   35.200000000000003      -0.37721982904441320     
   36.000000000000000       -4.3965780493266382E-002
   36.799999999999997       0.32148056696200861     
   37.599999999999994       0.64159763440390560     
   38.399999999999991       0.84214078447941587     
   39.199999999999989       0.89486907520227110     
   39.999999999999986       0.84820373860866471     
   40.799999999999983       0.79310162194245126     
   41.599999999999980       0.79221500606941642     
   42.399999999999977       0.83679077629263310     
   43.199999999999974       0.85835761882122730     
   43.999999999999972       0.78331787707543721     
   44.799999999999969       0.58670555959647908     
   45.599999999999966       0.29915440117507314     
   46.399999999999963       -2.4755997106651495E-002
   47.199999999999960      -0.33289776889744660     
   47.999999999999957      -0.58243425129430104     
   48.799999999999955      -0.74539964779411505     
   49.599999999999952      -0.82189702974223644     
   50.399999999999949      -0.84339232607684789     
   51.199999999999946      -0.85151772424082017     
   51.999999999999943      -0.86699417197481465     
   52.799999999999940      -0.87522359333714006     
   53.599999999999937      -0.83972452248416218     
   54.399999999999935      -0.73120187692914151     
   55.199999999999932      -0.54670871178232039     
   55.999999999999929      -0.30539355014511638     
   56.799999999999926       -3.2969769458480291E-002
   57.599999999999923       0.24630836446820825     
   58.399999999999920       0.50632644292226481     
   59.199999999999918       0.71560693855245772     
   59.999999999999915       0.84658629517259820     
   60.799999999999912       0.89501835055641954     
   61.599999999999909       0.88721886095958402     
   62.399999999999906       0.86099503737481120     
   63.199999999999903       0.83637582301706559     
   63.999999999999901       0.80219394122485910     
   64.799999999999898       0.72746770339695099     
   65.599999999999895       0.58552667527808455     
   66.399999999999892       0.37050612994642751     
   67.199999999999889        9.7209717473172197E-002
   67.999999999999886      -0.20603742821300564     
   68.799999999999883      -0.49957836058057553     
   69.599999999999881      -0.73403791964775378     
   70.399999999999878      -0.86779222168798531     
   71.199999999999875      -0.89756923952096845     
   71.999999999999872      -0.86681446272711260     
   72.799999999999869      -0.83274958369263363     
   73.599999999999866      -0.82229105128442781     
   74.399999999999864      -0.81495309666809734     
   75.199999999999861      -0.76237197915309396     
   75.999999999999858      -0.62585704967721356     
   76.799999999999855      -0.40050717099484295     
   77.599999999999852      -0.11119123578167667     
   78.399999999999849       0.20326559722613274     
   79.199999999999847       0.49769020192398600     
   79.999999999999844       0.72410187071259347     
   80.799999999999841       0.84870306393595663     
   81.599999999999838       0.87726570974002605     
   82.399999999999835       0.85604214795546762     
   83.199999999999832       0.83697289497117799     
   83.999999999999829       0.83838268794611370     
   84.799999999999827       0.83412524500952290     
   85.599999999999824       0.77676023278525241     
   86.399999999999821       0.63390864282801451     
   87.199999999999818       0.40715187042277401     
   87.999999999999815       0.12358899307790494     
   88.799999999999812      -0.18068666476796369     
   89.599999999999810      -0.46677839962013901     
   90.399999999999807      -0.69372916593945977     
   91.199999999999804      -0.83026283099451992     
   91.999999999999801      -0.87625901691843811     
   92.799999999999798      -0.86759474370728140     
   93.599999999999795      -0.85001545183901128     
   94.399999999999793      -0.84421489177152287     
   95.199999999999790      -0.83238387065375630     
   95.999999999999787      -0.77484364512011528     
   96.799999999999784      -0.64089674666175167     
   97.599999999999781      -0.42765692932391158     
   98.399999999999778      -0.15584562561654536     
   99.199999999999775       0.14339366835730105     
   99.999999999999773       0.43384759677555146     
   100.79999999999977       0.67393764924925437     
   101.59999999999977       0.82674517167679329     
   102.39999999999976       0.88346690960545515     
   103.19999999999976       0.87500879205238802     
   103.99999999999976       0.85020234666209948     
   104.79999999999976       0.83807536492057688     
   105.59999999999975       0.82780671071388112     
   106.39999999999975       0.78038709025703423     
   107.19999999999975       0.65970889063320670     
   107.99999999999974       0.45635604405366254     
   108.79999999999974       0.18785523243725488     
   109.59999999999974      -0.11428539129778376     
   110.39999999999974      -0.41195459962602016     
   111.19999999999973      -0.66111062469106363     
   111.99999999999973      -0.82169741777953909     
   112.79999999999973      -0.88219168729959263     
   113.59999999999972      -0.87343075880053545     
   114.39999999999972      -0.84720178345362673     
   115.19999999999972      -0.83618158052514724     
   115.99999999999972      -0.83111221928804813     
   116.79999999999971      -0.79141875235108960     
   117.59999999999971      -0.67778949235740782     
   118.39999999999971      -0.47866441162074946     
   119.19999999999970      -0.21163204712251327     
   119.99999999999970        9.0750598014717299E-002
   120.79999999999970       0.39004041293082220     
   121.59999999999970       0.64288269349829585     
   122.39999999999969       0.80952979652428814     
   123.19999999999969       0.87695247153309552     
   123.99999999999969       0.87345056243603902     
   124.79999999999968       0.84956944460817219     
   125.59999999999968       0.83907118277746917     
   126.39999999999968       0.83502496303769913     
   127.19999999999968       0.79853211229361576     
   127.99999999999967       0.69019918286275483     
   128.79999999999967       0.49709733807117257     
   129.59999999999968       0.23533911520347278     
   130.39999999999969       -6.3738954118318925E-002
   131.19999999999970      -0.36312995263221598     
   131.99999999999972      -0.62090348811132978     
   132.79999999999973      -0.79687408339672550     
   133.59999999999974      -0.87432641828928193     
   134.39999999999975      -0.87684940677261669     
   135.19999999999976      -0.85335501479700182     
   135.99999999999977      -0.84030840803601281     
   136.79999999999978      -0.83538959959652948     
   137.59999999999980      -0.80263882298684286     
   138.39999999999981      -0.70198649366406407     
   139.19999999999982      -0.51735449802320999     
   139.99999999999983      -0.26189925488862820     
   140.79999999999984        3.4587585137756560E-002
   141.59999999999985       0.33584189831222661     
   142.39999999999986       0.60017042862097747     
   143.19999999999987       0.78589911435688320     
   143.99999999999989       0.87239315761969838     
   144.79999999999990       0.87932072679841045     
   145.59999999999991       0.85515791384275952     
   146.39999999999992       0.83977446470188311     
   147.19999999999993       0.83521567927261164     
   147.99999999999994       0.80752223270367784     
   148.79999999999995       0.71503968637137316     
   149.59999999999997       0.53829121883314490     
   150.39999999999998       0.28795368110112807     
   151.19999999999999       -6.9186594655990530E-003
   152.00000000000000      -0.31011358336874711     
   152.80000000000001      -0.57997818478979801     
   153.60000000000002      -0.77392790504650999     
   154.40000000000003      -0.86850286618051442     
   155.20000000000005      -0.88014297480309123     
   156.00000000000006      -0.85656851325766492     
   156.80000000000007      -0.84006295138663467     
   157.60000000000008      -0.83617491537217736     
   158.40000000000009      -0.81280935652766084     
   159.20000000000010      -0.72732968709396550     
   160.00000000000011      -0.55764984238108695     
   160.80000000000013      -0.31239478782122510     
   161.60000000000014       -1.9861767516768603E-002
   162.40000000000015       0.28408963326382797     
   163.20000000000016       0.55836422061132152     
   164.00000000000017       0.76011767168376398     
   164.80000000000018       0.86340286890582374     
   165.60000000000019       0.88098976625852454     
   166.40000000000020       0.85890707930913190     
   167.20000000000022       0.84121722446734759     
   168.00000000000023       0.83709477582322644     
   168.80000000000024       0.81702942563468817     
   169.60000000000025       0.73813355642234069     
   170.40000000000026       0.57590146686729626     
   171.20000000000027       0.33654878986275782     
   172.00000000000028        4.7143722056218085E-002
   172.80000000000030      -0.25708341612292501     
   173.60000000000031      -0.53568666093251327     
   174.40000000000032      -0.74555697879097549     
   175.20000000000033      -0.85810359405894920     
   176.00000000000034      -0.88207501682898781     
   176.80000000000035      -0.86149630060536175     
   177.60000000000036      -0.84222050216106092     
   178.40000000000038      -0.83736887007530092     
   179.20000000000039      -0.82038698892389750     
   180.00000000000040      -0.74827274534493415     
   180.80000000000041      -0.59390787401671152     
   181.60000000000042      -0.36078659024047482     
   182.40000000000043       -7.4611833523394344E-002
   183.20000000000044       0.22990357819805657     
   184.00000000000045       0.51277269422557881     
   184.80000000000047       0.73058329000826006     
   185.60000000000048       0.85226075149975933     
   186.40000000000049       0.88267064539996209     
   187.20000000000050       0.86378180632338464     
   188.00000000000051       0.84307936299708930     
   188.80000000000052       0.83751857482680425     
   189.60000000000053       0.82350913067039733     
   190.40000000000055       0.75803400085786787     
   191.20000000000056       0.61144569008033967     
   192.00000000000057       0.38453866326477626     
   192.80000000000058       0.10168152120902862     
   193.60000000000059      -0.20285050840073976     
   194.40000000000060      -0.48950654652277992     
   195.20000000000061      -0.71477023547507956     
   196.00000000000063      -0.84544120153108215     
   196.80000000000064      -0.88264172460750789     
   197.60000000000065      -0.86600362566715439     
   198.40000000000066      -0.84420940780554354     
   199.20000000000067      -0.83782453010933000     
   200.00000000000068      -0.82635009163251716     
   200.80000000000069      -0.76709903354857134     
   201.60000000000070      -0.62815824330433778     
   202.40000000000072      -0.40763817674095659     
   203.20000000000073      -0.12845623848580562     
   204.00000000000074       0.17563694846231215     
   204.80000000000075       0.46560207370159534     
   205.60000000000076       0.69800512821294225     
   206.40000000000077       0.83775724817196151     
   207.20000000000078       0.88222358999359529     
   208.00000000000080       0.86834148946890688     
   208.80000000000081       0.84560984275288875     
   209.60000000000082       0.83811845175788346     
   210.40000000000083       0.82870458318331874     
   211.20000000000084       0.77537250639993771     
   212.00000000000085       0.64412268952726726     
   212.80000000000086       0.43028171745463550     
   213.60000000000088       0.15512793070943875     
   214.40000000000089      -0.14819437269932506     
   215.20000000000090      -0.44115742415371068     
   216.00000000000091      -0.68048261368390106     
   216.80000000000092      -0.82935603769214505     
   217.60000000000093      -0.88141153374324055     
   218.40000000000094      -0.87065464037393803     
   219.20000000000095      -0.84711617628990554     
   220.00000000000097      -0.83833104077802900     
   220.80000000000098      -0.83063962075282616     
   221.60000000000099      -0.78300095734990849     
   222.40000000000100      -0.65946427504509875     
   223.20000000000101      -0.45249847311066360     
   224.00000000000102      -0.18161241193822669     
   224.80000000000103       0.12068345288375326     
   225.60000000000105       0.41633223253584711     
   226.40000000000106       0.66227093765300993     
   227.20000000000107       0.82017075662159999     
   228.00000000000108       0.88005668821598815     
   228.80000000000109       0.87282672853036414     
   229.60000000000110       0.84872730993690571     
   230.40000000000111       0.83856850450797826     
   231.20000000000113       0.83228395030783275     
   232.00000000000114       0.79004258422210505     
   232.80000000000115       0.67413817640985874     
   233.60000000000116       0.47417849281088387     
   234.40000000000117       0.20779829632650648     
   235.20000000000118       -9.3170364580023757E-002
   236.00000000000119      -0.39113039479753947     
   236.80000000000121      -0.64331939172445707     
   237.60000000000122      -0.81012686841149184     
   238.40000000000123      -0.87810898440721863     
   239.20000000000124      -0.87486676704218580     
   240.00000000000125      -0.85050166931946047     
   240.80000000000126      -0.83889294444545304     
   241.60000000000127      -0.83365755045479339     
   242.40000000000128      -0.79646320084818134     
   243.20000000000130      -0.68808568271027837     
   244.00000000000131      -0.49528219892155934     
   244.80000000000132      -0.23368515813928653     
   245.60000000000133        6.5631419047793293E-002
   246.40000000000134       0.36553464839569777     
   247.20000000000135       0.62363267173906822     
   248.00000000000136       0.79923988551772274     
   248.80000000000138       0.87557674964442378     
   249.60000000000139       0.87677039806145829     
   250.40000000000140       0.85242751396461647     
   251.20000000000141       0.83929399823015816     
   252.00000000000142       0.83475752385966018     
   252.80000000000143       0.80226793493088200     
   253.60000000000144       0.70131845855113950     
   254.40000000000146       0.51582462180757993     
   255.20000000000147       0.25928071636754091     
   256.00000000000148       -3.8082592868764531E-002
   256.80000000000149      -0.33959096778158143     
   257.60000000000150      -0.60326531713918197     
   258.40000000000151      -0.78753206781721985     
   259.20000000000152      -0.87243055318443385     
   260.00000000000153      -0.87848126671273952     
   260.80000000000155      -0.85446564095226929     
   261.60000000000156      -0.83977644183175382     
   262.40000000000157      -0.83562489390129313     
   263.20000000000158      -0.80750131591098429     
   264.00000000000159      -0.71385560270858839     
   264.80000000000160      -0.53579301890532993     
   265.60000000000161      -0.28454873769846878     
   266.40000000000163        1.0574102620491244E-002
   267.20000000000164       0.31335228099440221     
   268.00000000000165       0.58225122485452285     
   268.80000000000166       0.77499398458609825     
   269.60000000000167       0.86862062859994971     
   270.40000000000168       0.87994727727650435     
   271.20000000000169       0.85660090353764207     
   272.00000000000171       0.84037034757207774     
   272.80000000000172       0.83630915418908713     
   273.60000000000173       0.81219453022344901     
   274.40000000000174       0.72569118623687123     
   275.20000000000175       0.55515499366853360     
   276.00000000000176       0.30945130522958597     
   276.80000000000177        1.6861231015447620E-002
   277.60000000000178      -0.28684567666193300     
   278.40000000000180      -0.56060666127550451     
   279.20000000000181      -0.76161816840843377     
   280.00000000000182      -0.86411537697319885     
   280.80000000000183      -0.88113581032592936     
   281.60000000000184      -0.85882477342197705     
   282.40000000000185      -0.84109585371760831     
   283.20000000000186      -0.83684167819505273     
   284.00000000000188      -0.81636578935905169     
   284.80000000000189      -0.73681973593566119     
   285.60000000000190      -0.57389105277622643     
   286.40000000000191      -0.33396840084361679     
   287.20000000000192       -4.4204334300106174E-002
   288.00000000000193       0.26009573161980393     
   288.80000000000194       0.53835837620265758     
   289.60000000000196       0.74741414025152997     
   290.40000000000197       0.85889434744249782     
   291.20000000000198       0.88201144284542154     
   292.00000000000199       0.86111502707668908     
   292.80000000000200       0.84195928707321999     
   293.60000000000201       0.83724986262041201     
   294.40000000000202       0.82004121502601757     
   295.20000000000203       0.74724888341876838     
   296.00000000000205       0.59199091227334832     
   296.80000000000206       0.35808065891352236     
   297.60000000000207        7.1429321067752405E-002
   298.40000000000208      -0.23313703421822884     
   299.20000000000209      -0.51554165916304617     
   300.00000000000210      -0.73239465425652706     
   300.80000000000211      -0.85293321566217273     
   301.60000000000213      -0.88253049198144506     
   302.40000000000214      -0.86344306644236368     
   303.20000000000215      -0.84296709087475818     
   304.00000000000216      -0.83756724418134343     
   304.80000000000217      -0.82325424581095730     
   305.60000000000218      -0.75698914449225874     
   306.40000000000219      -0.60944085524444636     
   307.20000000000221      -0.38176210070426575     
   308.00000000000222       -9.8505494981180552E-002
   308.80000000000223       0.20600441700738831     
   309.60000000000224       0.49218876991116273     
   310.40000000000225       0.71656965098405245     
   311.20000000000226       0.84620696259289629     
   312.00000000000227       0.88265037123609469     
   312.80000000000229       0.86578216378348538     
   313.60000000000230       0.84412710549911574     
   314.40000000000231       0.83782740942281941     
   315.20000000000232       0.82603705591857557     
   316.00000000000233       0.76604904225397008     
   316.80000000000234       0.62622558356019908     
   317.60000000000235       0.40498722163812784     
   318.40000000000236       0.12540546238725636     
   319.20000000000238      -0.17872811912555009     
   320.00000000000239      -0.46832968130501240     
   320.80000000000240      -0.69995167069370723     
   321.60000000000241      -0.83869604908317097     
   322.40000000000242      -0.88233206674138309     
   323.20000000000243      -0.86810466748870396     
   324.00000000000244      -0.84544289572407638     
   324.80000000000246      -0.83805971119402478     
   325.60000000000247      -0.82842063349113160     
   326.40000000000248      -0.77443924017238319     
   327.20000000000249      -0.64233334593978686     
   328.00000000000250      -0.42773377213092750     
   328.80000000000251      -0.15210407451131042     
   329.60000000000252       0.15133779454181906     
   330.40000000000254       0.44399649416466658     
   331.20000000000255       0.68255802953958300     
   332.00000000000256       0.83038526765147735     
   332.80000000000257       0.88153677159539456     
   333.60000000000258       0.87037896943459525     
   334.40000000000259       0.84691321480447845     
   335.20000000000260       0.83829143892404778     
   336.00000000000261       0.83043793732994664     
   336.80000000000263       0.78217442553099659     
   337.60000000000264       0.65775527769515818     
   338.40000000000265       0.44997997462632300     
   339.20000000000266       0.17857519805016542     
   340.00000000000267      -0.12386432211300319     
   340.80000000000268      -0.41922282650990372     
   341.60000000000269      -0.66440839835611443     
   342.40000000000271      -0.82126142586270334     
   343.20000000000272      -0.88022532724836899     
   344.00000000000273      -0.87257091792064678     
   344.80000000000274      -0.84853422403532541     
   345.60000000000275      -0.83854920540700750     
   346.40000000000276      -0.83212353905066905     
   347.20000000000277      -0.78927160444435640     
   348.00000000000279      -0.67248353512740444     
   348.80000000000280      -0.47170359277629453     
   349.60000000000281      -0.20479220637720219     
   350.40000000000282        9.6338137985505723E-002
   351.20000000000283       0.39404183773697832     
   352.00000000000284       0.64552371794982399     
   352.80000000000285       0.81131392725745732     
   353.60000000000286       0.87835996013315409     
   354.40000000000288       0.87464530555247944     
   355.20000000000289       0.85029966595187678     
   356.00000000000290       0.83885778322066196     
   356.80000000000291       0.83351206184911875     
   357.60000000000292       0.79574930612225636     
   358.40000000000293       0.68651173131791809     
   359.20000000000294       0.49288316952168337     
   360.00000000000296       0.23072923799913936     
   360.80000000000297       -6.8788556080993046E-002
   361.60000000000298      -0.36848632626385669     
   362.40000000000299      -0.62592693665376031     
   363.20000000000300      -0.80053575766403073     
   364.00000000000301      -0.87590486356805064     
   364.80000000000302      -0.87656559888520125     
   365.60000000000304      -0.85219998483779480     
   366.40000000000305      -0.83923929809705866     
   367.20000000000306      -0.83463802784820351     
   368.00000000000307      -0.80162818262084035     
   368.80000000000308      -0.69983580511796561     
   369.60000000000309      -0.51349849320802810     
   370.40000000000310      -0.25636096193262869     
   371.20000000000312        4.1244465613720749E-002
   372.00000000000313       0.34258935153265363     
   372.80000000000314       0.60564317619595487     
   373.60000000000315       0.78892327232804116     
   374.40000000000316       0.87282586213306490     
   375.20000000000317       0.87829367602541786     
   376.00000000000318       0.85422230334591465     
   376.80000000000319       0.83971345295558164     
   377.60000000000321       0.83553616123117846     
   378.40000000000322       0.80693120518421546     
   379.20000000000323       0.71245396120415061     
   380.00000000000324       0.53353023312419512     
   380.80000000000325       0.28166208915137747     
   381.60000000000326       -1.3734603113568333E-002
   382.40000000000327      -0.31638402763385709     
   383.20000000000329      -0.58469916367677466     
   384.00000000000330      -0.77647579390031984     
   384.80000000000331      -0.86909052870988457     
   385.60000000000332      -0.87979028547722582     
   386.40000000000333      -0.85635084162740116     
   387.20000000000334      -0.84029761839758943     
   388.00000000000335      -0.83624111698204362     
   388.80000000000337      -0.81168328212534968     
   389.60000000000338      -0.72436643749237328     
   390.40000000000339      -0.55295990667414974     
   391.20000000000340      -0.30660749498263434     
   392.00000000000341       -1.3712708249161265E-002
   392.80000000000342       0.28990314424538621     
   393.60000000000343       0.56312290141533872     
   394.40000000000344       0.76319565614751728     
   395.20000000000346       0.86466864225469242     
   396.00000000000347       0.88101550958138919     
   396.80000000000348       0.85856701977725203     
   397.60000000000349       0.84100653522391666     
   398.40000000000350       0.83678703111097785     
   399.20000000000351       0.81591101899887841     
   400.00000000000352       0.73557562723045145     
   400.80000000000354       0.57177017482607440     
   401.60000000000355       0.33117243725525891     
   402.40000000000356        4.1069629423912124E-002
   403.20000000000357      -0.26317914484242072     
   404.00000000000358      -0.54094362984182809     
   404.80000000000359      -0.74908828507989900     
   405.60000000000360      -0.85953243784957245     
   406.40000000000362      -0.88192895224949230     
   407.20000000000363      -0.86084941539427295     
   408.00000000000364      -0.84185209703414332     
   408.80000000000365      -0.83720730176232494     
   409.60000000000366      -0.81964268427111842     
   410.40000000000367      -0.74608624732861073     
   411.20000000000368      -0.58994500524096560     
   412.00000000000369      -0.35533254153283056     
   412.80000000000371       -6.8308665811604996E-002
   413.60000000000372       0.23624418494054328     
   414.40000000000373       0.51819169350283811     
   415.20000000000374       0.73416206832403552     
   416.00000000000375       0.85365669599485161     
   416.80000000000376       0.88248993786791041     
   417.60000000000377       0.86317387788666400     
   418.40000000000379       0.84284331091729958     
   419.20000000000380       0.83753444070105876     
   420.00000000000381       0.82290809289914313     
   420.80000000000382       0.75590534572123935     
   421.60000000000383       0.60746971189880361     
   422.40000000000384       0.37906376705858003     
   423.20000000000385        9.5402608426731261E-002
   424.00000000000387      -0.20913006317699995     
   424.80000000000388      -0.49489829714998684     
   425.60000000000389      -0.71842818100050065     
   426.40000000000390      -0.84701888668382397     
   427.20000000000391      -0.88265782734117970     
   428.00000000000392      -0.86551372746433430     
   428.80000000000393      -0.84398624991119819     
   429.60000000000394      -0.83779983621286513     
   430.40000000000396      -0.82573838709769698     
   431.20000000000397      -0.76504227098635758     
   432.00000000000398      -0.62433105106521869     
   432.80000000000399      -0.40234247830293285     
   433.60000000000400      -0.12232455757469607     
   434.40000000000401       0.18186814113843863     
   435.20000000000402       0.47109531241221458     
   436.00000000000404       0.70190046933946482     
   436.80000000000405       0.83959934518387314     
   437.60000000000406       0.88239233229746838     
   438.40000000000407       0.86783991798261240     
   439.20000000000408       0.84528396099630332     
   440.00000000000409       0.83803349587929077     
   440.80000000000410       0.82816583120426102     
   441.60000000000412       0.77350868370714998     
   442.40000000000413       0.64051736476651111     
   443.20000000000414       0.42514553425770574     
   444.00000000000415       0.14904791448671234     
   444.80000000000416      -0.15448933117123914     
   445.60000000000417      -0.44681513995084782     
   446.40000000000418      -0.68459532648337174     
   447.20000000000420      -0.83138139176354420     
   448.00000000000421      -0.88165378311809339     
   448.80000000000422      -0.87012119259066412     
   449.60000000000423      -0.84673640414968432     
   450.40000000000424      -0.83826383423478146     
   451.20000000000425      -0.83022362951123185     
   452.00000000000426      -0.78131855851572818     
   452.80000000000427      -0.65601869877265762     
   453.60000000000429      -0.44745034808149858     
   454.40000000000430      -0.17554634516634632     
   455.20000000000431       0.12702410220075416     
   456.00000000000432       0.42209056431820619     
   456.80000000000433       0.66653152368280999     
   457.60000000000434       0.82235140376178173     
   458.40000000000435       0.88040339537622170     
   459.20000000000437       0.87232427904947907     
   460.00000000000438       0.84834043695616057     
   460.80000000000439       0.83851747953121025     
   461.60000000000440       0.83194572228740327     
   462.40000000000441       0.78848814481197660     
   463.20000000000442       0.67082689762616909     
   464.00000000000443       0.46923495266661136     
   464.80000000000445       0.20179376353636125     
   465.60000000000446       -9.9502471587702368E-002
   466.40000000000447      -0.39695460254517217     
   467.20000000000448      -0.64773002713091765     
   468.00000000000449      -0.81249887384531783     
   468.80000000000450      -0.87860354839893662     
   469.60000000000451      -0.87441411123036128     
   470.40000000000452      -0.85008981509858461     
   471.20000000000454      -0.83881907617513574     
   472.00000000000455      -0.83336655921213787     
   472.80000000000456      -0.79503590617907982     
   473.60000000000457      -0.68493570329415887     
   474.40000000000458      -0.49047808941521331     
   475.20000000000459      -0.22776433228340331     
   476.00000000000460        7.1954002333104949E-002
   476.80000000000462       0.37144037320807310     
   477.60000000000463       0.62821381853507763     
   478.40000000000464       0.80181645019095749     
   479.20000000000465       0.87621805446266343     
   480.00000000000466       0.87635405650267373     
   480.80000000000467       0.85197520363732593     
   481.60000000000468       0.83919109544557724     
   482.40000000000470       0.83452087052522839     
   483.20000000000471       0.80098245068348972     
   484.00000000000472       0.69834085378043687     
   484.80000000000473       0.51115930494189765     
   485.60000000000474       0.25343246400033242     
   486.40000000000475       -4.4407816206920692E-002
   487.20000000000476      -0.34558098605727483     
   488.00000000000477      -0.60800771070265713     
   488.80000000000479      -0.79029994497567324     
   489.60000000000480      -0.87321240983226101     
   490.40000000000481      -0.87810615272448067     
   491.20000000000482      -0.85398421124625845     
   492.00000000000483      -0.83965366562624955     
   492.80000000000484      -0.83544343844999591     
   493.60000000000485      -0.80635044389218824     
   494.40000000000487      -0.71104016900447986     
   495.20000000000488      -0.53125904820851111     
   496.00000000000489      -0.27877282490032429     
   496.80000000000490        1.6892612967742304E-002
   497.60000000000491       0.31940944210923033     
   498.40000000000492       0.58713815462860486     
   499.20000000000493       0.77794831336997428     
   500.00000000000495       0.86955403281425658     
   500.80000000000496       0.87963136080240678     
   501.60000000000497       0.85610144944301192     
   502.40000000000498       0.84022441820293770     
   503.20000000000499       0.83616886330106532     
   504.00000000000500       0.81116450007670948     
   504.80000000000501       0.72303362338904953     
   505.60000000000502       0.55075877308727939     
   506.40000000000504       0.30376034894521692     
   507.20000000000505        1.0563310138106630E-002
   508.00000000000506      -0.29295854474303135     
   508.80000000000507      -0.56563304526598990     
   509.60000000000508      -0.76476360935013998     
   510.40000000000509      -0.86521248888814117     
   511.20000000000510      -0.88088982893148227     
   512.00000000000512      -0.85830861187904706     
   512.80000000000507      -0.84091834738006033     
   513.60000000000502      -0.83673132592197286     
   514.40000000000498      -0.81545105546353480     
   515.20000000000493      -0.73432340808590546     
   516.00000000000489      -0.56964104780440328     
   516.80000000000484      -0.32837026208861997     
   517.60000000000480       -3.7932036375306621E-002
   518.40000000000475       0.26626082587053695     
   519.20000000000471       0.54352153078622090     
   520.00000000000466       0.75075091877155875     
   520.80000000000462       0.86015969762473754     
   521.60000000000457       0.88184116361140485     
   522.40000000000452       0.86058457269200050     
   523.20000000000448       0.84174768578975512     
   524.00000000000443       0.83716435127667355     
   524.80000000000439       0.81923822614675756     
   525.60000000000434       0.74491398103221940     
   526.40000000000430       0.58788966768214324     
   527.20000000000425       0.35257811416856299     
   528.00000000000421        6.5186004632346306E-002
   528.80000000000416      -0.23934848656122648     
   529.60000000000412      -0.52083382566892267     
   530.40000000000407      -0.73591826900598478     
   531.20000000000402      -0.85437011840705446     
   532.00000000000398      -0.88244470628278315     
   532.80000000000393      -0.86290550549656242     
   533.60000000000389      -0.84272179881997866     
   534.40000000000384      -0.83750057507329112     
   535.20000000000380      -0.82255565022280064     
   536.00000000000375      -0.75481210185534453     
   536.80000000000371      -0.60548976894007267     
   537.60000000000366      -0.37635981908811234     
   538.40000000000362       -9.2297984404712152E-002
   539.20000000000357       0.21225334990459405     
   540.00000000000352       0.49760102875627121     
   540.80000000000348       0.72027651723393971     
   541.60000000000343       0.84782091435061413     
   542.40000000000339       0.88265981459686582     
   543.20000000000334       0.86524502280686244     
   544.00000000000330       0.84384709760572707     
   544.80000000000325       0.83777151402590044     
   545.60000000000321       0.82543431450447968     
   546.40000000000316       0.76402685071424525     
   547.20000000000312       0.62242794313068550     
   548.00000000000307       0.39969170450180380     
   548.80000000000302       0.11924105253624040     
   549.60000000000298      -0.18500682555976744     
   550.40000000000293      -0.47385494892933216     
   551.20000000000289      -0.70383922030308765     
   552.00000000000284      -0.84049209320686991     
   552.80000000000280      -0.88244614565853075     
   553.60000000000275      -0.86757433447459176     
   554.40000000000271      -0.84512697077647048     
   555.20000000000266      -0.83800734148738099     
   556.00000000000261      -0.82790636763111025     
   556.80000000000257      -0.77256963081718633     
   557.60000000000252      -0.63869235109596623     
   558.40000000000248      -0.42255057077854463     
   559.20000000000243      -0.14598857231238926     
   560.00000000000239       0.15763988581113525     
   560.80000000000234       0.44962794040915421     
   561.60000000000230       0.68662248826210881     
   562.40000000000225       0.83236662346031376     
   563.20000000000221       0.88176393837945688     
   564.00000000000216       0.86986242424914284     
   564.80000000000211       0.84656173585197558     
   565.60000000000207       0.83823667060116103     
   566.40000000000202       0.83000492128097580     
   567.20000000000198       0.78045415376166127     
   568.00000000000193       0.65427283452660301     
   568.80000000000189       0.44491375861387383     
   569.60000000000184       0.17251417580060541     
   570.40000000000180      -0.13018305206704228     
   571.20000000000175      -0.42495274874998029     
   572.00000000000171      -0.66864482362951161     
   572.80000000000166      -0.82343052449907006     
   573.60000000000161      -0.88057429262746367     
   574.40000000000157      -0.87207624383469851     
   575.20000000000152      -0.84814861099863859     
   576.00000000000148      -0.83848634656677767     
   576.80000000000143      -0.83176384080580623     
   577.60000000000139      -0.78769640684814146     
   578.40000000000134      -0.66916102341435135     
   579.20000000000130      -0.46675922503644779     
   580.00000000000125      -0.19879175073824318     
   580.80000000000121       0.10266639044340814     
   581.60000000000116       0.39986236852203488     
   582.40000000000111       0.64992694898494341     
   583.20000000000107       0.81367293041487365     
   584.00000000000102       0.87883944284408333     
   584.80000000000098       0.87418092339077769     
   585.60000000000093       0.84988170738808633     
   586.40000000000089       0.83878124934516218     
   587.20000000000084       0.83321752682354189     
   588.00000000000080       0.79431460203327309     
   588.80000000000075       0.68335043795387684     
   589.60000000000070       0.48806562749105697     
   590.40000000000066       0.22479543301964111     
   591.20000000000061       -7.5119515296847073E-002
   592.00000000000057      -0.37438991369936631     
   592.80000000000052      -0.63049162562574612     
   593.60000000000048      -0.80308612719763106     
   594.40000000000043      -0.87652302353415434     
   595.20000000000039      -0.87613999709694490     
   596.00000000000034      -0.85175204232062451     
   596.80000000000030      -0.83914410823239638     
   597.60000000000025      -0.83440068959562241     
   598.40000000000020      -0.80032910647243172     
   599.20000000000016      -0.69683658334300969     
   600.00000000000011      -0.50881241532369459     
   600.80000000000007      -0.25049960554710010     
   601.60000000000002        4.7571599573552670E-002
   602.39999999999998       0.34856850142904044     
   603.19999999999993       0.61036346588829815     
   603.99999999999989       0.79166556331817772     
   604.79999999999984       0.87359032403601411     
   605.59999999999980       0.87791564235238007     
   606.39999999999975       0.85374757330685824     
   607.19999999999970       0.83959532970677941     
   607.99999999999966       0.83534811803054909     
   608.79999999999961       0.80576235469438628     
   609.59999999999957       0.70961703583831071     
   610.39999999999952       0.52897992782103309     
   611.19999999999948       0.27587890417205868     
   611.99999999999943       -2.0051390669640345E-002
   612.79999999999939      -0.32243114949614543     
   613.59999999999934      -0.58956874167815521     
   614.39999999999930      -0.77940983411510822     
   615.19999999999925      -0.87000853013254320     
   615.99999999999920      -0.87946893108585145     
   616.79999999999916      -0.85585325317127114     
   617.59999999999911      -0.84015283977771416     
   618.39999999999907      -0.83609444511435049     
   619.19999999999902      -0.81063874264098201     
   619.99999999999898      -0.72169151850943880     
   620.79999999999893      -0.54854949790084229     
   621.59999999999889      -0.30090823141069173     
   622.39999999999884       -7.4127695527506643E-003
   623.19999999999879       0.29601068759031796     
   623.99999999999875       0.56813519175182003     
   624.79999999999870       0.76632064081216011     
   625.59999999999866       0.86574695015813175     
   626.39999999999861       0.88076009144905165     
   627.19999999999857       0.85805110606453705     
   627.99999999999852       0.84083194193499255     
   628.79999999999848       0.83667391160667348     
   629.59999999999843       0.81498450406908052     
   630.39999999999839       0.73306196524797551     
   631.19999999999834       0.56750356042837602     
   631.99999999999829       0.32556277846599990     
   632.79999999999825        3.4792921907989272E-002
   633.59999999999820      -0.26933968229296001     
   634.39999999999816      -0.54609183019491514     
   635.19999999999811      -0.75240272531106722     
   635.99999999999807      -0.86077722334837770     
   636.79999999999802      -0.88174877798854345     
   637.59999999999798      -0.86032032415365722     
   638.39999999999793      -0.84164519172413121     
   639.19999999999789      -0.83712012987153439     
   639.99999999999784      -0.81882757002949313     
   640.79999999999779      -0.74373257166053930     
   641.59999999999775      -0.58582576397954100     
   642.39999999999770      -0.34981805593203941     
   643.19999999999766       -6.2061465487938838E-002
   643.99999999999761       0.24245037547590526     
   644.79999999999757       0.52346875836801088     
   645.59999999999752       0.73766378220438555     
   646.39999999999748       0.85507350835008955     
   647.19999999999743       0.88239434826530372     
   647.99999999999739       0.86263738465256046     
   648.79999999999734       0.84260228887863464     
   649.59999999999729       0.83746584968358617     
   650.39999999999725       0.82219741231524079     
   651.19999999999720       0.75370983157393656     
   651.99999999999716       0.60350108475810482     
   652.79999999999711       0.37364993343358543     
   653.59999999999707        8.9191133019274060E-002
   654.39999999999702      -0.21537463559001124     
   655.19999999999698      -0.50029698240807186     
   655.99999999999693      -0.72211434975427313     
   656.79999999999688      -0.84861265003664665     
   657.59999999999684      -0.88265614376807300     
   658.39999999999679      -0.86497618671826426     
   659.19999999999675      -0.84370998782064954     
   659.99999999999670      -0.83774272780078207     
   660.79999999999666      -0.82512487195189943     
   661.59999999999661      -0.76300255802526173     
   662.39999999999657      -0.62051594129123389     
   663.19999999999652      -0.39703468832587341     
   663.99999999999648      -0.11615496723975660     
   664.79999999999643       0.18814392115479600     
   665.59999999999638       0.47660823817913434     
   666.39999999999634       0.70576768184771244     
   667.19999999999629       0.84137432302209092     
   667.99999999999625       0.88249377284068198     
   668.79999999999620       0.86730820758798077     
   669.59999999999616       0.84497202723036713     
   670.39999999999611       0.83798110304650208     
   671.19999999999607       0.82764197397930006     
   671.99999999999602       0.77162188777414831     
   672.79999999999598       0.63685830844660896     
   673.59999999999593       0.41994906342991556     
   674.39999999999588       0.14292629949639307     
   675.19999999999584      -0.16078925561412710     
   675.99999999999579      -0.45243482534071117     
   676.79999999999575      -0.68863960315154815     
   677.59999999999570      -0.83334115054362501     
   678.39999999999566      -0.88186739323936791     
   679.19999999999561      -0.86960267718680739     
   679.99999999999557      -0.84638907928132434     
   680.79999999999552      -0.83820977858531731     
   681.59999999999548      -0.82978172992630994     
   682.39999999999543      -0.77958126854825038     
   683.19999999999538      -0.65251782924499935     
   683.99999999999534      -0.44237033362743278     
   684.79999999999529      -0.16947873170240679     
   685.59999999999525       0.13334121258960319     
   686.39999999999520       0.42780945195473852     
   687.19999999999516       0.67074834985875953     
   687.99999999999511       0.82449879769319290     
   688.79999999999507       0.88073799186111512     
   689.59999999999502       0.87182677028784217     
   690.39999999999498       0.84795871903221309     
   691.19999999999493       0.83845581300097494     
   691.99999999999488       0.83157792950761544     
   692.79999999999484       0.78689642842144281     
   693.59999999999479       0.66748592289546438     
   694.39999999999475       0.46427638099280205     
   695.19999999999470       0.19578612271683582     
   695.99999999999466      -0.10582991045163853     
   696.79999999999461      -0.40276509079845962     
   697.59999999999457      -0.65211439854472486     
   698.39999999999452      -0.81483603831652385     
   699.19999999999447      -0.87906765913344098     
   699.99999999999443      -0.87394581514956549     
   700.79999999999438      -0.84967541435421234     
   701.59999999999434      -0.83874432170065294     
   702.39999999999429      -0.83306492318077618     
   703.19999999999425      -0.79358532692927308     
   703.99999999999420      -0.68175588745612836     
   704.79999999999416      -0.48564577799111575     
   705.59999999999411      -0.22182258012271205     
   706.39999999999407        7.8285015041564932E-002
   707.19999999999402       0.37733484829372366     
   707.99999999999397       0.63276028573007226     
   708.79999999999393       0.80434479525003377     
   709.59999999999388       0.87681985553306363     
   710.39999999999384       0.87592351739482388     
   711.19999999999379       0.85153053666154765     
   711.99999999999375       0.83909829008052783     
   712.79999999999370       0.83427739729023276     
   713.59999999999366       0.79966808773920472     
   714.39999999999361       0.69532299551898846     
   715.19999999999357       0.50645787812277188     
   715.99999999999352       0.24756245828087586     
   716.79999999999347       -5.0735749312012191E-002
   717.59999999999343      -0.35155184670538708     
   718.39999999999338      -0.61271042077460103     
   719.19999999999334      -0.79302015392661196     
   719.99999999999329      -0.87395966771145972     
   720.79999999999325      -0.87772219773504678     
   721.59999999999320      -0.85351239260128697     
   722.39999999999316      -0.83953839979410583     
   723.19999999999311      -0.83525014359016159     
   723.99999999999307      -0.80516691290922804     
   724.79999999999302      -0.70818458133374207     
   725.59999999999297      -0.52669291324942025     
   726.39999999999293      -0.27298036343022752     
   727.19999999999288        2.3210908603898961E-002
   727.99999999999284       0.32544912000687443     
   728.79999999999279       0.59199089470763100     
   729.59999999999275       0.78086034974567942     
   730.39999999999270       0.87045405175394863     
   731.19999999999266       0.87930304198333031     
   731.99999999999261       0.85560627674294376     
   732.79999999999256       0.84008286936558507     
   733.59999999999252       0.83601782498011945     
   734.39999999999247       0.81010597898591963     
   735.19999999999243       0.72034011782703833     
   735.99999999999238       0.54633209669689853     
   736.79999999999234       0.29805116649093166     
   737.59999999999229        4.2611197510687981E-003
   738.39999999999225      -0.29905952356640375     
   739.19999999999220      -0.57062928753654463     
   739.99999999999216      -0.76786672996131466     
   740.79999999999211      -0.86627206118587696     
   741.59999999999206      -0.88062636164216213     
   742.39999999999202      -0.85779454518938048     
   743.19999999999197      -0.84074731028853056     
   743.99999999999193      -0.83661473930804964     
   744.79999999999188      -0.81451131540768684     
   745.59999999999184      -0.73179128203888999     
   746.39999999999179      -0.56535773109931808     
   747.19999999999175      -0.32275002410625198     
   747.99999999999170       -3.1652333825527568E-002
   748.79999999999166       0.27241565757605130     
   749.59999999999161       0.54865447647066790     
   750.39999999999156       0.75404369118705405     
   751.19999999999152       0.86138505746594041     
   751.99999999999147       0.88165186319800226     
   752.79999999999143       0.86005670990682825     
   753.59999999999138       0.84154459964640072     
   754.39999999999134       0.83707458309630178     
   755.19999999999129       0.81841066588781308     
   755.99999999999125       0.74254200758704203     
   756.79999999999120       0.58375331982502265     
   757.59999999999116       0.34705240832969375     
   758.39999999999111        5.8935092807028577E-002
   759.19999999999106      -0.24554980393010967     
   759.99999999999102      -0.52609644735473160     
   760.79999999999097      -0.73939859393928375     
   761.59999999999093      -0.85576690087421636     
   762.39999999999088      -0.88233892410996562     
   763.19999999999084      -0.86236955344347932     
   763.99999999999079      -0.84248477018589385     
   764.79999999999075      -0.83743021702772003     
   765.59999999999070      -0.82183333365032363     
   766.39999999999065      -0.75259852288283979     
   767.19999999999061      -0.60150368071428084     
   767.99999999999056      -0.37093414523095741     
   768.79999999999052       -8.6082092321272285E-002
   769.59999999999047       0.21849387606226711     
   770.39999999999043       0.50298611143104566     
   771.19999999999038       0.72394165593630810     
   771.99999999999034       0.84939411990902403     
   772.79999999999029       0.88264687334514547     
   773.59999999999025       0.86470726357196748     
   774.39999999999020       0.84357491866780598     
   775.19999999999015       0.83771343499400497     
   775.99999999999011       0.82481001157775569     
   776.79999999999006       0.76196937395693620     
   777.59999999999002       0.61859506075988624     
   778.39999999998997       0.39437146255482181     
   779.19999999998993       0.11306634062946358     
   779.99999999998988      -0.19127938107417475     
   780.79999999998984      -0.47935512934676783     
   781.59999999998979      -0.70768582613126818     
   782.39999999998975      -0.84224605755150173     
   783.19999999998970      -0.88253527419292888     
   783.99999999998965      -0.86704158725075842     
   784.79999999998961      -0.84481913321249569     
   785.59999999998956      -0.83795473845842283     
   786.39999999998952      -0.82737259850056022     
   787.19999999998947      -0.77066543090940831     
   787.99999999998943      -0.63501525027892747     
   788.79999999998938      -0.41734104642362735     
   789.59999999998934      -0.13986113691071722     
   790.39999999998929       0.16393739333323015     
   791.19999999998925       0.45523574409793882     
   791.99999999998920       0.69064664167788592     
   792.79999999998915       0.83430499303501060     
   793.59999999998911       0.88196420698805800     
   794.39999999998906       0.86934200315376164     
   795.19999999998902       0.84621844024954496     
   795.99999999998897       0.83818311782253285     
   796.79999999998893       0.82955400301051130     
   797.59999999998888       0.77869987717280620     
   798.39999999998884       0.65075369505718550     
   799.19999999998879       0.43982010692740758     
