   0.0000000000000000        0.0000000000000000     
  0.80000000000000004       0.28255821223652627     
   1.6000000000000001       0.91254888897773667     
   2.4000000000000004        1.4339943453537263     
   3.2000000000000002        1.4103366555048631     
   4.0000000000000000       0.90259915519517186     
   4.7999999999999998       0.33959749314878596     
   5.5999999999999996        7.0219082338300098E-002
   6.3999999999999995       0.20570030832700076     
   7.1999999999999993       0.61953143164403868     
   7.9999999999999991        1.0147530966734997     
   8.7999999999999989        1.0875042712588463     
   9.5999999999999996       0.77656971735165015     
   10.400000000000000       0.29486006243658380     
   11.200000000000001       -9.0334733424342062E-002
   12.000000000000002      -0.21250672274100393     
   12.800000000000002       -6.1949168397439913E-002
   13.600000000000003       0.22320622299754467     
   14.400000000000004       0.43869337873928849     
   15.200000000000005       0.42617577151135655     
   16.000000000000004       0.16428579595958320     
   16.800000000000004      -0.23054177925370850     
   17.600000000000005      -0.57785484223326655     
   18.400000000000006      -0.72089313344210226     
   19.200000000000006      -0.62357194817571915     
   20.000000000000007      -0.40094977279182770     
   20.800000000000008      -0.23127423736306837     
   21.600000000000009      -0.24370591294820504     
   22.400000000000009      -0.45442319340117476     
   23.200000000000010      -0.75999592139518168     
   24.000000000000011      -0.98686936067967890     
   24.800000000000011       -1.0048324773103654     
   25.600000000000012      -0.83956068871236678     
   26.400000000000013      -0.64514892185231609     
   27.200000000000014      -0.57339607900045597     
   28.000000000000014      -0.67769531482483836     
   28.800000000000015      -0.88956278573310610     
   29.600000000000016       -1.0608557878789882     
   30.400000000000016       -1.0699952755834314     
   31.200000000000017      -0.92532237153474051     
   32.000000000000014      -0.74801676997435251     
   32.800000000000011      -0.66252220611737267     
   33.600000000000009      -0.71289561705120619     
   34.400000000000006      -0.84531872005875075     
   35.200000000000003      -0.94803880029774734     
   36.000000000000000      -0.93217310447317914     
   36.799999999999997      -0.79926296835638910     
   37.599999999999994      -0.62996562220498298     
   38.399999999999991      -0.51416904591851753     
   39.199999999999989      -0.49310689022929227     
   39.999999999999986      -0.54314957971427469     
   40.799999999999983      -0.59661934519473669     
   41.599999999999980      -0.58579663339155186     
   42.399999999999977      -0.48527408488871659     
   43.199999999999974      -0.32320475923596192     
   43.999999999999972      -0.15694091089950973     
   44.799999999999969       -3.7476826749631043E-002
   45.599999999999966        1.5460467066951672E-002
   46.399999999999963        1.9897442195671456E-002
   47.199999999999960        1.8987527308699265E-002
   47.999999999999957        5.6176148115256501E-002
   48.799999999999955       0.15164909997313664     
   49.599999999999952       0.29217559753260502     
   50.399999999999949       0.43836464506279510     
   51.199999999999946       0.54566808709255710     
   51.999999999999943       0.59029788493502222     
   52.799999999999940       0.58474977163467723     
   53.599999999999937       0.56966737596132089     
   54.399999999999935       0.58696287370422839     
   55.199999999999932       0.65332206436172902     
   55.999999999999929       0.75005796042014872     
   56.799999999999926       0.83506498933441187     
   57.599999999999923       0.87173411953116398     
   58.399999999999920       0.85600153879650542     
   59.199999999999918       0.81855008608984647     
   59.999999999999915       0.80014132839706698     
   60.799999999999912       0.82186934081563057     
   61.599999999999909       0.87180537056124818     
   62.399999999999906       0.91513095708635239     
   63.199999999999903       0.92057750253949422     
   63.999999999999901       0.88380708009911346     
   64.799999999999898       0.82856734757345352     
   65.599999999999895       0.78631060531475483     
   66.399999999999892       0.77309150941719063     
   67.199999999999889       0.78026859561833584     
   67.999999999999886       0.78277659503965213     
   68.799999999999883       0.75773653771822702     
   69.599999999999881       0.69992887908134505     
   70.399999999999878       0.62325098303256143     
   71.199999999999875       0.54901769283989077     
   71.999999999999872       0.49154210053034947     
   72.799999999999869       0.45054176005955837     
   73.599999999999866       0.41326733250546399     
   74.399999999999864       0.36344973996696173     
   75.199999999999861       0.29112867801477571     
   75.999999999999858       0.19772845521938504     
   76.799999999999855        9.4296279569873423E-002
   77.599999999999852       -4.9504307271823200E-003
   78.399999999999849       -8.9753616992446009E-002
   79.199999999999847      -0.15824292723647379     
   79.999999999999844      -0.21688609711443263     
   80.799999999999841      -0.27617216926653310     
   81.599999999999838      -0.34430394428182659     
   82.399999999999835      -0.42225365928742298     
   83.199999999999832      -0.50288681889807951     
   83.999999999999829      -0.57484883214743876     
   84.799999999999827      -0.62933042776613912     
   85.599999999999824      -0.66567724385292482     
   86.399999999999821      -0.69185796359974105     
   87.199999999999818      -0.71909811515654432     
   87.999999999999815      -0.75428438346713411     
   88.799999999999812      -0.79538522244073784     
   89.599999999999810      -0.83307154578353682     
   90.399999999999807      -0.85754178485846533     
   91.199999999999804      -0.86569382698587960     
   91.999999999999801      -0.86316741857900536     
   92.799999999999798      -0.85974955010275600     
   93.599999999999795      -0.86198130752852953     
   94.399999999999793      -0.86865492686370194     
   95.199999999999790      -0.87224882754296729     
   95.999999999999787      -0.86485593407300820     
   96.799999999999784      -0.84395582677520664     
   97.599999999999781      -0.81372888543647581     
   98.399999999999778      -0.78136562882235394     
   99.199999999999775      -0.75167525549216907     
   99.999999999999773      -0.72402013489198036     
   100.79999999999977      -0.69331952076642256     
   101.59999999999977      -0.65388035370397080     
   102.39999999999976      -0.60314050507676487     
   103.19999999999976      -0.54289080981323812     
   103.99999999999976      -0.47759857037448156     
   104.79999999999976      -0.41140109164243333     
   105.59999999999975      -0.34582878996970512     
   106.39999999999975      -0.27943241530921059     
   107.19999999999975      -0.20918590189232822     
   107.99999999999974      -0.13263017139662453     
   108.79999999999974       -4.9538686313904123E-002
   109.59999999999974        3.7667014393294451E-002
   110.39999999999974       0.12481110461372993     
   111.19999999999973       0.20764218674625057     
   111.99999999999973       0.28349695618193904     
   112.79999999999973       0.35217797969470133     
   113.59999999999972       0.41560128960155529     
   114.39999999999972       0.47635702072290753     
   115.19999999999972       0.53594093446221991     
   115.99999999999972       0.59367805881267344     
   116.79999999999971       0.64703396817644454     
   117.59999999999971       0.69319535187542969     
   118.39999999999971       0.73093548130066255     
   119.19999999999970       0.76147127396630598     
   119.99999999999970       0.78763924834632149     
   120.79999999999970       0.81192795242151905     
   121.59999999999970       0.83477682927245456     
   122.39999999999969       0.85437832263159186     
   123.19999999999969       0.86811608894879011     
   123.99999999999969       0.87454622615841049     
   124.79999999999968       0.87441723251381942     
   125.59999999999968       0.86999576236825982     
   126.39999999999968       0.86330436276698042     
   127.19999999999968       0.85466556404894722     
   127.99999999999967       0.84259954630240075     
   128.79999999999967       0.82502683514152320     
   129.59999999999968       0.80077681322866134     
   130.39999999999969       0.77028309685825580     
   131.19999999999970       0.73506752434330092     
   131.99999999999972       0.69653579034812607     
   132.79999999999973       0.65501073423842338     
   133.59999999999974       0.60961612400975418     
   134.39999999999975       0.55895883736090068     
   135.19999999999976       0.50205638738539948     
   135.99999999999977       0.43890668090001816     
   136.79999999999978       0.37043412819622801     
   137.59999999999980       0.29797346704151406     
   138.39999999999981       0.22268494730091626     
   139.19999999999982       0.14524581136248610     
   139.99999999999983        6.5939869736100207E-002
   140.79999999999984       -1.4966039622263533E-002
   141.59999999999985       -9.6801723716610860E-002
   142.39999999999986      -0.17827295507310867     
   143.19999999999987      -0.25757931488774277     
   143.99999999999989      -0.33284836697201492     
   144.79999999999990      -0.40270128280843492     
   145.59999999999991      -0.46666617162973106     
   146.39999999999992      -0.52519075881529720     
   147.19999999999993      -0.57920091855520828     
   147.99999999999994      -0.62942441483797018     
   148.79999999999995      -0.67587731938948659     
   149.59999999999997      -0.71784562090628301     
   150.39999999999998      -0.75438828560088411     
   151.19999999999999      -0.78502412066280070     
   152.00000000000000      -0.81010923174166738     
   152.80000000000001      -0.83061611441197414     
   153.60000000000002      -0.84746666137774551     
   154.40000000000003      -0.86091229684454207     
   155.20000000000005      -0.87041932709843284     
   156.00000000000006      -0.87512937251620637     
   156.80000000000007      -0.87452706636486988     
   157.60000000000008      -0.86880351557513624     
   158.40000000000009      -0.85866257533801882     
   159.20000000000010      -0.84475698404696609     
   160.00000000000011      -0.82720341028847655     
   160.80000000000013      -0.80552248073357080     
   161.60000000000014      -0.77900149710284816     
   162.40000000000015      -0.74717377566589471     
   163.20000000000016      -0.71006614673137347     
   164.00000000000017      -0.66807884221179026     
   164.80000000000018      -0.62163695770721672     
   165.60000000000019      -0.57088463292827685     
   166.40000000000020      -0.51561944587788944     
   167.20000000000022      -0.45547851547566021     
   168.00000000000023      -0.39023440929822023     
   168.80000000000024      -0.32002525032348716     
   169.60000000000025      -0.24541943605365474     
   170.40000000000026      -0.16732727159147642     
   171.20000000000027       -8.6845330295341680E-002
   172.00000000000028       -5.1247315217194805E-003
   172.80000000000030        7.6690832447838170E-002
   173.60000000000031       0.15746925935531847     
   174.40000000000032       0.23608579455709738     
   175.20000000000033       0.31146135583526791     
   176.00000000000034       0.38266185110832118     
   176.80000000000035       0.44902709940303742     
   177.60000000000036       0.51025921571628885     
   178.40000000000038       0.56640179629629950     
   179.20000000000039       0.61769337367740074     
   180.00000000000040       0.66435698867771331     
   180.80000000000041       0.70644008131961111     
   181.60000000000042       0.74379966483463145     
   182.40000000000043       0.77623744382989757     
   183.20000000000044       0.80368520156601597     
   184.00000000000045       0.82630093667836035     
   184.80000000000047       0.84439922989037486     
   185.60000000000048       0.85826397197510984     
   186.40000000000049       0.86798222682954307     
   187.20000000000050       0.87342152420037067     
   188.00000000000051       0.87436142891638635     
   188.80000000000052       0.87067281980523314     
   189.60000000000053       0.86240774387470787     
   190.40000000000055       0.84973948196779570     
   191.20000000000056       0.83281000579774411     
   192.00000000000057       0.81160581221374195     
   192.80000000000058       0.78594970068347925     
   193.60000000000059       0.75560208942002849     
   194.40000000000060       0.72038872893150718     
   195.20000000000061       0.68026574856196986     
   196.00000000000063       0.63529096400294205     
   196.80000000000064       0.58554042629582814     
   197.60000000000065       0.53104080469031723     
   198.40000000000066       0.47176804818989948     
   199.20000000000067       0.40771529831952791     
   200.00000000000068       0.33899421728036694     
   200.80000000000069       0.26592448878106834     
   201.60000000000070       0.18908281304090926     
   202.40000000000072       0.10930697663285220     
   203.20000000000073        2.7665333668965938E-002
   204.00000000000074       -5.4598302748122315E-002
   204.80000000000075      -0.13614324295466276     
   205.60000000000076      -0.21563818638160953     
   206.40000000000077      -0.29189189680999345     
   207.20000000000078      -0.36398493145642780     
   208.00000000000080      -0.43135843605867674     
   208.80000000000081      -0.49381391177694717     
   209.60000000000082      -0.55140733536582476     
   210.40000000000083      -0.60427440995678139     
   211.20000000000084      -0.65246990778360825     
   212.00000000000085      -0.69590617099211849     
   212.80000000000086      -0.73442067207674189     
   213.60000000000088      -0.76791874993505616     
   214.40000000000089      -0.79648318442186095     
   215.20000000000090      -0.82036300986824817     
   216.00000000000091      -0.83984225011886571     
   216.80000000000092      -0.85508126046593591     
   217.60000000000093      -0.86604640781524034     
   218.40000000000094      -0.87257718963551245     
   219.20000000000095      -0.87453500018247010     
   220.00000000000097      -0.87191779308064832     
   220.80000000000098      -0.86485656294824176     
   221.60000000000099      -0.85350452686713163     
   222.40000000000100      -0.83791000292637041     
   223.20000000000101      -0.81796815883407403     
   224.00000000000102      -0.79347916010470310     
   224.80000000000103      -0.76426004686666060     
   225.60000000000105      -0.73022633596726660     
   226.40000000000106      -0.69139311478863974     
   227.20000000000107      -0.64780987019254477     
   228.00000000000108      -0.59948761651926885     
   228.80000000000109      -0.54637417594770110     
   229.60000000000110      -0.48839511745234021     
   230.40000000000111      -0.42553670918087949     
   231.20000000000113      -0.35792985758754925     
   232.00000000000114      -0.28590471914741783     
   232.80000000000115      -0.21000977287193073     
   233.60000000000116      -0.13100749609477250     
   234.40000000000117       -4.9860917824579146E-002
   235.20000000000118        3.2286590325744158E-002
   236.00000000000119       0.11415122010913792     
   236.80000000000121       0.19438766682592024     
   237.60000000000122       0.27171585625994898     
   238.40000000000123       0.34507710614877757     
   239.20000000000124       0.41376976551428618     
   240.00000000000125       0.47749997352097340     
   240.80000000000126       0.53630592368799890     
   241.60000000000127       0.59037386016701254     
   242.40000000000128       0.63983070103252582     
   243.20000000000130       0.68462447004733906     
   244.00000000000131       0.72455950324003759     
   244.80000000000132       0.75945593865195871     
   245.60000000000133       0.78931557727788737     
   246.40000000000134       0.81436701158920333     
   247.20000000000135       0.83494867863796252     
   248.00000000000136       0.85131059067000181     
   248.80000000000138       0.86347955239130458     
   249.60000000000139       0.87128548723312671     
   250.40000000000140       0.87452322590754561     
   251.20000000000141       0.87312215413981942     
   252.00000000000142       0.86719592422941505     
   252.80000000000143       0.85694304855693393     
   253.60000000000144       0.84248399289737241     
   254.40000000000146       0.82376066390717639     
   255.20000000000147       0.80056576267698931     
   256.00000000000148       0.77266746464846559     
   256.80000000000149       0.73993099088323122     
   257.60000000000150       0.70235481849602732     
   258.40000000000151       0.66001183545089792     
   259.20000000000152       0.61295367056020678     
   260.00000000000153       0.56115323110434467     
   260.80000000000155       0.50452492201636978     
   261.60000000000156       0.44300876790318910     
   262.40000000000157       0.37667169459846739     
   263.20000000000158       0.30578167949261303     
   264.00000000000159       0.23083697754826202     
   264.80000000000160       0.15255989630638833     
   265.60000000000161        7.1875299183612906E-002
   266.40000000000163       -1.0114395548579666E-002
   267.20000000000164       -9.2163683696841900E-002
   268.00000000000165      -0.17294675744529800     
   268.80000000000166      -0.25116439100726518     
   269.60000000000167      -0.32568877598243640     
   270.40000000000168      -0.39570778402702733     
   271.20000000000169      -0.46080700559475785     
   272.00000000000171      -0.52093653662544293     
   272.80000000000172      -0.57625819457851490     
   273.60000000000173      -0.62693720183745716     
   274.40000000000174      -0.67298606290487661     
   275.20000000000175      -0.71424809340925077     
   276.00000000000176      -0.75052402223316361     
   276.80000000000177      -0.78174777829717423     
   277.60000000000178      -0.80807871577103285     
   278.40000000000180      -0.82983478859894844     
   279.20000000000181      -0.84730940344284200     
   280.00000000000182      -0.86060476007482123     
   280.80000000000183      -0.86960360444696749     
   281.60000000000184      -0.87409554611018792     
   282.40000000000185      -0.87395652927327139     
   283.20000000000186      -0.86924388526031227     
   284.00000000000188      -0.86014114802564279     
   284.80000000000189      -0.84680506770585773     
   285.60000000000190      -0.82923644121966378     
   286.40000000000191      -0.80726725265030985     
   287.20000000000192      -0.78066166918001956     
   288.00000000000193      -0.74924687745488994     
   288.80000000000194      -0.71298020294459685     
   289.60000000000196      -0.67191791276100110     
   290.40000000000197      -0.62612532927482878     
   291.20000000000198      -0.57560261511639088     
   292.00000000000199      -0.52027974763097218     
   292.80000000000200      -0.46008332159862142     
   293.60000000000201      -0.39503639069599855     
   294.40000000000202      -0.32534391645097088     
   295.20000000000203      -0.25143679442440892     
   296.00000000000205      -0.17397593581704829     
   296.80000000000206       -9.3834347043818725E-002
   297.60000000000207       -1.2072325064098138E-002
   298.40000000000208        7.0094751276508022E-002
   299.20000000000209       0.15135158866943355     
   300.00000000000210       0.23037864070598296     
   300.80000000000211       0.30598905098552565     
   301.60000000000213       0.37727720308642082     
   302.40000000000214       0.44372187238433913     
   303.20000000000215       0.50518566135984633     
   304.00000000000216       0.56179083807670860     
   304.80000000000217       0.61371773371720884     
   305.60000000000218       0.66102596271324299     
   306.40000000000219       0.70359722109746214     
   307.20000000000221       0.74122881374126526     
   308.00000000000222       0.77380738983467046     
   308.80000000000223       0.80143284129435177     
   309.60000000000224       0.82439427352424599     
   310.40000000000225       0.84300841092291101     
   311.20000000000226       0.85743624113310168     
   312.00000000000227       0.86761231214824575     
   312.80000000000229       0.87333542848777490     
   313.60000000000230       0.87444619088432574     
   314.40000000000231       0.87095370224181157     
   315.20000000000232       0.86301951781557917     
   316.00000000000233       0.85082112489638262     
   316.80000000000234       0.83440621327032849     
   317.60000000000235       0.81364576537051969     
   318.40000000000236       0.78831025260801046     
   319.20000000000238       0.75820145873014444     
   320.00000000000239       0.72324192983299362     
   320.80000000000240       0.68346844644516258     
   321.60000000000241       0.63895155191982855     
   322.40000000000242       0.58971128991909572     
   323.20000000000243       0.53569198106720517     
   324.00000000000244       0.47681243966013054     
   324.80000000000246       0.41306128660126601     
   325.60000000000247       0.34458926974200726     
   326.40000000000248       0.27176480669156333     
   327.20000000000249       0.19518735143081550     
   328.00000000000250       0.11567390123274560     
   328.80000000000251        3.4235952752344978E-002
   329.60000000000252       -4.7949182581391595E-002
   330.40000000000254      -0.12958525861963840     
   331.20000000000255      -0.20934096869951230     
   332.00000000000256      -0.28597776002966280     
   332.80000000000257      -0.35850047998536339     
   333.60000000000258      -0.42627936320698151     
   334.40000000000259      -0.48908156716706197     
   335.20000000000260      -0.54697827646512298     
   336.00000000000261      -0.60015515322859225     
   336.80000000000263      -0.64871605942384380     
   337.60000000000264      -0.69258645022489773     
   338.40000000000265      -0.73156969145312900     
   339.20000000000266      -0.76551143257124621     
   340.00000000000267      -0.79444988073044376     
   340.80000000000268      -0.81863556449932451     
   341.60000000000269      -0.83839819968178764     
   342.40000000000271      -0.85395424824335298     
   343.20000000000272      -0.86529606832798378     
   344.00000000000273      -0.87224212776284737     
   344.80000000000274      -0.87460447181259782     
   345.60000000000275      -0.87234214652719555     
   346.40000000000276      -0.86558625947283863     
   347.20000000000277      -0.85452681024177535     
   348.00000000000279      -0.83925648188414470     
   348.80000000000280      -0.81969043698533062     
   349.60000000000281      -0.79561321911398941     
   350.40000000000282      -0.76680583623500842     
   351.20000000000283      -0.73315494279493698     
   352.00000000000284      -0.69467289546842903     
   352.80000000000285      -0.65143103003481451     
   353.60000000000286      -0.60346872522243833     
   354.40000000000288      -0.55074839224467098     
   355.20000000000289      -0.49318697052784810     
   356.00000000000290      -0.43074396960597472     
   356.80000000000291      -0.36351908358468221     
   357.60000000000292      -0.29181933170388558     
   358.40000000000293      -0.21618268875327096     
   359.20000000000294      -0.13736969879125768     
   360.00000000000296       -5.6341813085429696E-002
   360.80000000000297        2.5765099271081393E-002
   361.60000000000298       0.10768071936608921     
   362.40000000000299       0.18807250387825791     
   363.20000000000300       0.26566226345089256     
   364.00000000000301       0.33937462035363514     
   364.80000000000302       0.40847307385121490     
   365.60000000000304       0.47262135162773244     
   366.40000000000305       0.53182442025091115     
   367.20000000000306       0.58625829959566422     
   368.00000000000307       0.63606449066393789     
   368.80000000000308       0.68121763932049251     
   369.60000000000309       0.72154055145362150     
   370.40000000000310       0.75684935031567813     
   371.20000000000312       0.78712123767522302     
   372.00000000000313       0.81255692524339096     
   372.80000000000314       0.83348389190918515     
   373.60000000000315       0.85016601888209975     
   374.40000000000316       0.86265835982697281     
   375.20000000000317       0.87081273878369758     
   376.00000000000318       0.87442444898091165     
   376.80000000000319       0.87340362943770689     
   377.60000000000321       0.86784130067905318     
   378.40000000000322       0.85792757946476739     
   379.20000000000323       0.84379439002002610     
   380.00000000000324       0.82540551872927648     
   380.80000000000325       0.80256995519133267     
   381.60000000000326       0.77505627326991011     
   382.40000000000327       0.74271616601126556     
   383.20000000000329       0.70553174407242736     
   384.00000000000330       0.66356783492304616     
   384.80000000000331       0.61687988987590459     
   385.60000000000332       0.56545129288330165     
   386.40000000000333       0.50920421386436010     
   387.20000000000334       0.44807651460926112     
   388.00000000000335       0.38212159383041994     
   388.80000000000337       0.31158635343109309     
   389.60000000000338       0.23694625889917575     
   390.40000000000339       0.15890368632481494     
   391.20000000000340        7.8368318591083175E-002
   392.00000000000341       -3.5679233462819065E-003
   392.80000000000342       -8.5665564529164212E-002
   393.60000000000343      -0.16659927828979601     
   394.40000000000344      -0.24506241731954348     
   395.20000000000346      -0.31990992066806628     
   396.00000000000347      -0.39030356787473142     
   396.80000000000348      -0.45579943583445237     
   397.60000000000349      -0.51632332686111537     
   398.40000000000350      -0.57202572469569846     
   399.20000000000351      -0.62307541198340255     
   400.00000000000352      -0.66949732586393729     
   400.80000000000354      -0.71114508239218999     
   401.60000000000355      -0.74781856438886574     
   402.40000000000356      -0.77943907150571179     
   403.20000000000357      -0.80615005608159673     
   404.00000000000358      -0.82826182945334303     
   404.80000000000359      -0.84607419595651445     
   405.60000000000360      -0.85970524827621631     
   406.40000000000362      -0.86905167272253703     
   407.20000000000363      -0.87390553486884526     
   408.00000000000364      -0.87413332669959010     
   408.80000000000365      -0.86977957946225160     
   409.60000000000366      -0.86102214334900162     
   410.40000000000367      -0.84802350796369463     
   411.20000000000368      -0.83079710961823416     
   412.00000000000369      -0.80918536101926031     
   412.80000000000371      -0.78295409314057141     
   413.60000000000372      -0.75192372733208857     
   414.40000000000373      -0.71604235173633979     
   415.20000000000374      -0.67536102414628174     
   416.00000000000375      -0.62994630162960663     
   416.80000000000376      -0.57980330355862464     
   417.60000000000377      -0.52486531507475798     
   418.40000000000379      -0.46505618413253830     
   419.20000000000380      -0.40038891648098507     
   420.00000000000381      -0.33105286009327739     
   420.80000000000382      -0.25746071510464585     
   421.60000000000383      -0.18025511375163539     
   422.40000000000384      -0.10029208939723282     
   423.20000000000385       -1.8617148533743827E-002
   424.00000000000387        6.3565463564078425E-002
   424.80000000000388       0.14494521365152679     
   425.60000000000389       0.22419754320484075     
   426.40000000000390       0.30011860104759969     
   427.20000000000391       0.37177515422335261     
   428.00000000000392       0.43861395351823801     
   428.80000000000393       0.50047079215365176     
   429.60000000000394       0.55745498866323362     
   430.40000000000396       0.60975023043083487     
   431.20000000000397       0.65742961673308287     
   432.00000000000398       0.70038660616768289     
   432.80000000000399       0.73841838325425613     
   433.60000000000400       0.77139821646011664     
   434.40000000000401       0.79940812355346713     
   435.20000000000402       0.82272758445279504     
   436.00000000000404       0.84167908331836572     
   436.80000000000405       0.85644066616256964     
   437.60000000000406       0.86696292187569013     
   438.40000000000407       0.87304855882630394     
   439.20000000000408       0.87452843442883921     
   440.00000000000409       0.87139709493462814     
   440.80000000000410       0.86380859023945988     
   441.60000000000412       0.85194564704746978     
   442.40000000000413       0.83586970415777340     
   443.20000000000414       0.81546393869198475     
   444.00000000000415       0.79050155712673920     
   444.80000000000416       0.76077727663710615     
   445.60000000000417       0.72620316820197728     
   446.40000000000418       0.68680972400837581     
   447.20000000000420       0.64266867494467872     
   448.00000000000421       0.59380607666466123     
   448.80000000000422       0.54017107885175553     
   449.60000000000423       0.48168096553021988     
   450.40000000000424       0.41831486338593254     
   451.20000000000425       0.35020799625133325     
   452.00000000000426       0.27771068805207622     
   452.80000000000427       0.20140454268867225     
   453.60000000000429       0.12209020262729145     
   454.40000000000430        4.0764604787423289E-002
   455.20000000000431       -4.1406958061656035E-002
   456.00000000000432      -0.12313545734914189     
   456.80000000000433      -0.20308839905550174     
   457.60000000000434      -0.28001438836625114     
   458.40000000000435      -0.35289349934553382     
   459.20000000000437      -0.42106396215598468     
   460.00000000000438      -0.48426290270758904     
   460.80000000000439      -0.54254337889718962     
   461.60000000000440      -0.59608989528397927     
   462.40000000000441      -0.64501846294528287     
   463.20000000000442      -0.68926884568592883     
   464.00000000000443      -0.72864887569010206     
   464.80000000000445      -0.76299409311993271     
   465.60000000000446      -0.79232424600913520     
   466.40000000000447      -0.81687604140186576     
   467.20000000000448      -0.83698013750257971     
   468.00000000000449      -0.85286813606726763     
   468.80000000000450      -0.86455075076791799     
   469.60000000000451      -0.87185501321940384     
   470.40000000000452      -0.87458662738405568     
   471.20000000000454      -0.87268974818283485     
   472.00000000000455      -0.86628441207671936     
   472.80000000000456      -0.85556196604522305     
   473.60000000000457      -0.84062752100368165     
   474.40000000000458      -0.82141039838524577     
   475.20000000000459      -0.79770137466304991     
   476.00000000000460      -0.76927679625617507     
   476.80000000000462      -0.73601267162866302     
   477.60000000000463      -0.69791287116744438     
   478.40000000000464      -0.65504757202056541     
   479.20000000000465      -0.60746138242556369     
   480.00000000000466      -0.55512278235103663     
   480.80000000000467      -0.49794961559177964     
   481.60000000000468      -0.43589420429742021     
   482.40000000000470      -0.36904197659591653     
   483.20000000000471      -0.29768195877009668     
   484.00000000000472      -0.22233372166560875     
   484.80000000000473      -0.14374083131638826     
   485.60000000000474       -6.2849697108184749E-002
   486.40000000000475        1.9216467062550424E-002
   487.20000000000476       0.10119592282521372     
   488.00000000000477       0.18175741866965370     
   488.80000000000479       0.25961326747829155     
   489.60000000000480       0.33366646346272910     
   490.40000000000481       0.40314992684434120     
   491.20000000000482       0.46769594937300812     
   492.00000000000483       0.52728736586330560     
   492.80000000000484       0.58209426578980461     
   493.60000000000485       0.63226734324309108     
   494.40000000000487       0.67779611655457017     
   495.20000000000488       0.71851143243719728     
   496.00000000000489       0.75422326211848878     
   496.80000000000490       0.78489167454917075     
   497.60000000000491       0.81070110383404426     
   498.40000000000492       0.83197543093870796     
   499.20000000000493       0.84899038427439333     
   500.00000000000495       0.86181972978186128     
   500.80000000000496       0.87032745942178968     
   501.60000000000497       0.87430651840699192     
   502.40000000000498       0.87365351331888508     
   503.20000000000499       0.86844627861126089     
   504.00000000000500       0.85887254056010465     
   504.80000000000501       0.84507419696872932     
   505.60000000000502       0.82702969038500429     
   506.40000000000504       0.80455702364946491     
   507.20000000000505       0.77742295478252432     
   508.00000000000506       0.74546949627035219     
   508.80000000000507       0.70866903179869545     
   509.60000000000508       0.66708304563039467     
   510.40000000000509       0.62077080862207690     
   511.20000000000510       0.56972210065548368     
   512.00000000000512       0.51386181583917057     
   512.80000000000507       0.45312291011822031     
   513.60000000000502       0.38754623681304107     
   514.40000000000498       0.31736141597691941     
   515.20000000000493       0.24302538570810753     
   516.00000000000489       0.16522303256900292     
   516.80000000000484        8.4848387364639954E-002
   517.60000000000480        2.9799141342615049E-003
   518.40000000000475       -7.9152875348568741E-002
   519.20000000000471      -0.16022825741630442     
   520.00000000000466      -0.23893321402590442     
   520.80000000000462      -0.31410417921939837     
   521.60000000000457      -0.38487412889979766     
   522.40000000000452      -0.45076695725623894     
   523.20000000000448      -0.51168295744144132     
   524.00000000000443      -0.56776208548187201     
   524.80000000000439      -0.61917889104500046     
   525.60000000000434      -0.66597287312535325     
   526.40000000000430      -0.70800855929604067     
   527.20000000000425      -0.74508361927112576     
   528.00000000000421      -0.77710425089999124     
   528.80000000000416      -0.80419607969199303     
   529.60000000000412      -0.82666168633741632     
   530.40000000000407      -0.84480901405783126     
   531.20000000000402      -0.85877430828420886     
   532.00000000000398      -0.86846932478058048     
   532.80000000000393      -0.87368781565487952     
   533.60000000000389      -0.87428481122780433     
   534.40000000000384      -0.87029033403898426     
   535.20000000000380      -0.86187637267623096     
   536.00000000000375      -0.84921253014319786     
   536.80000000000371      -0.83232669111046909     
   537.60000000000366      -0.81107260331580200     
   538.40000000000362      -0.78521720420746688     
   539.20000000000357      -0.75457267175227449     
   540.00000000000352      -0.71907659811734659     
   540.80000000000348      -0.67877466046830248     
   541.60000000000343      -0.63373560174166932     
   542.40000000000339      -0.58397086922754182     
   543.20000000000334      -0.52941798291251418     
   544.00000000000330      -0.46999808547847466     
   544.80000000000325      -0.40571348196794554     
   545.60000000000321      -0.33673715842549568     
   546.40000000000316      -0.26346334658092185     
   547.20000000000312      -0.18651679838169571     
   548.00000000000307      -0.10673738308634956     
   548.80000000000302       -2.5156488128097634E-002
   549.60000000000298        5.7032778987983160E-002
   550.40000000000293       0.13852557635217252     
   551.20000000000289       0.21799400005025199     
   552.00000000000284       0.29421899383898520     
   552.80000000000280       0.36624081372921102     
   553.60000000000275       0.43347399520213625     
   554.40000000000271       0.49572601292428059     
   555.20000000000266       0.55309111813589029     
   556.00000000000261       0.60575477096613461     
   556.80000000000257       0.65380341870519443     
   557.60000000000252       0.69714363878296082     
   558.40000000000248       0.73557439627313892     
   559.20000000000243       0.76895665746726127     
   560.00000000000239       0.79735399819989861     
   560.80000000000234       0.82103442388422976     
   561.60000000000230       0.84032437808973659     
   562.40000000000225       0.85541851996852958     
   563.20000000000221       0.86628467234329076     
   564.00000000000216       0.87273132625630401     
   564.80000000000211       0.87458072665946907     
   565.60000000000207       0.87181244758817500     
   566.40000000000202       0.86457148770967540     
   567.20000000000198       0.85304436904384640     
   568.00000000000193       0.83730598713491666     
   568.80000000000189       0.81725267556256886     
   569.60000000000184       0.79266177553193584     
   570.40000000000180       0.76332174691836463     
   571.20000000000175       0.72913393097917700     
   572.00000000000171       0.69012154999825370     
   572.80000000000166       0.64635660390558980     
   573.60000000000161       0.59787094183510681     
   574.40000000000157       0.54461912095731879     
   575.20000000000152       0.48651787188104911     
   576.00000000000148       0.42353765542568067     
   576.80000000000143       0.35579851165061815     
   577.60000000000139       0.28363253220888018     
   578.40000000000134       0.20760310810090488     
   579.20000000000130       0.12849421560553340     
   580.00000000000125        4.7288082701146095E-002
   580.80000000000121       -3.4862109946820832E-002
   581.60000000000116      -0.11667482368129695     
   582.40000000000111      -0.19681701615731709     
   583.20000000000107      -0.27402542379005101     
   584.00000000000102      -0.34725633220530783     
   584.80000000000098      -0.41581646527855226     
   585.60000000000093      -0.47941254388827420     
   586.40000000000089      -0.53807829376049110     
   587.20000000000084      -0.59199558437834598     
   588.00000000000080      -0.64129164043714248     
   588.80000000000075      -0.68592068941336748     
   589.60000000000070      -0.72569613187108795     
   590.40000000000066      -0.76044463553355568     
   591.20000000000061      -0.79016792106752520     
   592.00000000000057      -0.81508813554455950     
   592.80000000000052      -0.83553548903617436     
   593.60000000000048      -0.85175570606721784     
   594.40000000000043      -0.86377795423020176     
   595.20000000000039      -0.87143892446784144     
   596.00000000000034      -0.87453920032072796     
   596.80000000000030      -0.87300846779690044     
   597.60000000000025      -0.86695505668907291     
   598.40000000000020      -0.85657052705291647     
   599.20000000000016      -0.84197166599058959     
   600.00000000000011      -0.82310209403679813     
   600.80000000000007      -0.79975965678517391     
   601.60000000000002      -0.77171690489656031     
   602.39999999999998      -0.73883950624730454     
   603.19999999999993      -0.70112248333979632     
   603.99999999999989      -0.65863419800561629     
   604.79999999999984      -0.61142405190924110     
   605.59999999999980      -0.55946667520223503     
   606.39999999999975      -0.50268135308607609     
   607.19999999999970      -0.44101391059496647     
   607.99999999999966      -0.37453604354852765     
   608.79999999999961      -0.30351901582290242     
   609.59999999999957      -0.22846396007112180     
   610.39999999999952      -0.15009729102419328     
   611.19999999999948       -6.9350153363269829E-002
   611.99999999999943        1.2667181420470214E-002
   612.79999999999939        9.4702005302572986E-002
   613.59999999999934       0.17542505742915981     
   614.39999999999930       0.25354005640439803     
   615.19999999999925       0.32792923351238618     
   615.99999999999920       0.39779537449662167     
   616.79999999999916       0.46273904297473883     
   617.59999999999911       0.52271991723413880     
   618.39999999999907       0.57790083616131471     
   619.19999999999902       0.62844076297348206     
   619.99999999999898       0.67434408540722890     
   620.79999999999893       0.71545057069936868     
   621.59999999999889       0.75156515117007272     
   622.39999999999884       0.78263126211905720     
   623.19999999999879       0.80881652359861955     
   623.99999999999875       0.83044000167152288     
   624.79999999999870       0.84778826288199094     
   625.59999999999866       0.86095372501241585     
   626.39999999999861       0.86981344909568914     
   627.19999999999857       0.87415917543723476     
   627.99999999999852       0.87387448913559873     
   628.79999999999848       0.86902357458382473     
   629.59999999999843       0.85979075019205675     
   630.39999999999839       0.84632711918376458     
   631.19999999999834       0.82862580088375237     
   631.99999999999829       0.80651452377780797     
   632.79999999999825       0.77975905191732509     
   633.59999999999820       0.74819207135202115     
   634.39999999999816       0.71177596665012799     
   635.19999999999811       0.67056828580247352     
   635.99999999999807       0.62463168589497775     
   636.79999999999802       0.57396237455969934     
   637.59999999999798       0.51848843888747687     
   638.39999999999793       0.45813856556738641     
   639.19999999999789       0.39294157486097625     
   639.99999999999784       0.32311004877510147     
   640.79999999999779       0.24908240586506342     
   641.59999999999775       0.17152593357355023     
   642.39999999999770        9.1318866058453282E-002
   643.19999999999766        9.5260072071117058E-003
   643.99999999999761       -7.2633468880849691E-002
   644.79999999999757      -0.15384209669247922     
   645.59999999999752      -0.23278140832836591     
   646.39999999999748      -0.30827029912831860     
   647.19999999999743      -0.37941356279374827     
   647.99999999999739      -0.44570281347420032     
   648.79999999999734      -0.50701192796818784     
   649.59999999999729      -0.56346897459810441     
   650.39999999999725      -0.61525314948452825     
   651.19999999999720      -0.66241826298056050     
   651.99999999999716      -0.70484049503330026     
   652.79999999999711      -0.74231648906445236     
   653.59999999999707      -0.77473808498585806     
   654.39999999999702      -0.80221278518958683     
   655.19999999999698      -0.82503427390275208     
   655.99999999999693      -0.84351744036644494     
   656.79999999999688      -0.85781634018652575     
   657.59999999999684      -0.86785853462827778     
   658.39999999999679      -0.87344068047911350     
   659.19999999999675      -0.87440710545311306     
   659.99999999999670      -0.87077308126995245     
   660.79999999999666      -0.86270374614298273     
   661.59999999999661      -0.85037487826512337     
   662.39999999999657      -0.83382860844012907     
   663.19999999999652      -0.81293062540486172     
   663.99999999999648      -0.78744986692718677     
   664.79999999999643      -0.75719079510786569     
   665.59999999999638      -0.72208036983958857     
   666.39999999999634      -0.68215830228899677     
   667.19999999999629      -0.63749498035756824     
   667.99999999999625      -0.58810807503353857     
   668.79999999999620      -0.53393973225812419     
   669.59999999999616      -0.47490903730056505     
   670.39999999999611      -0.41100817645009891     
   671.19999999999607      -0.34239408979794955     
   671.99999999999602      -0.26944258503730256     
   672.79999999999598      -0.19276042525408116     
   673.59999999999593      -0.11317116697963735     
   674.39999999999588       -3.1691901852847648E-002
   675.19999999999584        5.0495702659885580E-002
   675.99999999999579       0.13209305334534216     
   676.79999999999575       0.21176975171734874     
   677.59999999999570       0.28829252406484607     
   678.39999999999566       0.36067588283717283     
   679.19999999999561       0.42830228567040396     
   679.99999999999557       0.49095019543455509     
   680.79999999999552       0.54869749899549169     
   681.59999999999548       0.60173015943584074     
   682.39999999999543       0.65014743177743073     
   683.19999999999538       0.69386950353433119     
   683.99999999999534       0.73269827266286414     
   684.79999999999529       0.76648336237257586     
   685.59999999999525       0.79526992430394483     
   686.39999999999520       0.81931350064730968     
   687.19999999999516       0.83894320279571755     
   687.99999999999511       0.85436965872937631     
   688.79999999999507       0.86557838781391816     
   689.59999999999502       0.87238484389565640     
   690.39999999999498       0.87460363473354608     
   691.19999999999493       0.87219941124787426     
   691.99999999999488       0.86530727226292337     
   692.79999999999484       0.85411649354236585     
   693.59999999999479       0.83871497869491629     
   694.39999999999475       0.81901262997897750     
   695.19999999999470       0.79479180871431976     
   695.99999999999466       0.76583540172962195     
   696.79999999999461       0.73203407077898808     
   697.59999999999457       0.69340326427017729     
   698.39999999999452       0.65001464644392415     
   699.19999999999447       0.60190560974012630     
   699.99999999999443       0.54903638420216083     
   700.79999999999438       0.49132375654437682     
   701.59999999999434       0.42873015206500553     
   702.39999999999429       0.36136082873738029     
   703.19999999999425       0.28952975938871173     
   703.99999999999420       0.21378204227873332     
   704.79999999999416       0.13488484085817398     
   705.59999999999411        5.3805506442019604E-002
   706.39999999999407       -2.8315151142451561E-002
   707.19999999999402      -0.11020356307038243     
   707.99999999999397      -0.19052691465598079     
   708.79999999999393      -0.26801104862743669     
   709.59999999999388      -0.34158932772808309     
   710.39999999999384      -0.41053730905570113     
   711.19999999999379      -0.47453083852585537     
   711.99999999999375      -0.53358313022716153     
   712.79999999999370      -0.58787207032846100     
   713.59999999999366      -0.63753530698191052     
   714.39999999999361      -0.68254174995079064     
   715.19999999999357      -0.72271141067680278     
   715.99999999999352      -0.75786318317971113     
   716.79999999999347      -0.78798107399890804     
   717.59999999999343      -0.81327191341355254     
   718.39999999999338      -0.83406416008591366     
   719.19999999999334      -0.85061676709032386     
   719.99999999999329      -0.86297752193205612     
   720.79999999999325      -0.87099383865533331     
   721.59999999999320      -0.87446230124386193     
   722.39999999999316      -0.87329845822096064     
   723.19999999999311      -0.86759827922544808     
   723.99999999999307      -0.85755246380011951     
   724.79999999999302      -0.84328881287138013     
   725.59999999999297      -0.82476543937264679     
   726.39999999999293      -0.80178807779799688     
   727.19999999999288      -0.77412628034969666     
   727.99999999999284      -0.74163560936539707     
   728.79999999999279      -0.70430185134097756     
   729.59999999999275      -0.66219092550084413     
   730.39999999999270      -0.61535665125138905     
   731.19999999999266      -0.56377994006796439     
   731.99999999999261      -0.50738206381238471     
   732.79999999999256      -0.44610300458956031     
   733.59999999999252      -0.38000120274604443     
   734.39999999999247      -0.30933034646359492     
   735.19999999999243      -0.23457309001506349     
   735.99999999999238      -0.15643856016895238     
   736.79999999999234       -7.5842477951203913E-002
   737.59999999999229        6.1180497779653037E-003
   738.39999999999225        8.8199754351268783E-002
   739.19999999999220       0.16907606343492981     
   739.99999999999216       0.24744304552463656     
   740.79999999999211       0.32216310410480170     
   741.59999999999206       0.39240940985422990     
   742.39999999999202       0.45775055528757241     
   743.19999999999197       0.51812203661972778     
   743.99999999999193       0.57367806807362187     
   744.79999999999188       0.62458487731349144     
   745.59999999999184       0.67086165729522573     
   746.39999999999179       0.71235797390599442     
   747.19999999999175       0.74887489604150081     
   747.99999999999170       0.78033981038142908     
   748.79999999999166       0.80690303440341049     
   749.59999999999161       0.82887757471110435     
   750.39999999999156       0.84655974167154213     
   751.19999999999152       0.86006046424155203     
   751.99999999999147       0.86927075846863122     
   752.79999999999143       0.87398236276779362     
   753.59999999999138       0.87406643870775158     
   754.39999999999134       0.86957310328702453     
   755.19999999999129       0.86068222304438691     
   755.99999999999125       0.84755326404018427     
   756.79999999999120       0.83019398040017034     
   757.59999999999116       0.80844253280095235     
   758.39999999999111       0.78206456184937945     
   759.19999999999106       0.75088384235672911     
   759.99999999999102       0.71485251542348494     
   760.79999999999097       0.67402357856104589     
   761.59999999999093       0.62846259232682677     
   762.39999999999088       0.57817218231184708     
   763.19999999999084       0.52308408779118420     
   763.99999999999079       0.46312338400361686     
   764.79999999999075       0.39830740230625966     
   765.59999999999070       0.32883195104932939     
   766.39999999999065       0.25511693748416486     
   767.19999999999061       0.17781192779999311     
   767.99999999999056        9.7779205817109638E-002
   768.79999999999052        1.6069720575154628E-002
   769.59999999999047       -6.6108036587641000E-002
   770.39999999999043      -0.14744147430002155     
   771.19999999999038      -0.22660756871125931     
   771.99999999999034      -0.30240865073536954     
   772.79999999999029      -0.37392200536303577     
   773.59999999999025      -0.44060694945936207     
   774.39999999999020      -0.50231010490111039     
   775.19999999999015      -0.55914630686770594     
   775.99999999999011      -0.61129822188837957     
   776.79999999999006      -0.65883362433851755     
   777.59999999999002      -0.70164101056222750     
   778.39999999998997      -0.73951718184327708     
   779.19999999998993      -0.77234044039375271     
   779.99999999998988      -0.80019997051289771     
   780.79999999998984      -0.82337944442502586     
   781.59999999998979      -0.84219946458707640     
   782.39999999998975      -0.85683145407233652     
   783.19999999998970      -0.86721943205806207     
   783.99999999998965      -0.87316417389823786     
   784.79999999998961      -0.87450013846228458     
   785.59999999998956      -0.87122769679953094     
   786.39999999998952      -0.86350418684227170     
   787.19999999998947      -0.85151058473799379     
   787.99999999998943      -0.83530298477400922     
   788.79999999998938      -0.81475956394008175     
   789.59999999998934      -0.78965215649760756     
   790.39999999998929      -0.75977808940978675     
   791.19999999998925      -0.72505361316790951     
   791.99999999998920      -0.68551191068460282     
   792.79999999998915      -0.64122445055625299     
   793.59999999998911      -0.59221497535850487     
   794.39999999998906      -0.53843060870902015     
   795.19999999998902      -0.47978901607533525     
   795.99999999998897      -0.41627286450739465     
   796.79999999998893      -0.34802339291327944     
   797.59999999998888      -0.27539805179665727     
   798.39999999998884      -0.19898551539188164     
   799.19999999998879      -0.11959287803991966     
