   0.0000000000000000      -0.40156556616244521     
  0.80000000000000004       -2.5719543805678036E-002
   1.6000000000000001       -8.3457412657647556E-002
   2.4000000000000004      -0.34221457997494242     
   3.2000000000000002       -8.0322202552483679E-002
   4.0000000000000000       0.59282842020505166     
   4.7999999999999998       0.73018575151076071     
   5.5999999999999996       -1.8020545440750046E-003
   6.3999999999999995      -0.71764682728216878     
   7.1999999999999993      -0.54895737166328262     
   7.9999999999999991       0.12737534168314046     
   8.7999999999999989       0.34549195398736776     
   9.5999999999999996        5.0698404901996508E-003
   10.400000000000000      -0.11850266198186224     
   11.200000000000001       0.27154937624065245     
   12.000000000000002       0.47536684695507514     
   12.800000000000002       -4.0563177246608073E-002
   13.600000000000003      -0.67543775439574782     
   14.400000000000004      -0.51819334334153999     
   15.200000000000005       0.24743408619877860     
   16.000000000000004       0.59446050648855941     
   16.800000000000004       0.16379180943891664     
   17.600000000000005      -0.27302605837992722     
   18.400000000000006       -8.2839815789303051E-002
   19.200000000000006       0.27309313293337328     
   20.000000000000007        6.2251965485982885E-002
   20.800000000000008      -0.46852976476962882     
   21.600000000000009      -0.43693566484396323     
   22.400000000000009       0.24561384565229399     
   23.200000000000010       0.65148901995462905     
   24.000000000000011       0.21687137486542007     
   24.800000000000011      -0.40106217029791646     
   25.600000000000012      -0.34653090406220333     
   26.400000000000013       0.15824114851535720     
   27.200000000000014       0.24118582414462181     
   28.000000000000014      -0.20454958759363812     
   28.800000000000015      -0.37095262176967325     
   29.600000000000016       0.12663643294704791     
   30.400000000000016       0.57224283208923721     
   31.200000000000017       0.24367588293816445     
   32.000000000000014      -0.42718573265944104     
   32.800000000000011      -0.48664841254268698     
   33.600000000000009        9.3913470840119695E-002
   34.400000000000006       0.40674403316502017     
   35.200000000000003        3.4197274209809503E-002
   36.000000000000000      -0.33896358670412624     
   36.799999999999997       -6.2359476017187054E-002
   37.599999999999994       0.42155594560989623     
   38.399999999999991       0.28244834210379688     
   39.199999999999989      -0.34495058696036529     
   39.999999999999986      -0.52455879816902085     
   40.799999999999983        2.9616070728842980E-002
   41.599999999999980       0.49556499744220806     
   42.399999999999977       0.21152569193684689     
   43.199999999999974      -0.32062519195754047     
   43.999999999999972      -0.25863207190136828     
   44.799999999999969       0.25262015281363881     
   45.599999999999966       0.33859062884912883     
   46.399999999999963      -0.18508948496369526     
   47.199999999999960      -0.49452317852074806     
   47.999999999999957       -6.0463790572322096E-002
   48.799999999999955       0.48890874915674776     
   49.599999999999952       0.32840850232918539     
   50.399999999999949      -0.28160366582877949     
   51.199999999999946      -0.40976928338942342     
   51.999999999999943        9.4973875814450381E-002
   52.799999999999940       0.39406357697271732     
   53.599999999999937        7.3493878852622374E-003
   54.399999999999935      -0.42608773568662173     
   55.199999999999932      -0.17549663159885315     
   55.999999999999929       0.39993580293921899     
   56.799999999999926       0.39842286015261652     
   57.599999999999923      -0.20063234734127711     
   58.399999999999920      -0.48938084632763107     
   59.199999999999918       -4.4433981034269598E-002
   59.999999999999915       0.42093920423284059     
   60.799999999999912       0.19012108749978274     
   61.599999999999909      -0.33696978814037437     
   62.399999999999906      -0.29670359735917096     
   63.199999999999903       0.25698565165808218     
   63.999999999999901       0.43305430720762328     
   64.799999999999898       -7.7637256072504823E-002
   65.599999999999895      -0.49489731481432359     
   66.399999999999892      -0.16815164655209691     
   67.199999999999889       0.39794890768157509     
   67.999999999999886       0.33479361530195439     
   68.799999999999883      -0.23274950703723996     
   69.599999999999881      -0.39767746900400303     
   70.399999999999878        9.0807286112588315E-002
   71.199999999999875       0.43714790559667166     
   71.999999999999872        7.1128954912127285E-002
   72.799999999999869      -0.43792360275001013     
   73.599999999999866      -0.27689501389908594     
   74.399999999999864       0.31949674909005160     
   75.199999999999861       0.42826850522733950     
   75.999999999999858      -0.11354792961204518     
   76.799999999999855      -0.45510465128320338     
   77.599999999999852       -7.3545902171005373E-002
   78.399999999999849       0.40934921109561179     
   79.199999999999847       0.22130103165234349     
   79.999999999999844      -0.33561507298887350     
   80.799999999999841      -0.36586278709114800     
   81.599999999999838       0.19485319900348669     
   82.399999999999835       0.46820567319400380     
   83.199999999999832        1.8097934697568041E-002
   83.999999999999829      -0.45619610362791774     
   84.799999999999827      -0.21910392734533907     
   85.599999999999824       0.34616287087152081     
   86.399999999999821       0.34842437195082504     
   87.199999999999818      -0.20494033042546217     
   87.999999999999815      -0.42592293708286899     
   88.799999999999812        4.2661727872983002E-002
   89.599999999999810       0.45799820892633702     
   90.399999999999807       0.15370273099796677     
   91.199999999999804      -0.40039111541652977     
   91.999999999999801      -0.33512632680112658     
   92.799999999999798       0.24730832196489155     
   93.599999999999795       0.43391199147692650     
   94.399999999999793       -6.0341231247562299E-002
   95.199999999999790      -0.44702498599598023     
   95.999999999999787      -0.11513050746562564     
   96.799999999999784       0.40348368380639027     
   97.599999999999781       0.27972321996451577     
   98.399999999999778      -0.29689601486159389     
   99.199999999999775      -0.41449368685960719     
   99.999999999999773       0.11893479073756985     
   100.79999999999977       0.46768050339879574     
   101.59999999999977        8.5730852935827495E-002
   102.39999999999976      -0.42230089628320489     
   103.19999999999976      -0.25804520328249692     
   103.99999999999976       0.31158946401998444     
   104.79999999999976       0.38070255788106361     
   105.59999999999975      -0.16073077398329289     
   106.39999999999975      -0.45229225779898685     
   107.19999999999975       -2.6473415682988222E-002
   107.99999999999974       0.44792614992120533     
   108.79999999999974       0.22140710202383967     
   109.59999999999974      -0.35112592094916423     
   110.39999999999974      -0.36986047852540027     
   111.19999999999973       0.19055979364886622     
   111.99999999999973       0.44293382654921126     
   112.79999999999973       -9.1193728094986493E-003
   113.59999999999972      -0.44569684761451012     
   114.39999999999972      -0.17241515580979627     
   115.19999999999972       0.37945141560516327     
   115.99999999999972       0.33489141152656537     
   116.79999999999971      -0.23995176968724935     
   117.59999999999971      -0.43963094985528900     
   118.39999999999971        5.0782444298249518E-002
   119.19999999999970       0.45747057863614921     
   119.99999999999970       0.14094589589682338     
   120.79999999999970      -0.39473939629140153     
   121.59999999999970      -0.30150309783586715     
   122.39999999999969       0.27166776232463385     
   123.19999999999969       0.41518572633316653     
   123.99999999999969      -0.10109098342825951     
   124.79999999999968      -0.46167207202240446     
   125.59999999999968       -9.4915448541265213E-002
   126.39999999999968       0.42177292072018047     
   127.19999999999968       0.27405329874176254     
   127.99999999999967      -0.30333461201681100     
   128.79999999999967      -0.39841449916171995     
   129.59999999999968       0.13690069952829548     
   130.39999999999969       0.45352664496615930     
   131.19999999999970        4.9556393929163389E-002
   131.99999999999972      -0.43516818661251677     
   132.79999999999973      -0.23202540564376173     
   133.59999999999974       0.33984285860447427     
   134.39999999999975       0.37719677910419819     
   135.19999999999976      -0.17980005768344459     
   135.99999999999977      -0.45205742985644137     
   136.79999999999978       -1.0802919872414940E-002
   137.59999999999980       0.44493978261016542     
   138.39999999999981       0.19494968658304626     
   139.19999999999982      -0.36374062273641172     
   139.99999999999983      -0.34599264538323382     
   140.79999999999984       0.22117935441398295     
   141.59999999999985       0.44048734760633523     
   142.39999999999986       -3.6440950826893193E-002
   143.19999999999987      -0.45674153272135160     
   143.99999999999989      -0.15658112104694122     
   144.79999999999990       0.38941515168295582     
   145.59999999999991       0.31908298426027915     
   146.39999999999992      -0.25501417634810553     
   147.19999999999993      -0.42419385400479448     
   147.99999999999994        7.9126500092399188E-002
   148.79999999999995       0.45783372113839682     
   149.59999999999997       0.11171500284034058     
   150.39999999999998      -0.41246254177679625     
   151.19999999999999      -0.28576073441470418     
   152.00000000000000       0.29229680492614396     
   152.80000000000001       0.40872279178564852     
   153.60000000000002      -0.12005976047528821     
   154.40000000000003      -0.45771659212283594     
   155.20000000000005       -7.0871416076606686E-002
   156.00000000000006       0.42752731017498313     
   156.80000000000007       0.24871047063409296     
   157.60000000000008      -0.32450904149596355     
   158.40000000000009      -0.38512408651031171     
   159.20000000000010       0.16374478712129825     
   160.00000000000011       0.45464060209056384     
   160.80000000000013        2.7418877366618966E-002
   161.60000000000014      -0.44259169640240736     
   162.40000000000015      -0.21289544118106504     
   163.20000000000016       0.35258281113314915     
   164.00000000000017       0.35963323395077013     
   164.80000000000018      -0.20258824996853625     
   165.60000000000019      -0.44427618385204048     
   166.40000000000020        1.7483639918482174E-002
   167.20000000000022       0.45234950700856291     
   168.00000000000023       0.17223753259140662     
   168.80000000000024      -0.38031341711062483     
   169.60000000000025      -0.33208135519965193     
   170.40000000000026       0.24062466606412919     
   171.20000000000027       0.43242651612590577     
   172.00000000000028       -5.9673432241006352E-002
   172.80000000000030      -0.45684274837739774     
   173.60000000000031      -0.13081508701190059     
   174.40000000000032       0.40239768623592076     
   175.20000000000033       0.29922243872324755     
   176.00000000000034      -0.27759895239836158     
   176.80000000000035      -0.41604790612335618     
   177.60000000000036       0.10321353399774713     
   178.40000000000038       0.45925915653093941     
   179.20000000000039        8.9278883098383610E-002
   180.00000000000040      -0.42129639103852423     
   180.80000000000041      -0.26528322018928319     
   181.60000000000042       0.31022434272422195     
   182.40000000000043       0.39487859798017910     
   183.20000000000044      -0.14549160102481484     
   184.00000000000045      -0.45610293648177253     
   184.80000000000047       -4.5302586835842373E-002
   185.60000000000048       0.43733548099933051     
   186.40000000000049       0.22872626078884450     
   187.20000000000050      -0.34124900219663434     
   188.00000000000051      -0.37159191318508089     
   188.80000000000052       0.18556062934534245     
   189.60000000000053       0.44894260466690139     
   190.40000000000055        1.9431977439939851E-003
   191.20000000000056      -0.44810957575310573     
   192.00000000000057      -0.18926499759357424     
   192.80000000000058       0.36912072238578081     
   193.60000000000059       0.34406493043052061     
   194.40000000000060      -0.22510011749341413     
   195.20000000000061      -0.43848893299724589     
   196.00000000000063        4.1438399391552971E-002
   196.80000000000064       0.45556524231332440     
   197.60000000000065       0.14910841540414155     
   198.40000000000066      -0.39293575228385147     
   199.20000000000067      -0.31338234724847691     
   200.00000000000068       0.26197812432937073     
   200.80000000000069       0.42315691415424983     
   201.60000000000070       -8.5099134390790088E-002
   202.40000000000072      -0.45895948909060419     
   203.20000000000073      -0.10708176836447875     
   204.00000000000074       0.41398887856665817     
   204.80000000000075       0.28046655764391765     
   205.60000000000076      -0.29639502176706262     
   206.40000000000077      -0.40442712584616025     
   207.20000000000078       0.12729127844992949     
   208.00000000000080       0.45763595285732156     
   208.80000000000081        6.3977482391166629E-002
   209.60000000000082      -0.43092508856246081     
   210.40000000000083      -0.24439903442984240     
   211.20000000000084       0.32863665244149359     
   212.00000000000085       0.38215628693785114     
   212.80000000000086      -0.16863290463482122     
   213.60000000000088      -0.45270097167655787     
   214.40000000000089       -2.0756622644139855E-002
   215.20000000000090       0.44382468463431990     
   216.00000000000091       0.20636656181672283     
   216.80000000000092      -0.35743558523084362     
   217.60000000000093      -0.35600293245938719     
   218.40000000000094       0.20858436147588033     
   219.20000000000095       0.44345778510684664     
   220.00000000000097       -2.3056415677458475E-002
   220.80000000000098      -0.45308068539057750     
   221.60000000000099      -0.16660583028423481     
   222.40000000000100       0.38316497054795795     
   223.20000000000101       0.32697911645621225     
   224.00000000000102      -0.24630907215978370     
   224.80000000000103      -0.43005506086843814     
   225.60000000000105        6.6526974259639104E-002
   226.40000000000106       0.45791846188434165     
   227.20000000000107       0.12503328035005773     
   228.00000000000108      -0.40556025222137310     
   228.80000000000109      -0.29489040027473823     
   229.60000000000110       0.28207515235458069     
   230.40000000000111       0.41302903273034802     
   231.20000000000113      -0.10926334997182735     
   232.00000000000114      -0.45868386891325086     
   232.80000000000115       -8.2563728610819176E-002
   233.60000000000116       0.42403534589452818     
   234.40000000000117       0.26000551687296181     
   235.20000000000118      -0.31523024682773804     
   236.00000000000119      -0.39205755752394822     
   236.80000000000121       0.15122992438746763     
   237.60000000000122       0.45540897859343549     
   238.40000000000123        3.9307335403193810E-002
   239.20000000000124      -0.43884220733674800     
   240.00000000000125      -0.22296385674013541     
   240.80000000000126       0.34542258935342185     
   241.60000000000127       0.36756159642981046     
   242.40000000000128      -0.19167985062334492     
   243.20000000000130      -0.44782743994058694     
   244.00000000000131        4.4056953560961953E-003
   244.80000000000132       0.44965265822149353     
   245.60000000000133       0.18377891886008579     
   246.40000000000134      -0.37264690862638050     
   247.20000000000135      -0.33983244972865700     
   248.00000000000136       0.23040679899775207     
   248.80000000000138       0.43629240929096669     
   249.60000000000139       -4.7936434946350359E-002
   250.40000000000140      -0.45629551491431647     
   251.20000000000141      -0.14293605839773366     
   252.00000000000142       0.39640717754623661     
   252.80000000000143       0.30890035565449581     
   253.60000000000144      -0.26713470988262400     
   254.40000000000146      -0.42080281265389630     
   255.20000000000147        9.1107318929595671E-002
   256.00000000000148       0.45891074679268767     
   256.80000000000149       0.10088054246549621     
   257.60000000000150      -0.41657269045749373     
   258.40000000000151      -0.27523455260881990     
   259.20000000000152       0.30135103766271754     
   260.00000000000153       0.40142520725181946     
   260.80000000000155      -0.13346079045639864     
   261.60000000000156      -0.45730993708468626     
   262.40000000000157       -5.7831355694316855E-002
   263.20000000000158       0.43303140230421122     
   264.00000000000159       0.23908817915356681     
   264.80000000000160      -0.33288795085597478     
   265.60000000000161      -0.37848230774615343     
   266.40000000000163       0.17454540007844455     
   267.20000000000164       0.45154833648226922     
   268.00000000000165        1.4300519647972632E-002
   268.80000000000166      -0.44550129109312969     
   269.60000000000167      -0.20072298510798053     
   270.40000000000168       0.36142844896517828     
   271.20000000000169       0.35207714922451883     
   272.00000000000171      -0.21410758345475278     
   272.80000000000172      -0.44174174495660812     
   273.60000000000173        2.9340386276301256E-002
   274.40000000000174       0.45395915418750360     
   275.20000000000175       0.16059209180376982     
   276.00000000000176      -0.38665347328178828     
   276.80000000000177      -0.32246502330970561     
   277.60000000000178       0.25171256554921562     
   278.40000000000180       0.42788557976613423     
   279.20000000000181       -7.2752932669794823E-002
   280.00000000000182      -0.45831742871955428     
   280.80000000000183      -0.11899369557019118     
   281.60000000000184       0.40841652248348653     
   282.40000000000185       0.28996775895606292     
   283.20000000000186      -0.28702604653527880     
   284.00000000000188      -0.41016236162649961     
   284.80000000000189       0.11547171076479784     
   285.60000000000190       0.45848685628149627     
   286.40000000000191        7.6306696379832173E-002
   287.20000000000192      -0.42647087514609111     
   288.00000000000193      -0.25481567659991916     
   288.80000000000194       0.31977377444219984     
   289.60000000000196       0.38873460169336910     
   290.40000000000197      -0.15715180780029875     
   291.20000000000198      -0.45452321379927546     
   292.00000000000199       -3.2959571514892927E-002
   292.80000000000200       0.44064800941687110     
   293.60000000000201       0.21736240684713154     
   294.40000000000202      -0.34960825948709512     
   295.20000000000203      -0.36375865146678449     
   296.00000000000205       0.19742245568057853     
   296.80000000000206       0.44643346972751213     
   297.60000000000207       -1.0699833836607997E-002
   298.40000000000208      -0.45085328650915357     
   299.20000000000209      -0.17795492947526292     
   300.00000000000210       0.37628273012994840     
   300.80000000000211       0.33550085620173220     
   301.60000000000213      -0.23588837788254557     
   302.40000000000214      -0.43428346274606711     
   303.20000000000215        5.4256948972322805E-002
   304.00000000000216       0.45695848285074026     
   304.80000000000217       0.13692208135704964     
   305.60000000000218      -0.39956258161161118     
   306.40000000000219      -0.30420184666281302     
   307.20000000000221       0.27223244608633201     
   308.00000000000222       0.41821007916277975     
   308.80000000000223       -9.7309994016399837E-002
   309.60000000000224      -0.45892075054631681     
   310.40000000000225       -9.4662556964682010E-002
   311.20000000000226       0.41921166168812113     
   312.00000000000227       0.27013764684990554     
   312.80000000000229      -0.30611535223057990     
   313.60000000000230      -0.39833637947447598     
   314.40000000000231       0.13949196997106161     
   315.20000000000232       0.45673018309380958     
   316.00000000000233        5.1550960391754108E-002
   316.80000000000234      -0.43507057593941184     
   317.60000000000235      -0.23363745193509286     
   318.40000000000236       0.33722212156640141     
   319.20000000000238       0.37484978915351475     
   320.00000000000239      -0.18040505158691933     
   320.80000000000240      -0.45038867978432101     
   321.60000000000241       -7.9697395145169048E-003
   322.40000000000242       0.44698889790588725     
   323.20000000000243       0.19501808846545404     
   324.00000000000244      -0.36528644335655286     
   324.80000000000246      -0.34797159121057042     
   325.60000000000247       0.21968421471412014     
   326.40000000000248       0.43996658747975859     
   327.20000000000249       -3.5672739805199583E-002
   328.00000000000250      -0.45484995516003007     
   328.80000000000251      -0.15463340006743298     
   329.60000000000252       0.39004217423057896     
   330.40000000000254       0.31793350429641143     
   331.20000000000255      -0.25698195811200908     
   332.00000000000256      -0.42555637913042027     
   332.80000000000257        7.8991585980072998E-002
   333.60000000000258       0.45859277271754451     
   334.40000000000259       0.11285667284849554     
   335.20000000000260      -0.41126535265801123     
   336.00000000000261      -0.28501676596730285     
   336.80000000000263       0.29195136578703162     
   337.60000000000264       0.40728274302644296     
   338.40000000000265      -0.12159484248965202     
   339.20000000000266      -0.45817569594045399     
   340.00000000000267       -7.0058040460209192E-002
   340.80000000000268       0.42876813094371952     
   341.60000000000269       0.24952028382642255     
   342.40000000000271      -0.32428206558654338     
   343.20000000000272      -0.38531962673112180     
   344.00000000000273       0.16309276659221900     
   344.80000000000274       0.45360204597528081     
   345.60000000000275        2.6630366289781493E-002
   346.40000000000276      -0.44238353562980365     
   347.20000000000277      -0.21176178539864032     
   348.00000000000279       0.35368140384504809     
   348.80000000000280       0.35986241765999483     
   349.60000000000281      -0.20311715067713287     
   350.40000000000282      -0.44491765549228557     
   351.20000000000283        1.7032725946389937E-002
   352.00000000000284       0.45199045109809843     
   352.80000000000285       0.17208980530863871     
   353.60000000000286      -0.37987831969560182     
   354.40000000000288      -0.33114182775626866     
   355.20000000000289       0.24130388267063541     
   356.00000000000290       0.43219649641734720     
   356.80000000000291       -6.0540255870405291E-002
   357.60000000000292      -0.45750150034944520     
   358.40000000000293      -0.13086220141528115     
   359.20000000000294       0.40263870336683094     
   360.00000000000296       0.29942243572311411     
   360.80000000000297      -0.27730728820611517     
   361.60000000000298      -0.41555613731456997     
   362.40000000000299       0.10349559634924488     
   363.20000000000300       0.45886270591495842     
   364.00000000000301        8.8452197941661537E-002
   364.80000000000302      -0.42175340520226406     
   365.60000000000304      -0.26498941367938356     
   366.40000000000305       0.31080476989768946     
   367.20000000000306       0.39514874342067419     
   368.00000000000307      -0.14551242931137487     
   368.80000000000308      -0.45606396311859676     
   369.60000000000309       -4.5246898073571351E-002
   370.40000000000310       0.43704688257877028     
   371.20000000000312       0.22815687774784632     
   372.00000000000313      -0.34149061419810112     
   372.80000000000314      -0.37115743749686725     
   373.60000000000315       0.18621265765163642     
   374.40000000000316       0.44912946838174267     
   375.20000000000317        1.6354857867109662E-003
   376.00000000000318      -0.44838130628962647     
   376.80000000000319      -0.18926052712061231     
   377.60000000000321       0.36908717640096583     
   378.40000000000322       0.34380211914403680     
   379.20000000000323      -0.22522721571460025     
   380.00000000000324      -0.43812111544041471     
   380.80000000000325        4.1987006389646919E-002
   381.60000000000326       0.45565116317166743     
   382.40000000000327       0.14865203513445968     
   383.20000000000329      -0.39334450416989231     
   384.00000000000330      -0.31333107124704773     
   384.80000000000331       0.26220532144453890     
   385.60000000000332       0.42314035295034946     
   386.40000000000333       -8.5225585679859384E-002
   387.20000000000334      -0.45878988137907956     
   388.00000000000335      -0.10670124305444151     
   388.80000000000337       0.41404032165141802     
   389.60000000000338       0.28002053613449845     
   390.40000000000339      -0.29681268679104905     
   391.20000000000340      -0.40432227022167333     
   392.00000000000341       0.12769110277794549     
   392.80000000000342       0.45776904992392503     
   393.60000000000343        6.3788547874364332E-002
   394.40000000000344      -0.43098662957922290     
   395.20000000000346      -0.24417441800018697     
   396.00000000000347       0.32873552687986779     
   396.80000000000348       0.38183794102122781     
   397.60000000000349      -0.16899968055845094     
   398.40000000000350      -0.45259655621171802     
   399.20000000000351       -2.0302148964359779E-002
   400.00000000000352       0.44402846817800906     
   400.80000000000354       0.20611793513466667     
   401.60000000000355      -0.35768536602022938     
   402.40000000000356      -0.35589231349900169     
   403.20000000000357       0.20877865955108460     
   404.00000000000358       0.44331965725760036     
   404.80000000000359       -2.3363639880067011E-002
   405.60000000000360      -0.45304582459485288     
   406.40000000000362      -0.16619684925813771     
   407.20000000000363       0.38339887461788724     
   408.00000000000364       0.32672058083720523     
   408.80000000000365      -0.24666958731755817     
   409.60000000000366      -0.43002257628366530     
   410.40000000000367        6.6814443847415195E-002
   411.20000000000368       0.45795647460051758     
   412.00000000000369       0.12477416095383687     
   412.80000000000371      -0.40564199142522273     
   413.60000000000372      -0.29458825149396617     
   414.40000000000373       0.28232978214190896     
   415.20000000000374       0.41282566606855753     
   416.00000000000375      -0.10965795221507280     
   416.80000000000376      -0.45871483874094426     
   417.60000000000377       -8.2225309115646128E-002
   418.40000000000379       0.42421228517747994     
   419.20000000000380       0.25978755674165388     
   420.00000000000381      -0.31543703117033495     
   420.80000000000382      -0.39188557752761233     
   421.60000000000383       0.15150718569322486     
   422.40000000000384       0.45531340436971590     
   423.20000000000385        3.8936180498039263E-002
   424.00000000000387      -0.43893976350392827     
   424.80000000000388      -0.22263454648730938     
   425.60000000000389       0.34569162301224488     
   426.40000000000390       0.36739248566837568     
   427.20000000000391      -0.19198491288732999     
   428.00000000000392      -0.44778302509414342     
   428.80000000000393        4.7011331249042776E-003
   429.60000000000394       0.44968973844613930     
   430.40000000000396       0.18346713664779524     
   431.20000000000397      -0.37281880424932368     
   432.00000000000398      -0.33956891739090922     
   432.80000000000399       0.23072586030214204     
   433.60000000000400       0.43619171095326903     
   434.40000000000401       -4.8292183154743928E-002
   435.20000000000402      -0.45636371400522863     
   436.00000000000404      -0.14264105886829953     
   436.80000000000405       0.39657214547698710     
   437.60000000000406       0.30866801254112819     
   438.40000000000407      -0.26738021331616468     
   439.20000000000408      -0.42064475049749339     
   440.00000000000409        9.1442971012499097E-002
   440.80000000000410       0.45890008534729471     
   441.60000000000412       0.10052682325797174     
   442.40000000000413      -0.41673521493092919     
   443.20000000000414      -0.27497055744705345     
   444.00000000000415       0.30161691273618496     
   444.80000000000416       0.40128348227255528     
   445.60000000000417      -0.13376400610284622     
   446.40000000000418      -0.45727533518050112     
   447.20000000000420       -5.7506522009007299E-002
   448.00000000000421       0.43312387614312259     
   448.80000000000422       0.23878291662135065     
   449.60000000000423      -0.33312602810959235     
   450.40000000000424      -0.37828372803752935     
   451.20000000000425       0.17487354483090406     
   452.00000000000426       0.45150380861146389     
   452.80000000000427        1.3969806112822780E-002
   453.60000000000429      -0.44558836157511156     
   454.40000000000430      -0.20043409353669256     
   455.20000000000431       0.36162191710253483     
   456.00000000000432       0.35185461431928916     
   456.80000000000433      -0.21440063490218381     
   457.60000000000434      -0.44163763174771181     
   458.40000000000435        2.9689364723945677E-002
   459.20000000000437       0.45401438884713680     
   460.00000000000438       0.16027244148663672     
   460.80000000000439      -0.38684580312620703     
   461.60000000000440      -0.32223639422204525     
   462.40000000000441       0.25198862779511816     
   463.20000000000442       0.42776640646929459     
   464.00000000000443       -7.3076309980422971E-002
   464.80000000000445      -0.45832454075434159     
   465.60000000000446      -0.11866270095808285     
   466.40000000000447       0.40856802651694102     
   467.20000000000448       0.28969827653515590     
   468.00000000000449      -0.28729804281189297     
   468.80000000000450      -0.41001608969666031     
   469.60000000000451       0.11579931014437012     
   470.40000000000452       0.45847902718456413     
   471.20000000000454        7.5982412158778934E-002
   472.00000000000455      -0.42659050249512492     
   472.80000000000456      -0.25453612975489837     
   473.60000000000457       0.32000951541428668     
   474.40000000000458       0.38854796550294268     
   475.20000000000459      -0.15747281879808084     
   476.00000000000460      -0.45447591130948944     
   476.80000000000462       -3.2618380280773629E-002
   477.60000000000463       0.44074855144824726     
   478.40000000000464       0.21706957037090846     
   479.20000000000465      -0.34982677386569172     
   480.00000000000466      -0.36355718814012961     
   480.80000000000467       0.19772088779458608     
   481.60000000000468       0.44635127358682702     
   482.40000000000470       -1.1036764825160084E-002
   483.20000000000471      -0.45091251537789301     
   484.00000000000472      -0.17763907600256373     
   484.80000000000473       0.37647919354396425     
   485.60000000000474       0.33527088929596660     
   486.40000000000475      -0.23618041511780430     
   487.20000000000476      -0.43417877777647107     
   488.00000000000477        5.4588263072702370E-002
   488.80000000000479       0.45698916189459121     
   489.60000000000480       0.13660283193762096     
   490.40000000000481      -0.39972438313748454     
   491.20000000000482      -0.30394622355051398     
   492.00000000000483       0.27250416081501344     
   492.80000000000484       0.41806892863449580     
   493.60000000000485       -9.7642706982896288E-002
   494.40000000000487      -0.45892251526900640     
   495.20000000000488       -9.4333286653943305E-002
   496.00000000000489       0.41935053875315104     
   496.80000000000490       0.26986798537952861     
   497.60000000000491      -0.30636383407739731     
   498.40000000000492      -0.39816811322177154     
   499.20000000000493       0.13981146789640081     
   500.00000000000495       0.45669443089453771     
   500.80000000000496        5.1213742391187422E-002
   501.60000000000497      -0.43517844520271570     
   502.40000000000498      -0.23334596138457725     
   503.20000000000499       0.33745295857483931     
   504.00000000000500       0.37465718864267994     
   504.80000000000501      -0.18071412603149983     
   505.60000000000502      -0.45032478760600686     
   506.40000000000504       -7.6347832570454188E-003
   507.20000000000505       0.44706331001238592     
   508.00000000000506       0.19471211731082688     
   508.80000000000507      -0.36548960283352078     
   509.60000000000508      -0.34774984630840555     
   510.40000000000509       0.21998168807721930     
   511.20000000000510       0.43987122644095777     
   512.00000000000512       -3.6009327438809469E-002
   512.80000000000507      -0.45489620153828414     
   513.60000000000502      -0.15431746032245303     
   514.40000000000498       0.39021903065642488     
   515.20000000000493       0.31769069706637443     
   516.00000000000489      -0.25725975254833588     
   516.80000000000484      -0.42542862057681008     
   517.60000000000480        7.9324157833266962E-002
   518.40000000000475       0.45860511148631244     
   519.20000000000471       0.11252875476912605     
   520.00000000000466      -0.41141608699295540     
   520.80000000000462      -0.28475300896661304     
   521.60000000000457       0.29221158366962541     
   522.40000000000452       0.40712817271172475     
   523.20000000000448      -0.12191862419417043     
   524.00000000000443      -0.45815569553333008     
   524.80000000000439       -6.9725109172059041E-002
   525.60000000000434       0.42888738355387945     
   526.40000000000430       0.24923622629184117     
   527.20000000000425      -0.32452102246860892     
   528.00000000000421      -0.38513617698276326     
   528.80000000000416       0.16340839851646261     
   529.60000000000412       0.45355157988598716     
   530.40000000000407        2.6294421959307090E-002
   531.20000000000402      -0.44247322725013027     
   532.00000000000398      -0.21146320651020295     
   532.80000000000393       0.35389531919828515     
   533.60000000000389       0.35965251870587378     
   534.40000000000384      -0.20341920025024540     
   535.20000000000380      -0.44483430649874944     
   536.00000000000375        1.7370177802590758E-002
   536.80000000000371       0.45204919480156536     
   537.60000000000366       0.17177720042495104     
   538.40000000000362      -0.38006781042379811     
   539.20000000000357      -0.33090884654613034     
   540.00000000000352       0.24159001720675938     
   540.80000000000348       0.43208293204883486     
   541.60000000000343       -6.0873893835307558E-002
   542.40000000000339      -0.45752738593554648     
   543.20000000000334      -0.13053865508612467     
   544.00000000000330       0.40280040715390447     
   544.80000000000325       0.29916646412834863     
   545.60000000000321      -0.27757619545597395     
   546.40000000000316      -0.41541325569243898     
   547.20000000000312       0.10382379518440193     
   548.00000000000307       0.45885729846733431     
   548.80000000000302        8.8121829864940715E-002
   549.60000000000298      -0.42188589504753932     
   550.40000000000293      -0.26471395520615060     
   551.20000000000289       0.31105242385034337     
   552.00000000000284       0.39497673961756197     
   552.80000000000280      -0.14583225181647819     
   553.60000000000275      -0.45602630715707554     
   554.40000000000271       -4.4911297867404110E-002
   555.20000000000266       0.43714996343854062     
   556.00000000000261       0.22786452034003052     
   556.80000000000257      -0.34171561409065737     
   557.60000000000252      -0.37095911872621351     
   558.40000000000248       0.18652028942357851     
   559.20000000000243       0.44905977858672746     
   560.00000000000239        1.2983938056937427E-003
   560.80000000000234      -0.44845293588603302     
   561.60000000000230      -0.18895307396344790     
   562.40000000000225       0.36928763274224735     
   563.20000000000221       0.34357870145334807     
   564.00000000000216      -0.22552084157579216     
   564.80000000000211      -0.43802080708428937     
   565.60000000000207        4.2322366005547229E-002
   566.40000000000202       0.45569117386215230     
   567.20000000000198       0.14833311957766004     
   568.00000000000193      -0.39351788196169291     
   568.80000000000189      -0.31308439191217424     
   569.60000000000184       0.26248188702758174     
   570.40000000000180       0.42300959734344112     
   571.20000000000175       -8.5556827459121743E-002
   572.00000000000171      -0.45879810542229355     
   572.80000000000166      -0.10637343203071320     
   573.60000000000161       0.41418568686691598     
   574.40000000000157       0.27975342273105308     
   575.20000000000152      -0.29706948860538795     
   576.00000000000148      -0.40416252149857457     
   576.80000000000143       0.12801467674067923     
   577.60000000000139       0.45774487816735027     
   578.40000000000134        6.3454609330503009E-002
   579.20000000000130      -0.43110243924710967     
   580.00000000000125      -0.24388881129493364     
   580.80000000000121       0.32897071583634807     
   581.60000000000116       0.38165085331107351     
   582.40000000000111      -0.16931283727732138     
   583.20000000000107      -0.45254063080381624     
   584.00000000000102       -1.9965534189547496E-002
   584.80000000000098       0.44411346663156709     
   585.60000000000093       0.20581656184866748     
   586.40000000000089      -0.35789644085338301     
   587.20000000000084      -0.35567920218761051     
   588.00000000000080       0.20907876129701464     
   588.80000000000075       0.44323238423031347     
   589.60000000000070       -2.3700201929186870E-002
   590.40000000000066      -0.45309957793495115     
   591.20000000000061      -0.16588262703012696     
   592.00000000000057       0.38358399208322630     
   592.80000000000052       0.32648365561218273     
   593.60000000000048      -0.24695361782946268     
   594.40000000000043      -0.42990457670723475     
   595.20000000000039        6.7147858963484186E-002
   596.00000000000034       0.45797825320824687     
   596.80000000000030       0.12444966846941058     
   597.60000000000025      -0.40579962580141066     
   598.40000000000020      -0.29432963119884892     
   599.20000000000016       0.28259537577914595     
   600.00000000000011       0.41267825698955840     
   600.80000000000007      -0.10998506079264458     
   601.60000000000002      -0.45870446149560212     
   602.39999999999998       -8.1893660020609438E-002
   603.19999999999993       0.42434077998273584     
   603.99999999999989       0.25950945221248933     
   604.79999999999984      -0.31568177441009715     
   605.59999999999980      -0.39170995302943457     
   606.39999999999975       0.15182522859035696     
   607.19999999999970       0.45527109292078899     
   607.99999999999966        3.8600378954968984E-002
   608.79999999999961      -0.43903806758410086     
   609.59999999999957      -0.22233965570504452     
   610.39999999999952       0.34591317732063742     
   611.19999999999948       0.36719023522998195     
   611.99999999999943      -0.19229091699711220     
   612.79999999999939      -0.44770901100532662     
   613.59999999999934        5.0381585792417805E-003
   614.39999999999930       0.44975696299361440     
   615.19999999999925       0.18315805200988838     
   615.99999999999920      -0.37301529023358432     
   616.79999999999916      -0.33934198131078902     
   617.59999999999911       0.23101704844238607     
   618.39999999999907       0.43608673900771189     
   619.19999999999902       -4.8627269743961088E-002
   619.99999999999898      -0.45639914833338424     
   620.79999999999893      -0.14232056802442644     
   621.59999999999889       0.39674171375343109     
   622.39999999999884       0.30841835158202746     
   623.19999999999879      -0.26765404031502260     
   623.99999999999875      -0.42050979553265982     
   624.79999999999870        9.1773143037602256E-002
   625.59999999999866       0.45890349220885318     
   626.39999999999861       0.10019791116307974     
   627.19999999999857      -0.41687629671950877     
   627.99999999999852      -0.27470048249774787     
   628.79999999999848       0.30187082403909576     
   629.59999999999843       0.40111970049182127     
   630.39999999999839      -0.13408630714471653     
   631.19999999999834      -0.45724664604013621     
   631.99999999999829       -5.7172101899848393E-002
   632.79999999999825       0.43323524573592043     
   633.59999999999820       0.23849490625098263     
   634.39999999999816      -0.33335775123667849     
   635.19999999999811      -0.37809266758497573     
   635.99999999999807       0.17518501052402802     
   636.79999999999802       0.45144325843170369     
   637.59999999999798        1.3632927437912667E-002
   638.39999999999793      -0.44566894749342256     
   639.19999999999789      -0.20013071389819914     
   639.99999999999784       0.36182937183118291     
   640.79999999999779       0.35163799500183868     
   641.59999999999775      -0.21469850001873803     
   642.39999999999770      -0.44154581567425522     
   643.19999999999766        3.0025633562262399E-002
   643.99999999999761       0.45406346495794053     
   644.79999999999757       0.15995648703727194     
   645.59999999999752      -0.38702706161473732     
   646.39999999999748      -0.32199616422831479     
   647.19999999999743       0.25227019344884516     
   647.99999999999739       0.42764412470380841     
   648.79999999999734       -7.3408968082628867E-002
   649.59999999999729      -0.45834167521784791     
   650.39999999999725      -0.11833703255416578     
   651.19999999999720       0.40872146602631648     
   651.99999999999716       0.28943665295017218     
   652.79999999999711      -0.28756074567070811     
   653.59999999999707      -0.40986445817212463     
   654.39999999999702       0.11612533026274924     
   655.19999999999698       0.45846403026219024     
   655.99999999999693        7.5649965525363683E-002
   656.79999999999688      -0.42671471892802920     
   657.59999999999684      -0.25425547002970450     
   658.39999999999679       0.32025100406498375     
   659.19999999999675       0.38836837883523989     
   659.99999999999670      -0.15778926143237526     
   660.79999999999666      -0.45442893422970443     
   661.59999999999661       -3.2282190136979860E-002
   662.39999999999657       0.44084239317276408     
   663.19999999999652       0.21677242605715685     
   663.99999999999648      -0.35004484347736220     
   664.79999999999643      -0.36335125803314655     
   665.59999999999638       0.19802491251942017     
   666.39999999999634       0.44627274178159371     
   667.19999999999629       -1.1373669439778245E-002
   667.99999999999625      -0.45097514058415195     
   668.79999999999620      -0.17732816005001112     
   669.59999999999616       0.37667186190399610     
   670.39999999999611       0.33504049855892698     
   671.19999999999607      -0.23646926220457914     
   671.99999999999602      -0.43406939180019488     
   672.79999999999598        5.4922838867270785E-002
   673.59999999999593       0.45701998593971455     
   674.39999999999588       0.13628095344444913     
   675.19999999999584      -0.39988990731404039     
   675.99999999999579      -0.30369346876660258     
   676.79999999999575       0.27277522885653144     
   677.59999999999570       0.41792969457151347     
   678.39999999999566       -9.7971922930045474E-002
   679.19999999999561      -0.45892125064400269     
   679.99999999999557       -9.4003372141490738E-002
   680.79999999999552       0.41948739788111072     
   681.59999999999548       0.26959515523059424     
   682.39999999999543      -0.30661467389334168     
   683.19999999999538      -0.39800029113433005     
   683.99999999999534       0.14013236292807235     
   684.79999999999529       0.45666109384368719     
   685.59999999999525        5.0878784515829112E-002
   686.39999999999520      -0.43528539267976019     
   687.19999999999516      -0.23305554430408315     
   687.99999999999511       0.33768129007900105     
   688.79999999999507       0.37446230115497536     
   689.59999999999502      -0.18102380199570012     
   690.39999999999498      -0.45025967146754597     
   691.19999999999493       -7.2978074583337493E-003
   691.99999999999488       0.44713936915168501     
   692.79999999999484       0.19440674977816014     
   693.59999999999479      -0.36569335975819967     
   694.39999999999475      -0.34752967111094812     
   695.19999999999470       0.22027734833790658     
   695.99999999999466       0.43977492381594518     
   696.79999999999461       -3.6345268722355273E-002
   697.59999999999457      -0.45494066873259620     
   698.39999999999452      -0.15399991343815500     
   699.19999999999447       0.39039635798042926     
   699.99999999999443       0.31744723101643635     
   700.79999999999438      -0.25753873268314009     
   701.59999999999434      -0.42530200844268085     
   702.39999999999429        7.9656031447447484E-002
   703.19999999999425       0.45861758107145084     
   703.99999999999420       0.11220191506074934     
   704.79999999999416      -0.41156536616466716     
   705.59999999999411      -0.28448846645753245     
   706.39999999999407       0.29247135848367289     
   707.19999999999402       0.40697239747642588     
   707.99999999999397      -0.12224343704658369     
   708.79999999999393      -0.45813604926478979     
   709.59999999999388       -6.9391937184763164E-002
   710.39999999999384       0.42900725486695729     
   711.19999999999379       0.24895301435016270     
   711.99999999999375      -0.32475924073054552     
   712.79999999999370      -0.38495265694778735     
   713.59999999999366       0.16372321721251426     
   714.39999999999361       0.45349999148555142     
   715.19999999999357        2.5957935562867407E-002
   715.99999999999352      -0.44256259170264362     
   716.79999999999347      -0.21116389646094175     
   717.59999999999343       0.35410982221172277     
   718.39999999999338       0.35944292185630794     
   719.19999999999334      -0.20372118662562927     
   719.99999999999329      -0.44475124555996742     
   720.79999999999325        1.7706932883642279E-002
   721.59999999999320       0.45210723309592610     
   722.39999999999316       0.17146451315476596     
   723.19999999999311      -0.38025664664546055     
   723.99999999999307      -0.33067507666788820     
   724.79999999999302       0.24187644578901846     
   725.59999999999297       0.43196915115655654     
   726.39999999999293       -6.1207876448147291E-002
   727.19999999999288      -0.45755356585669305     
   727.99999999999284      -0.13021542972962519     
   728.79999999999279       0.40296185809463803     
   729.59999999999275       0.29891064819670599     
   730.39999999999270      -0.27784447733948392     
   731.19999999999266      -0.41526978826433375     
   731.99999999999261       0.10415198913466311     
   732.79999999999256       0.45885137572791163     
   733.59999999999252        8.7790997287046701E-002
   734.39999999999247      -0.42201848775721734     
   735.19999999999243      -0.26443841813589664     
   735.99999999999238       0.31130013335410023     
   736.79999999999234       0.39480489050344908     
   737.59999999999229      -0.14615169566145064     
   738.39999999999225      -0.45598833280108225     
   739.19999999999220       -4.4575857105786210E-002
   739.99999999999216       0.43725248471708056     
   740.79999999999211       0.22757176649001007     
   741.59999999999206      -0.34194050591680758     
   742.39999999999202      -0.37076044884487336     
   743.19999999999197       0.18682810244702608     
   743.99999999999193       0.44899009584391181     
   744.79999999999188        9.6138053611599661E-004
   745.59999999999184      -0.44852444753952314     
   746.39999999999179      -0.18864576443962067     
   747.19999999999175       0.36948766462218552     
   747.99999999999170       0.34335501708288019     
   748.79999999999166      -0.22581424558814067     
   749.59999999999161      -0.43792004725553257     
   750.39999999999156        4.2657905257375062E-002
   751.19999999999152       0.45573101903440949     
   751.99999999999147       0.14801404472589957     
   752.79999999999143      -0.39369123458625205     
   753.59999999999138      -0.31283772686280842     
   754.39999999999134       0.26275823286368483     
   755.19999999999129       0.42287867611348873     
   755.99999999999125       -8.5887861690214895E-002
   756.79999999999120      -0.45880591626174450     
   757.59999999999116      -0.10604548759900267     
   758.39999999999111       0.41433077927769191     
   759.19999999999106       0.27948601899718883     
   759.99999999999102      -0.29732627817547719     
   760.79999999999097      -0.40400262834769379     
   761.59999999999093       0.12833821893391467     
   762.39999999999088       0.45772058013990030     
   763.19999999999084        6.3120768691156903E-002
   763.99999999999079      -0.43121794613714393     
   764.79999999999075      -0.24360310015526637     
   765.59999999999070       0.32920562346069432     
   766.39999999999065       0.38146344116732500     
   767.19999999999061      -0.16962596867911850     
   767.99999999999056      -0.45248444172535346     
   768.79999999999052       -1.9628820107124245E-002
   769.59999999999047       0.44419833108682172     
   770.39999999999043       0.20551513998387702     
   771.19999999999038      -0.35810733571643250     
   771.99999999999034      -0.35546597490057502     
   772.79999999999029       0.20937865676738204     
   773.59999999999025       0.44314481316829468     
   774.39999999999020       -2.4036743630033885E-002
   775.19999999999015      -0.45315302134704544     
   775.99999999999011      -0.16556823250927599     
   776.79999999999006       0.38376895705764336     
   777.59999999999002       0.32624655136211067     
   778.39999999998997      -0.24723757065635044     
   779.19999999998993      -0.42978641885579927     
   779.99999999998988        6.7481187566690304E-002
   780.79999999998984       0.45799978402950942     
   781.59999999998979       0.12412515567544419     
   782.39999999998975      -0.40595697584848506     
   783.19999999998970      -0.29407080556168463     
   783.99999999998965       0.28286082014499814     
   784.79999999998961       0.41253058560700195     
   785.59999999998956      -0.11031216744019612     
   786.39999999998952      -0.45869387943203282     
   787.19999999998947       -8.1561972154168327E-002
   787.99999999998943       0.42446907909946691     
   788.79999999998938       0.25923125836760236     
   789.59999999998934      -0.31592630839814267     
   790.39999999998929      -0.39153411020769446     
   791.19999999998925       0.15214316193282962     
   791.99999999998920       0.45522849077480743     
   792.79999999998915        3.8264521123329454E-002
   793.59999999998911      -0.43913614242009025     
   794.39999999998906      -0.22204462222869020     
   795.19999999998902       0.34613458446093975     
   795.99999999998897       0.36698781926456309     
   796.79999999998893      -0.19259680908705251     
   797.59999999998888      -0.44763477404253776     
   798.39999999998884        5.3751469048739509E-003
   799.19999999998879       0.44982391489700402     
