   0.0000000000000000       -2.7432102421311222     
  0.80000000000000004       -2.7371621508444974     
   1.6000000000000001      -0.35344206591483474     
   2.4000000000000004        1.6936808305202984     
   3.2000000000000002        2.1480406406386496     
   4.0000000000000000        1.1391860536884517     
   4.7999999999999998      -0.10827716106990248     
   5.5999999999999996       -1.0982704872779523     
   6.3999999999999995       -1.6521542006841652     
   7.1999999999999993       -1.3999243987624099     
   7.9999999999999991      -0.29268456738267723     
   8.7999999999999989        1.3056397610691475     
   9.5999999999999996        2.2412744716571269     
   10.400000000000000        1.2599636690831060     
   11.200000000000001      -0.94436521188552391     
   12.000000000000002       -2.6568206808917485     
   12.800000000000002       -1.6843371595605650     
   13.600000000000003       0.96171506425914499     
   14.400000000000004        2.9815669414880306     
   15.200000000000005        1.6492785020607688     
   16.000000000000004       -1.3869974161024574     
   16.800000000000004       -3.2713915837632017     
   17.600000000000005       -1.1715930510201180     
   18.400000000000006        2.1625953915089480     
   19.200000000000006        3.3529240087165437     
   20.000000000000007       0.44528793495195496     
   20.800000000000008       -3.0153069395275529     
   21.600000000000009       -2.9613570839585046     
   22.400000000000009       0.31732194156210847     
   23.200000000000010        3.4793485330503415     
   24.000000000000011        2.1433606833374337     
   24.800000000000011       -1.2079498479993593     
   25.600000000000012       -3.5985642860897342     
   26.400000000000013       -1.2768423722888449     
   27.200000000000014        1.9129079031288758     
   28.000000000000014        3.4237504791806068     
   28.800000000000015       0.83074943661825129     
   29.600000000000016       -2.5204669903505006     
   30.400000000000016       -3.3378729492292010     
   31.200000000000017      -0.38688743657742197     
   32.000000000000014        2.9884114485956230     
   32.800000000000011        3.0413994791245456     
   33.600000000000009       -2.6106016727019288E-002
   34.400000000000006       -3.1969153880407770     
   35.200000000000003       -2.6700281405718278     
   36.000000000000000       0.44059971890823668     
   36.799999999999997        3.3106973323865336     
   37.599999999999994        2.2828104060584895     
   38.399999999999991      -0.82460816758516842     
   39.199999999999989       -3.3696051305119679     
   39.999999999999986       -1.9232128990368631     
   40.799999999999983        1.1669645017180477     
   41.599999999999980        3.3932351247228696     
   42.399999999999977        1.6069019003257319     
   43.199999999999974       -1.4970304293853944     
   43.999999999999972       -3.4111262499719226     
   44.799999999999969       -1.2983489471696861     
   45.599999999999966        1.8587214572030506     
   46.399999999999963        3.4169565502705872     
   47.199999999999960       0.97462031311580954     
   47.999999999999957       -2.2592629358394314     
   48.799999999999955       -3.3760991664475499     
   49.599999999999952      -0.66569696008059687     
   50.399999999999949        2.6218003793693461     
   51.199999999999946        3.2575955215413677     
   51.999999999999943       0.41354997942681893     
   52.799999999999940       -2.8423800455109327     
   53.599999999999937       -3.0922822304603796     
   54.399999999999935      -0.20800388437418027     
   55.199999999999932        2.9487853863955853     
   55.999999999999929        2.9301986458928866     
   56.799999999999926        3.8486024971684518E-002
   57.599999999999923       -3.0103762876078495     
   58.399999999999920       -2.7863664800728527     
   59.199999999999918       0.11633820506096937     
   59.999999999999915        3.0691298946729071     
   60.799999999999912        2.6449489332610914     
   61.599999999999909      -0.29037731424768998     
   62.399999999999906       -3.1454747166973753     
   63.199999999999903       -2.4741642350678767     
   63.999999999999901       0.51952779704691165     
   64.799999999999898        3.2445697726443532     
   65.599999999999895        2.2368940042496472     
   66.399999999999892      -0.82944872429859462     
   67.199999999999889       -3.3520154192248044     
   67.999999999999886       -1.9080148228883624     
   68.799999999999883        1.2117590894120638     
   69.599999999999881        3.4253152454579658     
   70.399999999999878        1.5195191640955910     
   71.199999999999875       -1.6343559561237353     
   71.999999999999872       -3.4422858845892974     
   72.799999999999869       -1.1325960952542076     
   73.599999999999866        2.0897252377327278     
   74.399999999999864        3.4162796156205837     
   75.199999999999861       0.76393328001372396     
   75.999999999999858       -2.5347887513317882     
   76.799999999999855       -3.3091236915318696     
   77.599999999999852      -0.46076338257856353     
   78.399999999999849        2.8333306330844015     
   79.199999999999847        3.1254786530903149     
   79.999999999999844       0.21508433977739028     
   80.799999999999841       -2.9714147980497860     
   81.599999999999838       -2.9321564741358599     
   82.399999999999835       -1.2301772819145906E-002
   83.199999999999832        3.0399355843830169     
   83.999999999999829        2.7609689002745874     
   84.799999999999827      -0.16280479147917370     
   85.599999999999824       -3.0951089633638262     
   86.399999999999821       -2.6029854565212678     
   87.199999999999818       0.34439338126248131     
   87.999999999999815        3.1642616015020137     
   88.799999999999812        2.4258706958845520     
   89.599999999999810      -0.57199793787936093     
   90.399999999999807       -3.2554311834730005     
   91.199999999999804       -2.1900840382617517     
   91.999999999999801       0.87398905263621796     
   92.799999999999798        3.3547984007542002     
   93.599999999999795        1.8698493980538324     
   94.399999999999793       -1.2455477663391359     
   95.199999999999790       -3.4229861113017237     
   95.999999999999787       -1.4930467616538534     
   96.799999999999784        1.6612259421882807     
   97.599999999999781        3.4401683442570685     
   98.399999999999778        1.1118990472880208     
   99.199999999999775       -2.1134584041504638     
   99.999999999999773       -3.4123514215954351     
   100.79999999999977      -0.74805720090835370     
   101.59999999999977        2.5516819852452115     
   102.39999999999976        3.3015991570184906     
   103.19999999999976       0.45018430529438502     
   103.99999999999976       -2.8397647959877252     
   104.79999999999976       -3.1177905889219857     
   105.59999999999975      -0.20821917100901954     
   106.39999999999975        2.9726111479407060     
   107.19999999999975        2.9267873454192292     
   107.99999999999974        8.7096618616455679E-003
   108.79999999999974       -3.0395868590827830     
   109.59999999999974       -2.7580753760382444     
   110.39999999999974       0.16455067616089503     
   111.19999999999973        3.0949772172048085     
   111.99999999999973        2.6013136286794518     
   112.79999999999973      -0.34615590389942597     
   113.59999999999972       -3.1650919615838453     
   114.39999999999972       -2.4237409813950856     
   115.19999999999972       0.57540839395515109     
   115.99999999999972        3.2572932579892977     
   116.79999999999971        2.1859320460022493     
   117.59999999999971      -0.87994840796777263     
   118.39999999999971       -3.3569961695566475     
   119.19999999999970       -1.8629845243914778     
   119.99999999999970        1.2536757577915050     
   120.79999999999970        3.4242056268947203     
   121.59999999999970        1.4847530963425570     
   122.39999999999969       -1.6708788055368244     
   123.19999999999969       -3.4402535504208722     
   123.99999999999969       -1.1032941605950772     
   124.79999999999968        2.1241219803260822     
   125.59999999999968        3.4109722672488267     
   126.39999999999968       0.74018670796335684     
   127.19999999999968       -2.5607346817541603     
   127.99999999999967       -3.2978768347537692     
   128.79999999999967      -0.44386861519183007     
   129.59999999999968        2.8444823894938760     
   130.39999999999969        3.1130899860597143     
   131.19999999999970       0.20281294375555259     
   131.99999999999972       -2.9748907807458629     
   132.79999999999973       -2.9223087047279321     
   133.59999999999974       -4.0514792794028587E-003
   134.39999999999975        3.0411226542699143     
   135.19999999999976        2.7539882240412736     
   135.99999999999977      -0.16908383646058978     
   136.79999999999978       -3.0966430264130573     
   137.59999999999980       -2.5970455990190171     
   138.39999999999981       0.35148346622061144     
   139.19999999999982        3.1672626399295667     
   139.99999999999983        2.4183846513637830     
   140.79999999999984      -0.58238931196172317     
   141.59999999999985       -3.2598985012070001     
   142.39999999999986       -2.1786009076269210     
   143.19999999999987       0.88887993553383460     
   143.99999999999989        3.3592926610587854     
   144.79999999999990        1.8536516369021507     
   145.59999999999991       -1.2638975834755692     
   146.39999999999992       -3.4251602129805563     
   147.19999999999993       -1.4749507546725145     
   147.99999999999994        1.6820177719703788     
   148.79999999999995        3.4401390473670128     
   149.59999999999997        1.0936628872817198     
   150.39999999999998       -2.1359050311391266     
   151.19999999999999       -3.4093077645420493     
   152.00000000000000      -0.73168698709950597     
   152.80000000000001        2.5703312967228511     
   153.60000000000002        3.2937686288287384     
   154.40000000000003       0.43722323432418930     
   155.20000000000005       -2.8492284076094347     
   156.00000000000006       -3.1081321250792451     
   156.80000000000007      -0.19731888940224174     
   157.60000000000008        2.9770283820872696     
   158.40000000000009        2.9177779990841324     
   159.20000000000010       -4.8626003914220561E-004
   160.00000000000011       -3.0424861326837154     
   160.80000000000013       -2.7500211481908425     
   161.60000000000014       0.17337441286053323     
   162.40000000000015        3.0981637109056757     
   163.20000000000016        2.5929937530842664     
   164.00000000000017      -0.35653183774822184     
   164.80000000000018       -3.1693342295824305     
   165.60000000000019       -2.4132684962802529     
   166.40000000000020       0.58911372746415847     
   167.20000000000022        3.2624474755435986     
   168.00000000000023        2.1714834914054784     
   168.80000000000024      -0.89760400190055778     
   169.60000000000025       -3.3615578416339367     
   170.40000000000026       -1.8444912379155340     
   171.20000000000027        1.2739669380673884     
   172.00000000000028        3.4260996819937928     
   172.80000000000030        1.4652805413837131     
   173.60000000000031       -1.6930558796596686     
   174.40000000000032       -3.4400153388721000     
   175.20000000000033       -1.0841280584200073     
   176.00000000000034        2.1475877010366746     
   176.80000000000035        3.4076059025662340     
   177.60000000000036       0.72329520668115332     
   178.40000000000038       -2.5797619020946509     
   179.20000000000039       -3.2896406050723055     
   180.00000000000040      -0.43063768617287668     
   180.80000000000041        2.8538665632827174     
   181.60000000000042        3.1031941991867660     
   182.40000000000043       0.19186234927529533     
   183.20000000000044       -2.9791365164425851     
   184.00000000000045       -2.9132698946584910     
   184.80000000000047        5.0142763940943524E-003
   185.60000000000048        3.0438575016723362     
   186.40000000000049        2.7460539451496309     
   187.20000000000050      -0.17769006269923882     
   188.00000000000051       -3.0997072235988505     
   188.80000000000052       -2.5889103527179489     
   189.60000000000053       0.36163611180488031     
   190.40000000000055        3.1714298362866655     
   191.20000000000056        2.4080906451191906     
   192.00000000000057      -0.59591236444215889     
   192.80000000000058       -3.2650070129243374     
   193.60000000000059       -2.1642871773968211     
   194.40000000000060       0.90639266994805334     
   195.20000000000061        3.3638004185318882     
   196.00000000000063        1.8352790995423200     
   196.80000000000064       -1.2840752315480795     
   197.60000000000065       -3.4270025513369724     
   198.40000000000066       -1.4556032089099062     
   199.20000000000067        1.7041284926472251     
   200.00000000000068        3.4398656751652887     
   200.80000000000069        1.0745947819244130     
   201.60000000000070       -2.1592718535196229     
   202.40000000000072       -3.4058442127099244     
   203.20000000000073      -0.71494970107281830     
   204.00000000000074        2.5890836621276399     
   204.80000000000075        3.2854628950717411     
   205.60000000000076       0.42407833498779324     
   206.40000000000077       -2.8584101220435603     
   207.20000000000078       -3.0982533891480246     
   208.00000000000080      -0.18643260194403455     
   208.80000000000081        2.9812066709505749     
   209.60000000000082        2.9087781548500051     
   210.40000000000083       -9.5234780202808622E-003
   211.20000000000084       -3.0452219066684894     
   212.00000000000085       -2.7420965695568200     
   212.80000000000086       0.18200840538914731     
   213.60000000000088        3.1012593985930126     
   214.40000000000089        2.5848161094231594     
   215.20000000000090      -0.36676801993346375     
   216.00000000000091       -3.1735388264040574     
   216.80000000000092       -2.4028765100326459     
   217.60000000000093       0.60275689583728731     
   218.40000000000094        3.2675708375764989     
   219.20000000000095        2.1570371855393682     
   220.00000000000097      -0.91522182794414420     
   220.80000000000098       -3.3660187962012884     
   221.60000000000099       -1.8260359377488600     
   222.40000000000100        1.2942056651733558     
   223.20000000000101        3.4278711400229951     
   224.00000000000102        1.4459310203515858     
   224.80000000000103       -1.7152237193957587     
   225.60000000000105       -3.4396910242088188     
   226.40000000000106       -1.0650721608668792     
   227.20000000000107        2.1709463745828845     
   228.00000000000108        3.4040238606207684     
   228.80000000000109       0.70665655773504987     
   229.60000000000110       -2.5982893004771039     
   230.40000000000111       -3.2812398112038483     
   231.20000000000113      -0.41754744728048276     
   232.00000000000114        2.8628603594880229     
   232.80000000000115        3.0933123350216083     
   233.60000000000116       0.18103004339026807     
   234.40000000000117       -2.9832410697365699     
   235.20000000000118       -2.9043029957284356     
   236.00000000000119        1.4015603454217818E-002
   236.80000000000121        3.0465813559873594     
   237.60000000000122        2.7381473389985085     
   238.40000000000123      -0.18633235976592077     
   239.20000000000124       -3.1028217028345431     
   240.00000000000125       -2.5807083464318321     
   240.80000000000126       0.37193072507632996     
   241.60000000000127        3.1756619803609616     
   242.40000000000128        2.3976232027326452     
   243.20000000000130      -0.60964989682743775     
   244.00000000000131       -3.2701388329653462     
   244.80000000000132       -2.1497314166227151     
   245.60000000000133       0.92409274040899980     
   246.40000000000134        3.3682121623165155     
   247.20000000000135        1.8167615490624551     
   248.00000000000136       -1.3043592754264366     
   248.80000000000138       -3.4287057312335891     
   249.60000000000139       -1.4362632555447974     
   250.40000000000140        1.7263422868365736     
   251.20000000000141        3.4394907903975698     
   252.00000000000142        1.0555604283005500     
   252.80000000000143       -2.1826097620810243     
   253.60000000000144       -3.4021439769745183     
   254.40000000000146      -0.69841600992024144     
   255.20000000000147        2.6073771103480272     
   256.00000000000148        3.2769727452625195     
   256.80000000000149       0.41104432404440461     
   257.60000000000150       -2.8672194875867918     
   258.40000000000151       -3.0883715194350674     
   259.20000000000152      -0.17565415721148891     
   260.00000000000153        2.9852409815480909     
   260.80000000000155        2.8998440995239321     
   261.60000000000156       -1.8491454768456705E-002
   262.40000000000157       -3.0479364177850043     
   263.20000000000158       -2.7342055699762451     
   264.00000000000159       0.19066269325309548     
   264.80000000000160        3.1043942815250261     
   265.60000000000161        2.5765863728048521     
   266.40000000000163      -0.37712472909013028     
   267.20000000000164       -3.1777991161270114     
   268.00000000000165       -2.3923302316608828     
   268.80000000000166       0.61659132499744729     
   269.60000000000167        3.2727103601729977     
   270.40000000000168        2.1423700990866292     
   271.20000000000169      -0.93300453594919386     
   272.00000000000171       -3.3703796655902787     
   272.80000000000172       -1.8074574905685421     
   273.60000000000173        1.3145356369464833     
   274.40000000000174        3.4295068094118064     
   275.20000000000175        1.4266002265729694     
   276.00000000000176       -1.7374838586835719     
   276.80000000000177       -3.4392644680151161     
   277.60000000000178       -1.0460605908611003     
   278.40000000000180        2.1942596462229722     
   279.20000000000181        3.4002039031519908     
   280.00000000000182       0.69022868799592452     
   280.80000000000183       -2.6163450684272114     
   281.60000000000184       -3.2726633634197055     
   282.40000000000185      -0.40456859468774464     
   283.20000000000186        2.8714896156648151     
   284.00000000000188        3.0834316142934779     
   284.80000000000189       0.17030450311429890     
   285.60000000000190       -2.9872077510192296     
   286.40000000000191       -2.8954011770567787     
   287.20000000000192        2.2951947671132178E-002
   288.00000000000193        3.0492877991388534     
   288.80000000000194        2.7302704590266376     
   289.60000000000196      -0.19500040712946332     
   290.40000000000197       -3.1059774125465425     
   291.20000000000198       -2.5724492800113894     
   292.00000000000199       0.38235081685472760     
   292.80000000000200        3.1799501463831605     
   293.60000000000201        2.3869968509021366     
   294.40000000000202      -0.62358140506804149     
   295.20000000000203       -3.2752848229794931     
   296.00000000000205       -2.1349532389763874     
   296.80000000000206       0.94195656810444062     
   297.60000000000207        3.3725204780501206     
   298.40000000000208        1.7981251370296991     
   299.20000000000209       -1.3247345148354637     
   300.00000000000210       -3.4302748634541187     
   300.80000000000211       -1.4169420821229854     
   301.60000000000213        1.7486482104203551     
   302.40000000000214        3.4390115004124659     
   303.20000000000215        1.0365735994759810     
   304.00000000000216       -2.2058936916591745     
   304.80000000000217       -3.3982029958525901     
   305.60000000000218      -0.68209508271422692     
   306.40000000000219        2.6251913379500400     
   307.20000000000221        3.2683133225870495     
   308.00000000000222       0.39811993753137598     
   308.80000000000223       -2.8756728250114327     
   309.60000000000224       -3.0784932831548932     
   310.40000000000225      -0.16498064388189260     
   311.20000000000226        2.9891427011557292     
   312.00000000000227        2.8909739300346775     
   312.80000000000229       -2.7398007362217758E-002
   313.60000000000230       -3.0506362055244511     
   314.40000000000231       -2.7263411902922794     
   315.20000000000232       0.19934652060661362     
   316.00000000000233        3.1075713801648956     
   316.80000000000234        2.5682961398368014     
   317.60000000000235      -0.38760979706307896     
   318.40000000000236       -3.1821149886052389     
   319.20000000000238       -2.3816222924475059     
   320.00000000000239       0.63062037951356675     
   320.80000000000240        3.2778616214483467     
   321.60000000000241        2.1274808394683529     
   322.40000000000242      -0.95094821619412961     
   323.20000000000243       -3.3746337930643930     
   324.00000000000244       -1.7887658418249219     
   324.80000000000246        1.3349557254201345     
   325.60000000000247        3.4310104007577529     
   326.40000000000248        1.4072889103369368     
   327.20000000000249       -1.7598351304327950     
   328.00000000000250       -3.4387312933269096     
   328.80000000000251       -1.0271004166570132     
   329.60000000000252        2.2175095248326921     
   330.40000000000254        3.3961406453652883     
   331.20000000000255       0.67401558678563234     
   332.00000000000256       -2.6339142327029279     
   332.80000000000257       -3.2639242872412653     
   333.60000000000258      -0.39169810251924941     
   334.40000000000259        2.8797711557477519     
   335.20000000000260        3.0735571992915474     
   336.00000000000261       0.15968215843439149     
   336.80000000000263       -2.9910471357942812     
   337.60000000000264       -2.8865620606734326     
   338.40000000000265        3.1830567826302225E-002
   339.20000000000266        3.0519823486421975     
   340.00000000000267        2.7224169342319549     
   340.80000000000268      -0.20370208086277364     
   341.60000000000269       -3.1091764839761042     
   342.40000000000271       -2.5641259939827430     
   343.20000000000272       0.39290251893964268     
   344.00000000000273        3.1842935726141564     
   344.80000000000274        2.3762057502124980     
   345.60000000000275      -0.63770852771692788     
   346.40000000000276       -3.2804401567239023     
   347.20000000000277       -2.1199528833382759     
   348.00000000000279       0.95997890429461474     
   348.80000000000280        3.3767188276642215     
   349.60000000000281        1.7793809192404835     
   350.40000000000282       -1.3451991490041770     
   351.20000000000283       -3.4317139428799428     
   352.00000000000284       -1.3976407319832629     
   352.80000000000285        1.7710444292168614     
   353.60000000000286        3.4384232150404688     
   354.40000000000288        1.0176420078087260     
   355.20000000000289       -2.2291047439592289     
   356.00000000000290       -3.3940162752442351     
   356.80000000000291      -0.66599048825501050     
   357.60000000000292        2.6425122252774340     
   358.40000000000293        3.2594979205292161     
   359.20000000000294       0.38530290757217367     
   360.00000000000296       -2.8837866014222060     
   360.80000000000297       -3.0686240450235540     
   361.60000000000298      -0.15440864746792204     
   362.40000000000299        2.9929223333281954     
   363.20000000000300        2.8821652773447970     
   364.00000000000301       -3.6250561800718284E-002
   364.80000000000302       -3.0533269411315094     
   365.60000000000304       -2.7184968561701717     
   366.40000000000305       0.20806815279073820     
   367.20000000000306        3.1107930357726361     
   368.00000000000307        2.5599378624236260     
   368.80000000000308      -0.39822986406210914     
   369.60000000000309       -3.1864858393108952     
   370.40000000000310       -2.3707463865211746     
   371.20000000000312       0.64484616072622059     
   372.00000000000313        3.2830198311238763     
   372.80000000000314        2.1123693370221970     
   373.60000000000315      -0.96904810022368082     
   374.40000000000316       -3.3787748243623121     
   375.20000000000317       -1.7699716431766668     
   376.00000000000318        1.3554647283508070     
   376.80000000000319        3.4323860226907588     
   377.60000000000321        1.3879975041674961     
   378.40000000000322       -1.7822759381040365     
   379.20000000000323       -3.4380865977614303     
   380.00000000000324       -1.0081993398522129     
   380.80000000000325        2.2406769210475663     
   381.60000000000326        3.3918293437615326     
   382.40000000000327       0.65801996902842896     
   383.20000000000329       -2.6509839504621886     
   384.00000000000330       -3.2550358779091884     
   384.80000000000331      -0.37893423647448277     
   385.60000000000332        2.8877211038670634     
   386.40000000000333        3.0636945122140946     
   387.20000000000334       0.14915973911102531     
   388.00000000000335       -2.9947695414533082     
   388.80000000000337       -2.8777833001406803     
   389.60000000000338        4.0658911752177396E-002
   390.40000000000339        3.0546706922495717     
   391.20000000000340        2.7145801239434721     
   392.00000000000341      -0.21244581014048158     
   392.80000000000342       -3.1124213570470500     
   393.60000000000343       -2.5557307505763163     
   394.40000000000344       0.40359273947310559     
   395.20000000000346        3.1886917396944852     
   396.00000000000347        2.3652433375261630     
   396.80000000000348      -0.65203361693227091     
   397.60000000000349       -3.2856000482440071     
   398.40000000000350       -2.1047301539577239     
   399.20000000000351       0.97815531498033170     
   400.00000000000352        3.3808010527888888     
   400.80000000000354        1.7605392455844364     
   401.60000000000355       -1.3657524671378884     
   402.40000000000356       -3.4330271813220787     
   403.20000000000357       -1.3783591242790121     
   404.00000000000358        1.7935295076574342     
   404.80000000000359        3.4377207389875331     
   405.60000000000360       0.99877338003654614     
   406.40000000000362       -2.2522236037105698     
   407.20000000000363       -3.3895793453830683     
   408.00000000000364      -0.65010410401473839     
   408.80000000000365        2.6593282079380232     
   409.60000000000366        3.2505398009624895     
   410.40000000000367       0.37259203594881196     
   411.20000000000368       -2.8915765489704595     
   412.00000000000369       -3.0587693022157310     
   412.80000000000371      -0.14393509385693815     
   413.60000000000372        2.9965899721966189     
   414.40000000000373        2.8734158659222655     
   415.20000000000374       -4.5056521149242634E-002
   416.00000000000375       -3.0560143034019682     
   416.80000000000376       -2.7106659154184451     
   417.60000000000377       0.21683612637739058     
   418.40000000000379        3.1140617761027829     
   419.20000000000380        2.5515036568502678     
   420.00000000000381      -0.40899206997904480     
   420.80000000000382       -3.1909112334103686     
   421.60000000000383       -2.3596957194785144     
   422.40000000000384       0.65927125658780428     
   423.20000000000385        3.2881802126846464     
   424.00000000000387        2.0970352790576565     
   424.80000000000388      -0.98730010093773801     
   425.60000000000389       -3.3827968111319811     
   426.40000000000390       -1.7510849160254016     
   427.20000000000391        1.3760624272018822     
   428.00000000000392        3.4336379650838520     
   428.80000000000393        1.3687254350013234     
   429.60000000000394       -1.8048050048721165     
   430.40000000000396       -3.4373249029563313     
   431.20000000000397      -0.98936509553394147     
   432.00000000000398        2.2637423161206258     
   432.80000000000399        3.3872658124485584     
   433.60000000000400       0.64224286125852448     
   434.40000000000401       -2.6675439639737446     
   435.20000000000402       -3.2460113116443532     
   436.00000000000404      -0.36627631214622447     
   436.80000000000405        2.8953547633653391     
   437.60000000000406        3.0538491253973943     
   438.40000000000407       0.13873440870649745     
   439.20000000000408       -2.9983847974072977     
   440.00000000000409       -2.8690627327691085     
   440.80000000000410        4.9444266296583717E-002
   441.60000000000412        3.0573584637255107     
   442.40000000000413        2.7067534256390466     
   443.20000000000414      -0.22124016561454019     
   444.00000000000415       -3.1157146249292444     
   444.80000000000416       -2.5472555802677421     
   445.60000000000417       0.41442878999475941     
   446.40000000000418        3.1931442869275299     
   447.20000000000420        2.3541026355456718     
   448.00000000000421      -0.66655945547286333     
   448.80000000000422       -3.2907597294496402     
   449.60000000000423       -2.0892846540630945     
   450.40000000000424       0.99648204901559501     
   451.20000000000425        3.3847614273944524     
   452.00000000000426        1.7416098021747120     
   452.80000000000427       -1.3863947247345916     
   453.60000000000429       -3.4342189223556900     
   454.40000000000430       -1.3590962302407084     
   455.20000000000431        1.8161023092861646     
   456.00000000000432        3.4368983221734974     
   456.80000000000433       0.97997545372952244     
   457.60000000000434       -2.2752305592108275     
   458.40000000000435       -3.3848883170610553     
   459.20000000000437      -0.63443610300791242     
   460.00000000000438        2.6756303522103035     
   460.80000000000439        3.2414520070046597     
   461.60000000000440       0.35998712656745502     
   462.40000000000441       -2.8990575120715687     
   463.20000000000442       -3.0489347002316771     
   464.00000000000443      -0.13355742041850682     
   464.80000000000445        3.0001551447965196     
   465.60000000000446        2.8647236837288110     
   466.40000000000447       -5.3822988896571999E-002
   467.20000000000448       -3.0587038458077282     
   468.00000000000449       -2.7028418734595903     
   468.80000000000450       0.22565897379783806     
   469.60000000000451        3.1173802359015332     
   470.40000000000452        2.5429855280058531     
   471.20000000000454      -0.41990383509081841     
   472.00000000000455       -3.1953908713792338     
   472.80000000000456       -2.3484631830534459     
   473.60000000000457       0.67389859782880501     
   474.40000000000458        3.2933380030406001     
   475.20000000000459        2.0814782236799378     
   476.00000000000460       -1.0057007849213324     
   476.80000000000462       -3.3866942604835040     
   477.60000000000463       -1.7321150111935939     
   478.40000000000464        1.3967495255090530     
   479.20000000000465        3.4347706004754168     
   480.00000000000466        1.3494712618873228     
   480.80000000000467       -1.8274213080564259     
   481.60000000000468       -3.4364401990203941     
   482.40000000000470      -0.97060542315051457     
   483.20000000000471        2.2866858101910923     
   484.00000000000472        3.3824464731998520     
   484.80000000000473       0.62668358768150023     
   485.60000000000474       -2.6835866736028442     
   486.40000000000475       -3.2368634544168162     
   487.20000000000476      -0.35372459145328117     
   488.00000000000477        2.9026864971083080     
   488.80000000000479        3.0440267519395161     
   489.60000000000480       0.12840390778667121     
   490.40000000000481       -3.0019020946057124     
   491.20000000000482       -2.8603985297843022     
   492.00000000000483        5.8193489492836203E-002
   492.80000000000484        3.0600511016300747     
   493.60000000000485        2.6989305075258758     
   494.40000000000487      -0.23009357032642663     
   495.20000000000488       -3.1190589383733354     
   496.00000000000489       -2.5386925227053139     
   496.80000000000490       0.42541813341694690     
   497.60000000000491        3.1976509601125471     
   498.40000000000492        2.3427764610099802     
   499.20000000000493      -0.68128906870910644     
   500.00000000000495       -3.2959144362782049     
   500.80000000000496       -2.0736159423754046     
   501.60000000000497        1.0149559645782067     
   502.40000000000498        3.3885947011505526     
   503.20000000000499        1.7226016118720211     
   504.00000000000500       -1.4071270392355131     
   504.80000000000501       -3.4352935426429823     
   505.60000000000502       -1.3398502473051082     
   506.40000000000504        1.8387618900767522     
   507.20000000000505        3.4359497074422101     
   508.00000000000506       0.96125597496005399     
   508.80000000000507       -2.2981055214715793     
   509.60000000000508       -3.3799399390625693     
   510.40000000000509      -0.61898497268841091     
   511.20000000000510        2.6914123955959264     
   512.00000000000512        3.2322471873424234     
   512.80000000000507       0.34748886468794860     
   513.60000000000502       -2.9062433570774733     
   514.40000000000498       -3.0391260106962035     
   515.20000000000493      -0.12327369288104917     
   516.00000000000489        3.0036266769689557     
   516.80000000000484        2.8560871119708486     
   517.60000000000480       -6.2556521932163989E-002
   518.40000000000475       -3.0614008588166923     
   519.20000000000471       -2.6950186114801666     
   520.00000000000466       0.23454494028205852     
   520.80000000000462        3.1207510552338986     
   521.60000000000457        2.5343756093955050     
   522.40000000000452      -0.43097259717896064     
   523.20000000000448       -3.1999245259988460     
   524.00000000000443       -2.3370415777621840     
   524.80000000000439       0.68873124591081858     
   525.60000000000434        3.2984884288899456     
   526.40000000000430        2.0656977816936362     
   527.20000000000425       -1.0242472688782032     
   528.00000000000421       -3.3904621728012501     
   528.80000000000416       -1.7130706374239861     
   529.60000000000412        1.4175275131675424     
   530.40000000000407        3.4357882848573054     
   531.20000000000402        1.3302328774315804     
   532.00000000000398       -1.8501239392386783     
   532.80000000000393       -3.4354259947182753     
   533.60000000000389      -0.95192808492533221     
   534.40000000000384        2.3094871191049653     
   535.20000000000380        3.3773684196346005     
   536.00000000000375       0.61133981804916182     
   536.80000000000371       -2.6991071506083388     
   537.60000000000366       -3.2276047016510412     
   538.40000000000362      -0.34128014426761411     
   539.20000000000357        2.9097296677009195     
   540.00000000000352        3.0342332094110844     
   540.80000000000348       0.11816664121608911     
   541.60000000000343       -3.0053298700178845     
   542.40000000000339       -2.8517893025946313     
   543.20000000000334        6.6912788955427516E-002
   544.00000000000330        3.0627537172609340     
   544.80000000000325        2.6911055082857254     
   545.60000000000321      -0.23901402742395517     
   546.40000000000316       -3.1224568994997726     
   547.20000000000312       -2.5300338618956189     
   548.00000000000307       0.43656811434505371     
   548.80000000000302        3.2022115385643990     
   549.60000000000298        2.3312576586303764     
   550.40000000000293      -0.69622549166620606     
   551.20000000000289       -3.3010593759134954     
   552.00000000000284       -2.0577237379273243     
   552.80000000000280        1.0335743979266510     
   553.60000000000275        3.3922961322015088     
   554.40000000000271        1.7035230887855000     
   555.20000000000266       -1.4279512251155801     
   556.00000000000261       -3.4362553529041255     
   556.80000000000257       -1.3206188253341562     
   557.60000000000252        1.8615073269817959     
   558.40000000000248        3.4348681833151264     
   559.20000000000243       0.94262273572982958     
   560.00000000000239       -2.3208280009102662     
   560.80000000000234       -3.3747316694687903     
   561.60000000000230      -0.60374759073240369     
   562.40000000000225        2.7066707339326870     
   563.20000000000221        3.2229374524887335     
   564.00000000000216       0.33509866236582608     
   564.80000000000211       -2.9131469432958408     
   565.60000000000207       -3.0293490810804196     
   566.40000000000202      -0.11308266080455542     
   567.20000000000198        3.0070125987711442     
   568.00000000000193        2.8475050055031850     
   568.80000000000189       -7.1262939024196559E-002
   569.60000000000184       -3.0641102461978349     
   570.40000000000180       -2.6871905635689997     
   571.20000000000175       0.24350172810161830     
   572.00000000000171        3.1241767710094654     
   572.80000000000166        2.5256663885550799     
   573.60000000000161      -0.44220554075248764     
   574.40000000000157       -3.2045119609964381     
   575.20000000000152       -2.3254238533723131     
   576.00000000000148       0.70377214426424173     
   576.80000000000143        3.3036266659576614     
   577.60000000000139        2.0496938399950482     
   578.40000000000134       -1.0429370649223864     
   579.20000000000130       -3.3940960700927323     
   580.00000000000125       -1.6939599382970609     
   580.80000000000121        1.4383984759863271     
   581.60000000000116        3.4366952594051017     
   582.40000000000111        1.3110077551146087     
   583.20000000000107       -1.8729119042296500     
   584.00000000000102       -3.4342753728234978     
   584.80000000000098      -0.93334091955078469     
   585.60000000000093        2.3321255343729139     
   586.40000000000089        3.3720294956644761     
   587.20000000000084       0.59620766968039840     
   588.00000000000080       -2.7141031010806582     
   588.80000000000075       -3.2182468517185479     
   589.60000000000070      -0.32894467909611436     
   590.40000000000066        2.9164966391121681     
   591.20000000000061        3.0244743557707197     
   592.00000000000057       0.10802170014195056     
   592.80000000000052       -3.0086757348060997     
   593.60000000000048       -2.8432341554294434     
   594.40000000000043        7.5607564406261929E-002
   595.20000000000039        3.0654709817618810     
   596.00000000000034        2.6832731879473903     
   596.80000000000030      -0.24800888616860295     
   597.60000000000025       -3.1259109532759517     
   598.40000000000020       -2.5212723372520931     
   599.20000000000016       0.44788569274014511     
   600.00000000000011        3.2068257470807597     
   600.80000000000007        2.3195393433593985     
   601.60000000000002      -0.71137150975688757     
   602.39999999999998       -3.3061896793740453     
   603.19999999999993       -2.0416081573743714     
   603.99999999999989        1.0523349898328402     
   604.79999999999984        3.3958615117417317     
   605.59999999999980        1.6843821336246045     
   606.39999999999975       -1.4488695820090176     
   607.19999999999970       -3.4371085009464903     
   607.99999999999966       -1.3013993310035192     
   608.79999999999961        1.8843374928789163     
   609.59999999999957        3.4336466419813712     
   610.39999999999952       0.92408364075537675     
   611.19999999999948       -2.3433770545072736     
   611.99999999999943       -3.3692617610129121     
   612.79999999999939      -0.58871935142651521     
   613.59999999999934        2.7214043646800246     
   614.39999999999930        3.2135342659084025     
   615.19999999999925       0.32281847600305724     
   615.99999999999920       -2.9197801545007342     
   616.79999999999916       -3.0196097572368035     
   617.59999999999911      -0.10298374510410868     
   618.39999999999907        3.0103200967390396     
   619.19999999999902        2.8389767163782977     
   619.99999999999898       -7.9947200604163271E-002
   620.79999999999893       -3.0668364250939142     
   621.59999999999889       -2.6793528382548137     
   622.39999999999884       0.25253628904610137     
   623.19999999999879        3.1276597105751880     
   623.99999999999875        2.5168508995076491     
   624.79999999999870      -0.45360934050341895     
   625.59999999999866       -3.2091528381468217     
   626.39999999999861       -2.3136033482811027     
   627.19999999999857       0.71902385397407809     
   627.99999999999852        3.3087477864010233     
   628.79999999999848        2.0334668078780984     
   629.59999999999843       -1.0617678930762264     
   630.39999999999839       -3.3975920174440728     
   631.19999999999834       -1.6747906017349630     
   631.99999999999829        1.4593648668410211     
   632.79999999999825        3.4374955552960000     
   633.59999999999820        1.2917932264728247     
   634.39999999999816       -1.8957838770235496     
   635.19999999999811       -3.4329810507784080     
   635.99999999999807      -0.91485191857452364     
   636.79999999999802        2.3545798618511045     
   637.59999999999798        3.3664283872661578     
   638.39999999999793       0.58128185623316320     
   639.19999999999789       -2.7285747909798341     
   639.99999999999784       -3.2088010148512107     
   640.79999999999779      -0.31672034936093452     
   641.59999999999775        2.9229988368251867     
   642.39999999999770        3.0147559992229769     
   643.19999999999766        9.7968814823810035E-002
   643.99999999999761       -3.0119464514835719     
   644.79999999999757       -2.8347326790979550     
   645.59999999999752        8.4282327109081123E-002
   646.39999999999748        3.0682070410135940     
   647.19999999999743        2.6754290176668389     
   647.99999999999739      -0.25708466497787441     
   648.79999999999734       -3.1294232853121868     
   649.59999999999729       -2.5124013136660799     
   650.39999999999725       0.45937720226554513     
   651.19999999999720        3.2114931600700052     
   651.99999999999716        2.3076151322838436     
   652.79999999999711      -0.72672939498068700     
   653.59999999999707       -3.3113003453279330     
   654.39999999999702       -2.0252699651397017     
   655.19999999999698        1.0712354893483864     
   655.99999999999693        3.3992871829946365     
   656.79999999999688        1.6651862528055421     
   657.59999999999684       -1.4698846536903538     
   658.39999999999679       -3.4378568787208508     
   659.19999999999675       -1.2821891332363964     
   659.99999999999670        1.9072507940582288     
   660.79999999999666        3.4322776426414388     
   661.59999999999661       0.90564678963892842     
   662.39999999999657       -2.3657312207357020     
   663.19999999999652       -3.3635293584876593     
   663.99999999999648      -0.57389433468899798     
   664.79999999999643        2.7356147960093131     
   665.59999999999638        3.2040483706033465     
   666.39999999999634       0.31065060335990857     
   667.19999999999629       -2.9261539860316588     
   667.99999999999625       -3.0099137814983452     
   668.79999999999620       -9.2976956612864647E-002
   669.59999999999616        3.0135555162632479     
   670.39999999999611        2.8305020576775002     
   671.19999999999607       -8.8613369470494252E-002
   671.99999999999602       -3.0695832572837580     
   672.79999999999598       -2.6715012747165501     
   673.59999999999593       0.26165468153993565     
   674.39999999999588        3.1312018957205305     
   675.19999999999584        2.5079228670701168     
   675.99999999999579      -0.46518993939387654     
   676.79999999999575       -3.2138466203960521     
   677.59999999999570       -2.3015740094138364     
   678.39999999999566       0.73448829615239752     
   679.19999999999561        3.3138467007365064     
   679.99999999999557        2.0170178656304714     
   680.79999999999552       -1.0807374817740194     
   681.59999999999548       -3.4009466401389652     
   682.39999999999543       -1.6555699839124440     
   683.19999999999538        1.4804292576287461     
   683.99999999999534        3.4381929034157572     
   684.79999999999529        1.2725867699812001     
   685.59999999999525       -1.9187379258411119     
   686.39999999999520       -3.4315354466958095     
   687.19999999999516      -0.89646931024158327     
   687.99999999999511        2.3768283579962866     
   688.79999999999507        3.3605647244275016     
   689.59999999999502       0.56655587469099311     
   690.39999999999498       -2.7425249414348363     
   691.19999999999493       -3.1992775570149727     
   691.99999999999488      -0.30460954325852274     
   692.79999999999484        2.9292468597791084     
   693.59999999999479        3.0050837856811041     
   694.39999999999475        8.8008240018448536E-002
   695.19999999999470       -3.0151479613333709     
   695.99999999999466       -2.8262848853330653     
   696.79999999999461        9.2940702636866934E-002
   697.59999999999457        3.0709654644751518     
   698.39999999999452        2.6675692012231274     
   699.19999999999447      -0.26624694542924976     
   699.99999999999443       -3.1329957339372094     
   700.79999999999438       -2.5034148971906758     
   701.59999999999434       0.47104815255530186     
   702.39999999999429        3.2162131056444303     
   703.19999999999425        2.2954793482617442     
   703.99999999999420      -0.74230066001975015     
   704.79999999999416       -3.3163861818721756     
   705.59999999999411       -2.0087108150522610     
   706.39999999999407        1.0902735565397101     
   707.19999999999402        3.4025700570136528     
   707.99999999999397        1.6459426823619965     
   708.79999999999393       -1.4909989782539994     
   709.59999999999388       -3.4385040350505589     
   710.39999999999384       -1.2629858906843259     
   711.19999999999379        1.9302448900867222     
   711.99999999999375        3.4307534800957051     
   712.79999999999370       0.88732055820229894     
   713.59999999999366       -2.3878684622731439     
   714.39999999999361       -3.3575346038605027     
   715.19999999999357      -0.55926550874308889     
   715.99999999999352        2.7493059301445153     
   716.79999999999347        3.1944897497251938     
   717.59999999999343       0.29859746858842318     
   718.39999999999338       -2.9322786790222133     
   719.19999999999334       -3.0002666709162344     
   719.99999999999329       -8.3062750123314544E-002
   720.79999999999325        3.0167244133548055     
   721.59999999999320        2.8220812094637200     
   722.39999999999316       -9.7264655496084984E-002
   723.19999999999311       -3.0723540164277976     
   723.99999999999307       -2.6636324291771993     
   724.79999999999302       0.27086200353110801     
   725.59999999999297        3.1348049644883980     
   726.39999999999293        2.4988767916915711     
   727.19999999999288      -0.47695237898532250     
   727.99999999999284       -3.2185924788437652     
   728.79999999999279       -2.2893305757211735     
   729.59999999999275       0.75016652301608788     
   730.39999999999270        3.3189181011944142     
   731.19999999999266        2.0003491939609161     
   731.99999999999261       -1.0998433781544761     
   732.79999999999256       -3.4041571385807838     
   733.59999999999252       -1.6363052285421649     
   734.39999999999247        1.5015940928517781     
   735.19999999999243        3.4387906504456671     
   735.99999999999238        1.2533862923796555     
   736.79999999999234       -1.9417712321560954     
   737.59999999999229       -3.4299307504153242     
   738.39999999999225      -0.87820163421845399     
   739.19999999999220        2.3988486840406318     
   739.99999999999216        3.3544391878187843     
   740.79999999999211       0.55202222150497748     
   741.59999999999206       -2.7559586015782154     
   742.39999999999202       -3.1896860765927872     
   743.19999999999197      -0.29261466650175194     
   743.99999999999193        2.9352506339304085     
   744.79999999999188        2.9954630694784705     
   745.59999999999184        7.8140580218104994E-002
   746.39999999999179       -3.0182854593488484     
   747.19999999999175       -2.8178910860755746     
   747.99999999999170       0.10158551651889436     
   748.79999999999166        3.0737492312951100     
   749.59999999999161        2.6596906266487568     
   750.39999999999156      -0.27550034523917821     
   751.19999999999152       -3.1366297232136704     
   751.99999999999147       -2.4943079874302052     
   752.79999999999143       0.48290309092457839     
   753.59999999999138        3.2209845773490984     
   754.39999999999134        2.2831271797891892     
   755.19999999999129      -0.75808585124951167     
   755.99999999999125       -3.3214417531524623     
   756.79999999999120       -1.9919334624861418     
   757.59999999999116        1.1094465854718147     
   758.39999999999111        3.4057076270571520     
   759.19999999999106        1.6266584981827255     
   759.99999999999102       -1.5122148501990533     
   760.79999999999097       -3.4390530953834064     
   761.59999999999093       -1.2437878222451237     
   762.39999999999088        1.9533164174056181     
   763.19999999999084        3.4290662580887483     
   763.99999999999079       0.86911366259653366     
   764.79999999999075       -2.4097661364870273     
   765.59999999999070       -3.3512787426460253     
   766.39999999999065      -0.54482495752640503     
   767.19999999999061        2.7624839268101149     
   767.99999999999056        3.1848676185312566     
   768.79999999999052       0.28666140535374796     
   769.59999999999047       -2.9381638900212255     
   770.39999999999043       -2.9906735823782369     
   771.19999999999038       -7.3241823989700361E-002
   771.99999999999034        3.0198316511523093     
   772.79999999999029        2.8137145736873475     
   773.59999999999025      -0.10590354038563765     
   774.39999999999020       -3.0751513931452168     
   775.19999999999015       -2.6557434928036900     
   775.99999999999011       0.28016240597726672     
   776.79999999999006        3.1384701166484654     
   777.59999999999002        2.4897079684160022     
   778.39999999998997      -0.48890069525290825     
   779.19999999998993       -3.2233892109832167     
   779.99999999998988       -2.2768687113562662     
   780.79999999998984       0.76605853739743290     
   781.59999999998979        3.3239564132264583     
   782.39999999998975        1.9834641640330788     
   783.19999999998970       -1.1190827885857559     
   783.99999999998965       -3.4072213023340163     
   784.79999999998961       -1.6170033639333843     
   785.59999999998956        1.5228614651333476     
   786.39999999998952        3.4392916825619206     
   787.19999999998947        1.2341903838985804     
   787.99999999998943       -1.9648798242422281     
   788.79999999998938       -3.4281589988858916     
   789.59999999998934      -0.86005779127451598     
   790.39999999998929        2.4206178973470984     
   791.19999999998925        3.3480536127979819     
   791.99999999998920       0.53767262910437230     
   792.79999999998915       -2.7688830033829968     
   793.59999999998911       -3.1800354107163349     
   794.39999999998906      -0.28073792861535951     
   795.19999999998902        2.9410195943807733     
   795.99999999998897        2.9858987750537000     
   796.79999999998893        6.8366567384427146E-002
   797.59999999998888       -3.0213635102805676     
   798.39999999998884       -2.8095517268455263     
   799.19999999998879       0.11021895545214289     
