   0.0000000000000000       0.11021895545214289     
  0.80000000000000004        2.8603148294417786     
   1.6000000000000001        2.1773468589221996     
   2.4000000000000004      -0.78889284739467103     
   3.2000000000000002       -2.9675738806024037     
   4.0000000000000000       -1.5866000266654277     
   4.7999999999999998        1.3960558618673982     
   5.5999999999999996        2.9536203381798556     
   6.3999999999999995        1.0336727555053942     
   7.1999999999999993       -1.9161945158744700     
   7.9999999999999991       -2.8279017183944486     
   8.7999999999999989      -0.53511645248056805     
   9.5999999999999996        2.2926895569629702     
   10.400000000000000        2.5884149828778980     
   11.200000000000001        8.9184440437147572E-002
   12.000000000000002       -2.4967755088933483     
   12.800000000000002       -2.2715087541874217     
   13.600000000000003       0.30199608122420951     
   14.400000000000004        2.5631781902224988     
   15.200000000000005        1.9375207649509281     
   16.000000000000004      -0.61080618837834466     
   16.800000000000004       -2.5218880066240579     
   17.600000000000005       -1.6353039267903986     
   18.400000000000006       0.79925296633683018     
   19.200000000000006        2.3808877579943344     
   20.000000000000007        1.3939595807391316     
   20.800000000000008      -0.82925536967860669     
   21.600000000000009       -2.1284886075003415     
   22.400000000000009       -1.2159091252142864     
   23.200000000000010       0.67643609541327487     
   24.000000000000011        1.7258512537207449     
   24.800000000000011        1.0455593785544601     
   25.600000000000012      -0.36990219700834226     
   26.400000000000013       -1.1196536797315000     
   27.200000000000014      -0.71604716535465773     
   28.000000000000014        9.0366353265010968E-002
   28.800000000000015       0.37494887587142600     
   29.600000000000016        5.5170914459452547E-002
   30.400000000000016      -0.18488153522484177     
   31.200000000000017       0.15258971122029594     
   32.000000000000014       0.69775604344468600     
   32.800000000000011       0.62308027415543843     
   33.600000000000009      -0.27494767569554746     
   34.400000000000006       -1.1815032047118048     
   35.200000000000003       -1.0132973679039106     
   36.000000000000000       0.22384494499962249     
   36.799999999999997        1.3767329740963945     
   37.599999999999994        1.2000427572804639     
   38.399999999999991      -0.15628087116134148     
   39.199999999999989       -1.3604693439869258     
   39.999999999999986       -1.1902929059582177     
   40.799999999999983       0.10140288711503809     
   41.599999999999980        1.1781166915942638     
   42.399999999999977        1.0044581787381417     
   43.199999999999974       -8.2330323671691685E-002
   43.999999999999972      -0.88056708709347520     
   44.799999999999969      -0.64640420207289440     
   45.599999999999966       0.17762107426860607     
   46.399999999999963       0.58537965985887019     
   47.199999999999960       0.17291764220386008     
   47.999999999999957      -0.45250911771516222     
   48.799999999999955      -0.44308788465140109     
   49.599999999999952       0.25613722343077222     
   50.399999999999949       0.80994422810107891     
   51.199999999999946       0.45776838713953066     
   51.999999999999943      -0.52880771319074671     
   52.799999999999940       -1.0831212655296509     
   53.599999999999937      -0.50448259337636792     
   54.399999999999935       0.66052200499008418     
   55.199999999999932        1.1964550709079473     
   55.999999999999929       0.49661160744604671     
   56.799999999999926      -0.69785510990356370     
   57.599999999999923       -1.1484005826453645     
   58.399999999999920      -0.40625307396461308     
   59.199999999999918       0.67966329532531722     
   59.999999999999915       0.96734358760385786     
   60.799999999999912       0.22348156203803116     
   61.599999999999909      -0.65541552921291846     
   62.399999999999906      -0.70689302365793261     
   63.199999999999903        4.8719955132049853E-002
   63.999999999999901       0.68166202708721568     
   64.799999999999898       0.44533064213627971     
   65.599999999999895      -0.36562781487256935     
   66.399999999999892      -0.77095304885099569     
   67.199999999999889      -0.24288998238315573     
   67.999999999999886       0.64970853092542880     
   68.799999999999883       0.86880251141112808     
   69.599999999999881       0.10015923954701145     
   70.399999999999878      -0.84605150563959641     
   71.199999999999875      -0.90906533356526498     
   71.999999999999872        1.4916388631297517E-002
   72.799999999999869       0.94098972956382998     
   73.599999999999866       0.85859428576322627     
   74.399999999999864      -0.12958823179342271     
   75.199999999999861      -0.94701974921896659     
   75.999999999999858      -0.71592328691508600     
   76.799999999999855       0.26169860408757817     
   77.599999999999852       0.89300736597457298     
   78.399999999999849       0.50029576742638249     
   79.199999999999847      -0.42247568102214783     
   79.999999999999844      -0.81673186254709451     
   80.799999999999841      -0.24685778425208860     
   81.599999999999838       0.60688242014761051     
   82.399999999999835       0.74629463598669554     
   83.199999999999832       -3.1728954761620631E-003
   83.999999999999829      -0.78569922804294667     
   84.799999999999827      -0.68190567530945956     
   85.599999999999824       0.22084119535396651     
   86.399999999999821       0.91984508974446222     
   87.199999999999818       0.60273469899762777     
   87.999999999999815      -0.39701952785487882     
   88.799999999999812      -0.98232474510630885     
   89.599999999999810      -0.48881632829230481     
   90.399999999999807       0.53511715579712105     
   91.199999999999804       0.96634920101652289     
   91.999999999999801       0.33226103675473317     
   92.799999999999798      -0.64393498846305841     
   93.599999999999795      -0.88235129679628654     
   94.399999999999793      -0.13679828362832913     
   95.199999999999790       0.73404308125721984     
   95.999999999999787       0.75155631515949439     
   96.799999999999784       -8.4183162310142778E-002
   97.599999999999781      -0.81187231377230173     
   98.399999999999778      -0.59711480698231090     
   99.199999999999775       0.30936810167314832     
   99.999999999999773       0.87283567349046498     
   100.79999999999977       0.43467241418700009     
   101.59999999999977      -0.51491038088850782     
   102.39999999999976      -0.90203531363539002     
   103.19999999999976      -0.26906516625155097     
   103.99999999999976       0.68186925688429645     
   104.79999999999976       0.88358360801118874     
   105.59999999999975        9.8979650448955736E-002
   106.39999999999975      -0.80032471521713888     
   107.19999999999975      -0.80949017475727036     
   107.99999999999974        7.7059990244869536E-002
   108.79999999999974       0.86939663193418959     
   109.59999999999974       0.68240720447376213     
   110.39999999999974      -0.25782555176921385     
   111.19999999999973      -0.89484078884483298     
   111.99999999999973      -0.51364766552327301     
   112.79999999999973       0.43819643580246637     
   113.59999999999972       0.88466703945772229     
   114.39999999999972       0.31916217355066823     
   115.19999999999972      -0.60822941257709173     
   115.99999999999972      -0.84408697522759824     
   116.79999999999971      -0.11499949952469091     
   117.59999999999971       0.75396847583425453     
   118.39999999999971       0.77321746633571742     
   119.19999999999970       -8.6084754180869916E-002
   119.99999999999970      -0.86109829124268644     
   120.79999999999970      -0.66939941470812481     
   121.59999999999970       0.27548144682536413     
   122.39999999999969       0.91943372701829018     
   123.19999999999969       0.53154509581033416     
   123.99999999999969      -0.44768179310997258     
   124.79999999999968      -0.92546732445312996     
   125.59999999999968      -0.36283460501889553     
   126.39999999999968       0.59888856725794737     
   127.19999999999968       0.88212842398237368     
   127.99999999999967       0.17088895277100624     
   128.79999999999967      -0.72573796711266647     
   129.59999999999968      -0.79650872586599408     
   130.39999999999969        3.3407558551868721E-002
   131.19999999999970       0.82401991594441382     
   131.99999999999972       0.67689772869295084     
   132.79999999999973      -0.23748149121627582     
   133.59999999999974      -0.88804562587174707     
   134.39999999999975      -0.53062899992266788     
   135.19999999999976       0.42874988374015477     
   135.99999999999977       0.91155816219411889     
   136.79999999999978       0.36365031635727729     
   137.59999999999980      -0.59617193636790888     
   138.39999999999981      -0.88989692479236937     
   139.19999999999982      -0.18140648052226793     
   139.99999999999983       0.73138176648939834     
   140.79999999999984       0.82202514921059555     
   141.59999999999985       -1.0109210337965302E-002
   142.39999999999986      -0.82918681447936848     
   143.19999999999987      -0.71129094737774834     
   143.99999999999989       0.20377350623007839     
   144.79999999999990       0.88725374718238215     
   145.59999999999991       0.56477076843541607     
   146.39999999999992      -0.39116973130645738     
   147.19999999999993      -0.90505905020676714     
   147.99999999999994      -0.39175336368085223     
   148.79999999999995       0.56277375322963474     
   149.59999999999997       0.88274608960336132     
   150.39999999999998       0.20214543523870698     
   151.19999999999999      -0.70867849154890750     
   152.00000000000000      -0.82075343195566008     
   152.80000000000001       -5.4147686538627005E-003
   153.60000000000002       0.81989785710974894     
   154.40000000000003       0.72045894767225305     
   155.20000000000005      -0.18975416267559209     
   156.00000000000006      -0.88979952946841046     
   156.80000000000007      -0.58518598826718826     
   157.60000000000008       0.37534367016044690     
   158.40000000000009       0.91499076989952510     
   159.20000000000010       0.42071208288086981     
   160.00000000000011      -0.54378531307789646     
   160.80000000000013      -0.89530736785256737     
   161.60000000000014      -0.23498755985474928     
   162.40000000000015       0.68785599105049933     
   163.20000000000016       0.83311559020060288     
   164.00000000000017        3.7371601624562989E-002
   164.80000000000018      -0.80078271971538284     
   165.60000000000019      -0.73246586719343254     
   166.40000000000020       0.16217564130037554     
   167.20000000000022       0.87661350390055837     
   168.00000000000023       0.59853977315266260     
   168.80000000000024      -0.35372844112010471     
   169.60000000000025      -0.91081854859432643     
   170.40000000000026      -0.43746376793718766     
   171.20000000000027       0.52789336447489288     
   172.00000000000028       0.90094120926994892     
   172.80000000000030       0.25627618916763284     
   173.60000000000031      -0.67628736523041355     
   174.40000000000032      -0.84706562962604681     
   175.20000000000033       -6.2843090369356536E-002
   176.00000000000034       0.79200715851929326     
   176.80000000000035       0.75194120777634887     
   177.60000000000036      -0.13430603687567955     
   178.40000000000038      -0.86995178682756902     
   179.20000000000039      -0.62072078520590179     
   180.00000000000040       0.32617276073126100     
   180.80000000000041       0.90687573389982368     
   181.60000000000042       0.46038852115708251     
   182.40000000000043      -0.50354887201323684     
   183.20000000000044      -0.90125700563950417     
   184.00000000000045      -0.27906118659092716     
   184.80000000000047       0.65746415132522196     
   185.60000000000048       0.85322837222524417     
   186.40000000000049        8.5381192230617131E-002
   187.20000000000050      -0.77987661558037136     
   188.00000000000051      -0.76471668817687100     
   188.80000000000052       0.11186361800243361     
   189.60000000000053       0.86444657396186397     
   190.40000000000055       0.63965355066397500     
   191.20000000000056      -0.30390884206675151     
   192.00000000000057      -0.90708936182737865     
   192.80000000000058      -0.48397292104190104     
   193.60000000000059       0.48210810836758355     
   194.40000000000060       0.90611069437461067     
   195.20000000000061       0.30525661333289378     
   196.00000000000063      -0.63812271616114546     
   196.80000000000064      -0.86201229758681330     
   197.60000000000065      -0.11215442365730055     
   198.40000000000066       0.76430818425921432     
   199.20000000000067       0.77722610491896638     
   200.00000000000068       -8.6176200600282082E-002
   200.80000000000069      -0.85425863562546467     
   201.60000000000070      -0.65593785822624606     
   202.40000000000072       0.28046720335820030     
   203.20000000000073       0.90333951276181357     
   204.00000000000074       0.50394463154627345     
   204.80000000000075      -0.46161759474545705     
   205.60000000000076      -0.90903654075188989     
   206.40000000000077      -0.32841033239252704     
   207.20000000000078       0.62100097224320527     
   208.00000000000080       0.87108051123258068     
   208.80000000000081       0.13749425776712465     
   209.60000000000082      -0.75089944131656527     
   210.40000000000083      -0.79142145991419999     
   211.20000000000084        6.0040129143668630E-002
   212.00000000000085       0.84500511542495227     
   212.80000000000086       0.67410484716106867     
   213.60000000000088      -0.25513295210354525     
   214.40000000000089      -0.89881967598400458     
   215.20000000000090      -0.52501939450207491     
   216.00000000000091       0.43867245217555662     
   216.80000000000092       0.90983726223121264     
   217.60000000000093       0.35148823101268811     
   218.40000000000094      -0.60180532530904818     
   219.20000000000095      -0.87756419093444937     
   220.00000000000097      -0.16177354953426903     
   220.80000000000098       0.73642029795046282     
   221.60000000000099       0.80351411456197630     
   222.40000000000100       -3.5365753658980981E-002
   223.20000000000101      -0.83575787254611678     
   224.00000000000102      -0.69121752174256046     
   224.80000000000103       0.23097301619351529     
   225.60000000000105       0.89494290155798684     
   226.40000000000106       0.54613212037794012     
   227.20000000000107      -0.41608817894901717     
   228.00000000000108      -0.91124862454310185     
   228.80000000000109      -0.37533542689752009     
   229.60000000000110       0.58197802473077631     
   230.40000000000111       0.88409133215756153     
   231.20000000000113       0.18703399785418084     
   232.00000000000114      -0.72053027203540865     
   232.80000000000115      -0.81492053576723888     
   233.60000000000116        9.9429076211242640E-003
   234.40000000000117       0.82480640873263700     
   235.20000000000118       0.70713160346489645     
   236.00000000000119      -0.20652063509781282     
   236.80000000000121      -0.88959007998864914     
   237.60000000000122      -0.56595742939242577     
   238.40000000000123       0.39362666890187126     
   239.20000000000124       0.91173622364963947     
   240.00000000000125       0.39821614571031727     
   240.80000000000126      -0.56243706954730710     
   241.60000000000127      -0.89026772849113067     
   242.40000000000128      -0.21189221131374780     
   243.20000000000130       0.70475726705267050     
   244.00000000000131       0.82632798401996443     
   244.80000000000132        1.5671188826561600E-002
   245.60000000000133      -0.81354720510796297     
   246.40000000000134      -0.72310025941076106     
   247.20000000000135       0.18143190731803827     
   248.00000000000136       0.88344329511901032     
   248.80000000000138       0.58567455016648906     
   249.60000000000139      -0.37032676948466781     
   250.40000000000140      -0.91109236574942021     
   251.20000000000141      -0.42076876682102798     
   252.00000000000142       0.54209469027351331     
   252.80000000000143       0.89524754001122431     
   253.60000000000144       0.23629244351019696     
   254.40000000000146      -0.68836769536819509     
   255.20000000000147      -0.83673690333861894     
   256.00000000000148       -4.0869921279820032E-002
   256.80000000000149       0.80186794491139979     
   257.60000000000150       0.73841880414554861     
   258.40000000000151      -0.15653803907949915     
   259.20000000000152      -0.87696703899949680     
   260.00000000000153      -0.60509798220500055     
   260.80000000000155       0.34688284374956313     
   261.60000000000156       0.91006093854840608     
   262.40000000000157       0.44328863635251164     
   263.20000000000158      -0.52125013503484929     
   264.00000000000159      -0.89968011806272041     
   264.80000000000160      -0.26079107491004239     
   265.60000000000161       0.67120165353157657     
   266.40000000000163       0.84643908186037908     
   267.20000000000164        6.6195608964535024E-002
   268.00000000000165      -0.78928869778800603     
   268.80000000000166      -0.75296685030875932     
   269.60000000000167       0.13152986014019830     
   270.40000000000168       0.86962134626321541     
   271.20000000000169       0.62382580980434976     
   272.00000000000171      -0.32331306366489654     
   272.80000000000172      -0.90828849635750086     
   273.60000000000173      -0.46530798217194064     
   274.40000000000174       0.50020001891551624     
   275.20000000000175       0.90351823561535349     
   276.00000000000176       0.28504779629136068     
   276.80000000000177      -0.65367620824421291     
   277.60000000000178      -0.85565262857194213     
   278.40000000000180       -9.1538818632376229E-002
   279.20000000000181       0.77615613790356952     
   280.00000000000182       0.76707779152884492     
   280.80000000000183      -0.10628994087384513     
   281.60000000000184      -0.86154641008389043     
   282.40000000000185      -0.64213918201303688     
   283.20000000000186       0.29936314555556576     
   284.00000000000188       0.90568322201755991     
   284.80000000000189       0.48694640483327895     
   285.60000000000190      -0.47868358093015378     
   286.40000000000191      -0.90651899682102621     
   287.20000000000192      -0.30899911589982454     
   288.00000000000193       0.63563948776149259     
   288.80000000000194       0.86411495992669130     
   289.60000000000196       0.11670604544599816     
   290.40000000000197      -0.76248097029451900     
   291.20000000000198      -0.78058104670412054     
   292.00000000000199        8.1049768064564431E-002
   292.80000000000200       0.85288981376786399     
   293.60000000000201       0.66000650863994370     
   294.40000000000202      -0.27521130190363441     
   295.20000000000203      -0.90244509729864231     
   296.00000000000205      -0.50828951858151983     
   296.80000000000206       0.45676793412292638     
   297.60000000000207       0.90883873667399229     
   298.40000000000208       0.33278352580061021     
   299.20000000000209      -0.61704125487462191     
   300.00000000000210      -0.87187774580978861     
   300.80000000000211      -0.14181698825709232     
   301.60000000000213       0.74813847949342538     
   302.40000000000214       0.79341905236819832     
   303.20000000000215       -5.5759421517679986E-002
   304.00000000000216      -0.84352087192827496     
   304.80000000000217      -0.67730286263701167     
   305.60000000000218       0.25089306848716508     
   306.40000000000219       0.89849740656498756     
   307.20000000000221       0.52920455727851345     
   308.00000000000222      -0.43455360349890360     
   308.80000000000223      -0.91047907442961618     
   309.60000000000224      -0.35630907144319679     
   310.40000000000225       0.59800201875986347     
   311.20000000000226       0.87900397498199523     
   312.00000000000227       0.16684228791933231     
   312.80000000000229      -0.73322016864539585     
   313.60000000000230      -0.80567374110636281     
   314.40000000000231        3.0392403664525558E-002
   315.20000000000232       0.83347069697542631     
   316.00000000000233       0.69408623132468827     
   316.80000000000234      -0.22635294994032717     
   317.60000000000235      -0.89380926870026445     
   318.40000000000236      -0.54970124734537940     
   319.20000000000238       0.41198972757304375     
   320.00000000000239       0.91137185248113828     
   320.80000000000240       0.37953705047879405     
   321.60000000000241      -0.57850198052093571     
   322.40000000000242      -0.88542329240970252     
   323.20000000000243      -0.19171294949695583     
   324.00000000000244       0.71774631368765662     
   324.80000000000246       0.81729989853728302     
   325.60000000000247       -5.0223590371101245E-003
   326.40000000000248      -0.82278891861037040     
   327.20000000000249      -0.71034580284167048     
   328.00000000000250       0.20164643812212057     
   328.80000000000251       0.88843602281214218     
   329.60000000000252       0.56979499300041747     
   330.40000000000254      -0.38910094097600934     
   331.20000000000255      -0.91155390096607702     
   332.00000000000256      -0.40249141136331168     
   332.80000000000257       0.55853539667064944     
   333.60000000000258       0.89114039397538869     
   334.40000000000259       0.21644369017792153     
   335.20000000000260      -0.70169272139057848     
   336.00000000000261      -0.82827145156364379     
   336.80000000000263       -2.0345079058571525E-002
   337.60000000000264       0.81145003010870376     
   338.40000000000265       0.72603763281103162     
   339.20000000000266      -0.17680104629398274     
   340.00000000000267      -0.88236484738406118     
   340.80000000000268      -0.58944047771008867     
   341.60000000000269       0.36592915246456348     
   342.40000000000271       0.91102961067418120     
   343.20000000000272       0.42513805573434171     
   344.00000000000273      -0.53814556303531036     
   344.80000000000274      -0.89617100991809295     
   345.60000000000275      -0.24101643243838577     
   346.40000000000276       0.68509101237739523     
   347.20000000000277       0.83860379707941424     
   348.00000000000279        4.5705050986192930E-002
   348.80000000000280      -0.79946633488144148     
   349.60000000000281      -0.74116613026291911     
   350.40000000000282       0.15181591817824713     
   351.20000000000283       0.87558928188545626     
   352.00000000000284       0.60862634425468887     
   352.80000000000285      -0.34247602800905130     
   353.60000000000286      -0.90978101007592771     
   354.40000000000288      -0.44745179808411312     
   355.20000000000289       0.51734201726415763     
   356.00000000000290       0.90049495692901704     
   356.80000000000291       0.26539848399786248     
   357.60000000000292      -0.66795895002940675     
   358.40000000000293      -0.84828114739771232     
   359.20000000000294       -7.1024740269467479E-002
   360.00000000000296       0.78685939885929812     
   360.80000000000297       0.75572161948930505     
   361.60000000000298      -0.12671817586362788     
   362.40000000000299      -0.86812786100106043     
   363.20000000000300      -0.62734662269656349     
   364.00000000000301       0.31876009047179332     
   364.80000000000302       0.90781756644557254     
   365.60000000000304       0.46942617785865126     
   366.40000000000305      -0.49613487718120231     
   367.20000000000306      -0.90410981641514598     
   368.00000000000307      -0.28957916970259934     
   368.80000000000308       0.65030081067751022     
   369.60000000000309       0.85729026309175915     
   370.40000000000310        9.6287398988583739E-002
   371.20000000000312      -0.77363118212945858     
   372.00000000000313      -0.76968395021794589     
   372.80000000000314       0.10153012690143592     
   373.60000000000315       0.85998299637454234     
   374.40000000000316       0.64557903474448797     
   375.20000000000317      -0.29480650636369510     
   376.00000000000318      -0.90514277152467471     
   376.80000000000319      -0.49104052705741186     
   377.60000000000321       0.47454808831595408     
   378.40000000000322       0.90701837285943143     
   379.20000000000323       0.31354103340452710     
   380.00000000000324      -0.63213524097392437     
   380.80000000000325      -0.86563013612163997     
   381.60000000000326      -0.12147825264911793     
   382.40000000000327       0.75979251178745633     
   383.20000000000329       0.78304580618921726     
   384.00000000000330       -7.6265641025524245E-002
   384.80000000000331      -0.85115762936514272     
   385.60000000000332      -0.66330940459689103     
   386.40000000000333       0.27062998255941006     
   387.20000000000334       0.90175364069450170     
   388.00000000000335       0.51227533344649578     
   388.80000000000337      -0.45259777638921972     
   389.60000000000338      -0.90921422155427767     
   390.40000000000339      -0.33726185801441644     
   391.20000000000340       0.61347873596793956     
   392.00000000000341       0.87329257339881905     
   392.80000000000342       0.14657492619906154     
   393.60000000000343      -0.74535799737922193     
   394.40000000000344      -0.79579753443970802     
   395.20000000000346        5.0945507992021577E-002
   396.00000000000347       0.84166206625537732     
   396.80000000000348       0.68052617102345891     
   397.60000000000349      -0.24624886057527884     
   398.40000000000350      -0.89765455451103204     
   399.20000000000351      -0.53311664859106089     
   400.00000000000352       0.43029953406353971     
   400.80000000000354       0.91069535312199945     
   401.60000000000355       0.36072519506759937     
   402.40000000000356      -0.59434404750836645     
   403.20000000000357      -0.88026970742639143     
   404.00000000000358      -0.17155876695867978     
   404.80000000000359       0.73033749782813973     
   405.60000000000360       0.80792661242054165     
   406.40000000000362       -2.5589912061473985E-002
   407.20000000000363      -0.83150322185470316     
   408.00000000000364      -0.69721371348304462     
   408.80000000000365       0.22168375539804097     
   409.60000000000366       0.89284931712364557     
   410.40000000000367       0.55354728957546151     
   411.20000000000368      -0.40767284934552139     
   412.00000000000369      -0.91146199442537967     
   412.80000000000371      -0.38391340257763173     
   413.60000000000372       0.57474774131096074     
   414.40000000000373       0.88655746896339283     
   415.20000000000374       0.19641211613918463     
   416.00000000000375      -0.71474315885657980     
   416.80000000000376      -0.81942415222818965     
   417.60000000000377        2.1660591459449208E-004
   418.40000000000379       0.82068817637184110     
   419.20000000000380       0.71335854199379489     
   420.00000000000381      -0.19695263594491341     
   420.80000000000382      -0.88734023096459169     
   421.60000000000383      -0.57355024698672852     
   422.40000000000384       0.38473553663750670     
   423.20000000000385       0.91151237203490931     
   424.00000000000387       0.40680747594484690     
   424.80000000000388      -0.55470636913297544     
   425.60000000000389      -0.89215049199201057     
   426.40000000000390      -0.22111533194416699     
   427.20000000000391       0.69858869900786102     
   428.00000000000392       0.83028130176596404     
   428.80000000000393        2.5154991091116408E-002
   429.60000000000394      -0.80922642535011502     
   430.40000000000396      -0.72894840222198931     
   431.20000000000397       0.17207422784559878     
   432.00000000000398       0.88113186227879814     
   432.80000000000399       0.59311029805046578     
   433.60000000000400      -0.36150517143134897     
   434.40000000000401      -0.91084608874887540     
   435.20000000000402      -0.42939000354999535     
   436.00000000000404       0.53423562121459334     
   436.80000000000405       0.89704370886040019     
   437.60000000000406       0.24564965465331423     
   438.40000000000407      -0.68188695819635792     
   439.20000000000408      -0.84048873180262684     
   440.00000000000409       -5.0505462476971297E-002
   440.80000000000410       0.79712711053580887     
   441.60000000000412       0.74397031136796754     
   442.40000000000413      -0.14706799081770783     
   443.20000000000414      -0.87422920370606194     
   444.00000000000415      -0.61221170894231147     
   444.80000000000416       0.33800046287044128     
   445.60000000000417       0.90946385770204408     
   446.40000000000418       0.45164353320741196     
   447.20000000000420      -0.51335232444677859     
   448.00000000000421      -0.90123348380648438     
   448.80000000000422      -0.26999675565852788     
   449.60000000000423       0.66465159166124932     
   450.40000000000424       0.85003841377115963     
   451.20000000000425        7.5816089912250306E-002
   452.00000000000426      -0.78439972633139499     
   452.80000000000427      -0.75841210490660849     
   453.60000000000429       0.12195273801533246     
   454.40000000000430       0.86663723486820132     
   455.20000000000431       0.63083896412000462     
   456.00000000000432      -0.31423983867151217     
   456.80000000000433      -0.90736629500120258     
   457.60000000000434      -0.47355036064657380     
   458.40000000000435       0.49207357182954164     
   459.20000000000437       0.90471630008296389     
   460.00000000000438       0.29413785928601310     
   460.80000000000439      -0.64689703084491690     
   461.60000000000440      -0.85892279090627455     
   462.40000000000441      -0.10106778370039626     
   463.20000000000442       0.77105480886061128     
   464.00000000000443       0.77226235042346247     
   464.80000000000445       -9.6747434382577158E-002
   465.60000000000446      -0.85836192658171873     
   466.40000000000447      -0.64897730788197927     
   467.20000000000448       0.29024168717943111     
   468.00000000000449       0.90455474423265858     
   468.80000000000450       0.49509335017825690     
   469.60000000000451      -0.47041638438033545     
   470.40000000000452      -0.90748907638853216     
   471.20000000000454      -0.31805446128179693     
   472.00000000000455       0.62863778630963674     
   472.80000000000456       0.86713455198734979     
   473.60000000000457       0.12624143969607093     
   474.40000000000458      -0.75710322861100221     
   475.20000000000459      -0.78550979175471425     
   476.00000000000460        7.1471271649806156E-002
   476.80000000000462       0.84940982858248726     
   477.60000000000463       0.66661216396488188     
   478.40000000000464      -0.26602475729591157     
   479.20000000000465      -0.90103128598495386     
   480.00000000000466      -0.51625557303893777     
   480.80000000000467       0.44839821895270549     
   481.60000000000468       0.90954951673801610     
   482.40000000000470       0.34172828744634298     
   483.20000000000471      -0.60988883400950422     
   484.00000000000472      -0.87466710879880649     
   484.80000000000473      -0.15131817736295128     
   485.60000000000474       0.74255630759480018     
   486.40000000000475       0.79814373220698742     
   487.20000000000476       -4.6143286499642389E-002
   488.00000000000477      -0.83978790493214939     
   488.80000000000479      -0.68372929012914585     
   489.60000000000480       0.24160779918963537     
   490.40000000000481       0.89679840393635579     
   491.20000000000482       0.53702022060025612     
   492.00000000000483      -0.42603676700779491     
   492.80000000000484      -0.91089577927525012     
   493.60000000000485      -0.36514105077977521     
   494.40000000000487       0.59066563042107123     
   495.20000000000488       0.88151441269355058     
   496.00000000000489       0.17627907028269274     
   496.80000000000490      -0.72742601337186352     
   497.60000000000491      -0.81015405396063345     
   498.40000000000492        2.0782539071192097E-002
   499.20000000000493       0.82950379469040036     
   500.00000000000495       0.70031495608065986     
   500.80000000000496      -0.21700958702779893     
   501.60000000000497      -0.89185918329928981     
   502.40000000000498      -0.55737083763883333     
   503.20000000000499       0.40334982825888510     
   504.00000000000500       0.91152653318447230     
   504.80000000000501       0.38827463665290962     
   505.60000000000502      -0.57098390711030300     
   506.40000000000504      -0.88767087356947594     
   507.20000000000505      -0.20110522253358221     
   508.00000000000506       0.71172477235153231     
   508.80000000000507       0.82153106756435590     
   509.60000000000508        4.5918505529900511E-003
   510.40000000000509      -0.81856572023965835     
   511.20000000000510      -0.71635580723851122     
   512.00000000000512       0.19224902678172939     
   512.80000000000507       0.88621733462040997     
   513.60000000000502       0.57729125641375201     
   514.40000000000498      -0.38035542782872445     
   515.20000000000493      -0.91144106370158950     
   516.00000000000489      -0.41111112058070254     
   516.80000000000484       0.55085974345077793     
   517.60000000000480       0.89313148640463524     
   518.40000000000475       0.22577784950361746     
   519.20000000000471      -0.69546547294691297     
   520.00000000000466      -0.83226560759052415     
   520.80000000000462       -2.9960808967928632E-002
   521.60000000000457       0.80698242856907343     
   522.40000000000452       0.73183890228886972     
   523.20000000000448      -0.16734506184835685     
   524.00000000000443      -0.87987710429014232     
   524.80000000000439      -0.59676557644850403     
   525.60000000000434       0.35707176222784942     
   526.40000000000430       0.91063919171411112     
   527.20000000000425       0.43363271173237827     
   528.00000000000421      -0.53030956482375335     
   528.80000000000416      -0.89789179328585633     
   529.60000000000412      -0.25027821710860221     
   530.40000000000407       0.67866150847604012     
   531.20000000000402       0.84234905054013309     
   532.00000000000398        5.5305274664975257E-002
   532.80000000000393      -0.79476325311741514     
   533.60000000000389      -0.74675177469660470     
   534.40000000000384       0.14231666419340250     
   535.20000000000380       0.87284332170830459     
   536.00000000000375       0.61577823915306096     
   536.80000000000371      -0.33351714887199202     
   537.60000000000366      -0.90912128349544485     
   538.40000000000362      -0.45582180935691818     
   539.20000000000357       0.50935007208900884     
   540.00000000000352       0.90194785769385044     
   540.80000000000348       0.27458766338477769     
   541.60000000000343      -0.66132671781008734     
   542.40000000000339      -0.85177327664098457     
   543.20000000000334       -8.0606187914452399E-002
   544.00000000000330       0.78191808884094738     
   544.80000000000325       0.76108240760440460     
   545.60000000000321      -0.11718285876040702     
   546.40000000000316      -0.86512141089088868     
   547.20000000000312      -0.63431402790042601     
   548.00000000000307       0.30971004434841720     
   548.80000000000302       0.90688828289029555     
   549.60000000000298       0.47766102447114533     
   550.40000000000293      -0.48799824145714310     
   551.20000000000289      -0.90529629822019375     
   552.00000000000284      -0.29868763072328819     
   552.80000000000280       0.64347536785097936     
   553.60000000000275       0.86053069469209287     
   554.40000000000271       0.10584452359269325     
   555.20000000000266      -0.76845736686933197     
   556.00000000000261      -0.77481924805516356     
   556.80000000000257        9.1962695332601485E-002
   557.60000000000252       0.85671736647160557     
   558.40000000000248       0.65235807282743430     
   559.20000000000243      -0.28566902290119334     
   560.00000000000239      -0.90394169401256841     
   560.80000000000234      -0.49913317717708361     
   561.60000000000230       0.46627131125064170     
   562.40000000000225       0.90793428227008277     
   563.20000000000221       0.32255965996047520     
   564.00000000000216      -0.62512215084925005     
   564.80000000000211      -0.86861425110837220     
   565.60000000000207      -0.13100128926743937     
   566.40000000000202       0.75439206169367812     
   567.20000000000198       0.78795123134992695     
   568.00000000000193       -6.6675238933684433E-002
   568.80000000000189      -0.84763776356119491     
   569.60000000000184      -0.66989588247355847     
   570.40000000000180       0.26141275232617234     
   571.20000000000175       0.90028358415823340     
   572.00000000000171       0.52022132337889204     
   572.80000000000166      -0.44418674860662544     
   573.60000000000161      -0.90985951933865739     
   574.40000000000157      -0.34618540402795228     
   575.20000000000152       0.60628215451892820     
   576.00000000000148       0.87601742133265637     
   576.80000000000143       0.15605752675331352     
   577.60000000000139      -0.73973367663429235     
   578.40000000000134      -0.80046778142132280     
   579.20000000000130        4.1339571731402236E-002
   580.00000000000125       0.83788976037828145     
   580.80000000000121       0.68691335677846510     
   581.60000000000116      -0.23695998935367524     
   582.40000000000111      -0.89591659489610398     
   583.20000000000107      -0.54090877496646084     
   584.00000000000102       0.42176223412472602     
   584.80000000000098       0.91107027103292759     
   585.60000000000093       0.36954664720018771     
   586.40000000000089      -0.58697084076554717     
   587.20000000000084      -0.88273421695227350     
   588.00000000000080      -0.18099432645458424     
   588.80000000000075       0.72449422616842007     
   589.60000000000070       0.81235881918279462     
   590.40000000000066       -1.5974781623465661E-002
   591.20000000000061      -0.82748108949812293     
   592.00000000000057      -0.70339679896274609     
   592.80000000000052       0.21232956658633784     
   593.60000000000048       0.89084394000769196     
   594.40000000000043       0.56117911248933494     
   595.20000000000039      -0.39901564524955979     
   596.00000000000034      -0.91156535173277997     
   596.80000000000030      -0.39262531468584272     
   597.60000000000025       0.56720402928332547     
   598.40000000000020       0.88875918981564483     
   599.20000000000016       0.20579283374489576     
   600.00000000000011      -0.70868622617198329     
   600.80000000000007      -0.82361477394137417     
   601.60000000000002       -9.4000453507774306E-003
   602.39999999999998       0.81642005656651617     
   603.19999999999993       0.71933293429890655     
   603.99999999999989      -0.18754037836322157     
   604.79999999999984      -0.88506940751660657     
   605.59999999999980      -0.58101620529263576     
   606.39999999999975       0.37596503450404573     
   607.19999999999970       0.91134412836111778     
   607.99999999999966       0.41540348713116276     
   608.79999999999961      -0.54699787407139322     
   609.59999999999957      -0.89408743082036479     
   610.39999999999952      -0.23043425590550326     
   611.19999999999948       0.69232267818617399     
   611.99999999999943       0.83422658781643633     
   612.79999999999939        3.4765828967853518E-002
   613.59999999999934      -0.80471553688920039     
   614.39999999999930      -0.73470892375389574     
   615.19999999999925       0.16261137244672685     
   615.99999999999920       0.87859736407894262     
   616.79999999999916       0.60040423049925384     
   617.59999999999911      -0.35262861276979574     
   618.39999999999907      -0.91040652488757323     
   619.19999999999902      -0.43786341763146963     
   619.99999999999898       0.52636884168751241     
   620.79999999999893       0.89871457254694853     
   621.59999999999889       0.25489987318934570     
   622.39999999999884      -0.67541705153874010     
   623.19999999999879      -0.84418572117297030     
   623.99999999999875       -6.0103502186043989E-002
   624.79999999999870       0.79237696775787392     
   625.59999999999866       0.74951237615994348     
   626.39999999999861      -0.13756154042411661     
   627.19999999999857      -0.87143275553914157     
   627.99999999999852      -0.61932768957588480     
   628.79999999999848       0.32902473336032512     
   629.59999999999843       0.90875302480137343     
   630.39999999999839       0.45998754665202723     
   631.19999999999834      -0.50533369119793370     
   631.99999999999829      -0.90263679146904630     
   632.79999999999825      -0.27917104858874875     
   633.59999999999820       0.65798326685374087     
   634.39999999999816       0.85348415855802695     
   635.19999999999811        8.5394017945559675E-002
   635.99999999999807      -0.77941434151890954     
   636.79999999999802      -0.76373136152584975     
   637.59999999999798       0.11240990806711415     
   638.39999999999793       0.86358110775599051     
   639.19999999999789       0.63777142649325280     
   639.99999999999784      -0.30517187537291701     
   640.79999999999779      -0.90638467320754390     
   641.59999999999775      -0.48175851841404660     
   642.39999999999770       0.48390945258838391     
   643.19999999999766       0.90585080870647394     
   643.99999999999761       0.30322923812890956     
   644.79999999999757      -0.64003567753879687     
   645.59999999999752      -0.86211441232273600     
   646.39999999999748      -0.11061835509433615     
   647.19999999999743       0.76583819721553259     
   647.99999999999739       0.77735442236413976     
   648.79999999999734       -8.7175527646603412E-002
   649.59999999999729      -0.85504852754481386     
   650.39999999999725      -0.65572064540290687     
   651.19999999999720       0.28108862900009945     
   651.99999999999716       0.90330308023115646     
   652.79999999999711       0.50315919838868384     
   653.59999999999707      -0.46211340583429261     
   654.39999999999702      -0.90835389182529669     
   655.19999999999698      -0.32705600288985237     
   655.99999999999693       0.62158905006221321     
   656.79999999999688       0.87006952595880971     
   657.59999999999684       0.13575752543933983     
   658.39999999999679      -0.75165961000234238     
   659.19999999999675      -0.79037058374112368     
   659.99999999999670        6.1877470365257481E-002
   660.79999999999666       0.84584170192025643     
   661.59999999999661       0.67316092718815734     
   662.39999999999657      -0.25679368188892804     
   663.19999999999652      -0.89951042394880010     
   663.99999999999648      -0.52417269050072923     
   664.79999999999643       0.43996306091713999     
   665.59999999999638       0.91014385676704501     
   666.39999999999634       0.35063302135795826     
   667.19999999999629      -0.60265854418105302     
   667.99999999999625      -0.87734307727925109     
   668.79999999999620      -0.16079258108208727     
   669.59999999999616       0.73689017966587234     
   670.39999999999611       0.80276936286953382     
   671.19999999999607       -3.6534818990713980E-002
   671.99999999999602      -0.83596789653330261     
   672.79999999999598      -0.69007824588940114     
   673.59999999999593       0.23230580601230544     
   674.39999999999588       0.89500945306439450     
   675.19999999999584       0.54478235482272841     
   675.99999999999579      -0.41747613798260130     
   676.79999999999575      -0.91121906954183918     
   677.59999999999570      -0.37394210245266402     
   678.39999999999566       0.58325969239240694     
   679.19999999999561       0.88392918073195026     
   679.99999999999557       0.18570462190988191     
   680.79999999999552      -0.72154201781861338     
   681.59999999999548      -0.81454077746951037     
   682.39999999999543        1.1166661185644244E-002
   683.19999999999538       0.82543495328692662     
   683.99999999999534       0.70645898446741784     
   684.79999999999529      -0.20764384571389483     
   685.59999999999525      -0.88980348974729828     
   686.39999999999520      -0.56497182567046111     
   687.19999999999516       0.39467054822046099     
   687.99999999999511       0.91157844835569812     
   688.79999999999507       0.39696519958257337     
   689.59999999999502      -0.56340837886105344     
   690.39999999999498      -0.88982248941218600     
   691.19999999999493      -0.21047480383436601     
   691.99999999999488       0.70562773355067132     
   692.79999999999484       0.82567535304954798     
   693.59999999999479        1.4207916996316738E-002
   694.39999999999475      -0.81425128657278267     
   695.19999999999470      -0.72228994961877779     
   695.99999999999466       0.18282670670688350     
   696.79999999999461       0.88389643209764301     
   697.59999999999457       0.58472502961848649     
   698.39999999999452      -0.37156437564976397     
   699.19999999999447      -0.91122146597347176     
   699.99999999999443      -0.41968442534210615     
   700.79999999999438       0.54312081827160030     
   701.59999999999434       0.89501819693021845     
   702.39999999999429       0.23508434764131214     
   703.19999999999425      -0.68916041794845773     
   703.99999999999420      -0.83616412939447327     
   704.79999999999416       -3.9569837554770948E-002
   705.59999999999411       0.80242587828189937     
   706.39999999999407       0.73755838585720890     
   707.19999999999402      -0.15787334580919643     
   707.99999999999397      -0.87729275616561631     
   708.79999999999393      -0.60402620352940839     
   709.59999999999388       0.34817585963710307     
   710.39999999999384       0.91014815217761513     
   711.19999999999379       0.44208206686447005     
   711.99999999999375      -0.52241353454720196     
   712.79999999999370      -0.89951203900986454     
   713.59999999999366      -0.25951454842872002     
   714.39999999999361       0.67215362747368357     
   715.19999999999357       0.84599866612055141     
   715.99999999999352        6.4900036868636435E-002
   716.79999999999347      -0.78996827157143290     
   717.59999999999343      -0.75225198870143850     
   718.39999999999338       0.13280276152522974     
   719.19999999999334       0.86999751754960664     
   719.99999999999329       0.62285991250447148     
   720.79999999999325      -0.32452337831181199     
   721.59999999999320      -0.90835909646457880     
   722.39999999999316      -0.46414060188449896     
   723.19999999999311       0.50130333959164375     
   723.99999999999307       0.90330029501703790     
   724.79999999999302       0.28374678581730484     
   725.59999999999297      -0.65462136622370992     
   726.39999999999293      -0.85517104738291227     
   727.19999999999288       -9.0179472114224724E-002
   727.99999999999284       0.77688856321666921     
   728.79999999999279       0.76635891685391355     
   729.59999999999275      -0.10763398536818902     
   730.39999999999270      -0.86201635234564289     
   731.19999999999266      -0.64121106753562551     
   731.99999999999261       0.30062543295731914     
   732.79999999999256       0.90585545089579922     
   733.59999999999252       0.48584271535210127     
   734.39999999999247      -0.47980731228232659     
   735.19999999999243      -0.90637978952629539     
   735.99999999999238      -0.30776253492591155     
   736.79999999999234       0.63657806727700172     
   737.59999999999229       0.86367388588525418     
   738.39999999999225       0.11538912789241129     
   739.19999999999220      -0.76319739457099423     
   739.99999999999216      -0.77986780340963124     
   740.79999999999211        8.2386073788203062E-002
   741.59999999999206       0.85335547732544270     
   742.39999999999202       0.65906494279096528     
   743.19999999999197      -0.27650063333839459     
   743.99999999999193      -0.90263893300468123     
   744.79999999999188      -0.50717131652342873     
   745.59999999999184       0.45794277780135340     
   746.39999999999179       0.90874789393789779     
   747.19999999999175       0.33154337810682666     
   747.99999999999170      -0.61803857323858213     
   748.79999999999166      -0.87150032623417117     
   749.59999999999161      -0.14051002312101868     
   750.39999999999156       0.74890594114372766     
   751.19999999999152       0.79276776605626220     
   751.99999999999147       -5.7078100657306008E-002
   752.79999999999143      -0.84402168926341714     
   753.59999999999138      -0.67640719243262026     
   754.39999999999134       0.25216768399458078     
   755.19999999999129       0.89871182872583244     
   755.99999999999125       0.52810955646824620     
   756.79999999999120      -0.43572728742852329     
   757.59999999999116      -0.91040252822693557     
   758.39999999999111      -0.35507101748516390     
   759.19999999999106       0.59901811610066402     
   759.99999999999102       0.87864404773270310     
   760.79999999999097       0.16552321831211125     
   761.59999999999093      -0.73402590077584751     
   762.39999999999088      -0.80504841624319812     
   763.19999999999084        3.1729150206996293E-002
   763.99999999999079       0.83402236327442025     
   764.79999999999075       0.69322386683419379     
   765.59999999999070      -0.22764537150523612     
   766.39999999999065      -0.89407699525453332     
   767.19999999999061      -0.54864084587445661     
   767.99999999999056       0.41317859893304765     
   768.79999999999052       0.91134216287775671     
   769.59999999999047       0.37832728828945905     
   770.39999999999043      -0.57953229658881578     
   771.19999999999038      -0.88509926673360773     
   771.99999999999034      -0.19040982332941558     
   772.79999999999029       0.71856948045574087     
   773.59999999999025       0.81669986735011979     
   774.39999999999020       -6.3583102995998786E-003
   775.19999999999015      -0.82336545005396233     
   775.99999999999011      -0.70950142810841255     
   776.79999999999006       0.20295255268570178     
   777.59999999999002       0.88873786372114227     
   778.39999999998997       0.56874887303905264     
   779.19999999998993      -0.39031465765473228     
   779.99999999998988      -0.91156582101380534     
   780.79999999998984      -0.40129417294461400     
   781.59999999998979       0.55959706314409929     
   782.39999999998975       0.89086073864244053     
   783.19999999998970       0.21515100569383550     
   783.99999999998965      -0.70254938183491578     
   784.79999999998961      -0.82771274188237343     
   785.59999999998956       -1.9015334064829692E-002
   786.39999999998952       0.81205947194038453     
   787.19999999998947       0.72522676486284543     
   787.99999999998943      -0.17810814368073913     
   788.79999999998938      -0.88269844158279309     
   789.59999999998934      -0.58841762194283287     
   790.39999999998929       0.36715357835998630     
   791.19999999998925       0.91107308073971849     
   791.99999999998920       0.42395381590471898     
   792.79999999998915      -0.53922869068870471     
   793.59999999998911      -0.89592375966971183     
   794.39999999998906      -0.23972799951322799     
   795.19999999998902       0.68597878550651814     
   795.99999999998897       0.83807817773094317     
   796.79999999998893        4.4372707116895560E-002
   797.59999999998888      -0.80011351771233308     
   798.39999999998884      -0.74038720609854436     
   799.19999999998879       0.15313110990665391     
