   0.0000000000000000      -0.30536332039133413     
  0.80000000000000004      -0.55190980371399467     
   1.6000000000000001      -0.89676002055655923     
   2.4000000000000004      -0.67302014160107337     
   3.2000000000000002       0.35303695502888555     
   4.0000000000000000        1.1066791360530748     
   4.7999999999999998       0.71813947540714995     
   5.5999999999999996       -6.7822041905909458E-002
   6.3999999999999995      -0.33894940476874613     
   7.1999999999999993      -0.39451495102664946     
   7.9999999999999991      -0.65830781526520732     
   8.7999999999999989      -0.55394677435052320     
   9.5999999999999996       0.28407596898615528     
   10.400000000000000       0.94250579605745088     
   11.200000000000001       0.58308542851198952     
   12.000000000000002      -0.12749120366951228     
   12.800000000000002      -0.29767992506419538     
   13.600000000000003      -0.24428011905495239     
   14.400000000000004      -0.48927230455075232     
   15.200000000000005      -0.50729011990169603     
   16.000000000000004       0.18245310053190411     
   16.800000000000004       0.79861630588672727     
   17.600000000000005       0.49904946674941664     
   18.400000000000006      -0.14084725470809112     
   19.200000000000006      -0.24306084615939788     
   20.000000000000007      -0.11879512860395437     
   20.800000000000008      -0.36017734183166750     
   21.600000000000009      -0.48625072452847651     
   22.400000000000009        8.1379648580914510E-002
   23.200000000000010       0.67674661662907332     
   24.000000000000011       0.44134966854118124     
   24.800000000000011      -0.14014163725489831     
   25.600000000000012      -0.19671344299139981     
   26.400000000000013       -1.8440086062954913E-002
   27.200000000000014      -0.25370150591918117     
   28.000000000000014      -0.46987848709130431     
   28.800000000000015       -7.3380912122320563E-003
   29.600000000000016       0.57428496340670809     
   30.400000000000016       0.39811909912300347     
   31.200000000000017      -0.13789113395003139     
   32.000000000000014      -0.16490658645682549     
   32.800000000000011        5.9270271687193204E-002
   33.600000000000009      -0.16169028163497226     
   34.400000000000006      -0.45027498349337514     
   35.200000000000003       -8.0661026376047218E-002
   36.000000000000000       0.48850040543085993     
   36.799999999999997       0.36436660564046774     
   37.599999999999994      -0.13766123582771028     
   38.399999999999991      -0.14785731830717860     
   39.199999999999989       0.11701458903587206     
   39.999999999999986       -8.0751499382037406E-002
   40.799999999999983      -0.42555254775215695     
   41.599999999999980      -0.13918946424919404     
   42.399999999999977       0.41692248016815386     
   43.199999999999974       0.33812868682679031     
   43.999999999999972      -0.13932341614162341     
   44.799999999999969      -0.14342744458736065     
   45.599999999999966       0.15739235913892610     
   46.399999999999963       -9.5195928311152811E-003
   47.199999999999960      -0.39627840395272573     
   47.999999999999957      -0.18493105656323605     
   48.799999999999955       0.35722145276518014     
   49.599999999999952       0.31850385130004455     
   50.399999999999949      -0.14153214347075976     
   51.199999999999946      -0.14874334177108142     
   51.999999999999943       0.18292842929309164     
   52.799999999999940        5.2688941926542693E-002
   53.599999999999937      -0.36377706855488789     
   54.399999999999935      -0.22025583786830305     
   55.199999999999932       0.30717644244583420     
   55.999999999999929       0.30480562687496110     
   56.799999999999926      -0.14282203014985789     
   57.599999999999923      -0.16094332460812769     
   58.399999999999920       0.19603183954071354     
   59.199999999999918       0.10643028685029393     
   59.999999999999915      -0.32938482953024950     
   60.799999999999912      -0.24740263241899738     
   61.599999999999909       0.26472575105963081     
   62.399999999999906       0.29627738153872402     
   63.199999999999903      -0.14202902433977987     
   63.999999999999901      -0.17750496010784439     
   64.799999999999898       0.19892831081330348     
   65.599999999999895       0.15230780513153880     
   66.399999999999892      -0.29417525513031090     
   67.199999999999889      -0.26826925434670423     
   67.999999999999886       0.22803212770276543     
   68.799999999999883       0.29205192450072642     
   69.599999999999881      -0.13839484614313896     
   70.399999999999878      -0.19635617126539850     
   71.199999999999875       0.19360565135511887     
   71.999999999999872       0.19098817782637323     
   72.799999999999869      -0.25890449924861964     
   73.599999999999866      -0.28435364084378068     
   74.399999999999864       0.19552722401627243     
   75.199999999999861       0.29119756103316313     
   75.999999999999858      -0.13153646161761862     
   76.799999999999855      -0.21587681638819464     
   77.599999999999852       0.18178687832414517     
   78.399999999999849       0.22316548656128124     
   79.199999999999847      -0.22404838595859974     
   79.999999999999844      -0.29677211931509478     
   80.799999999999841       0.16592716847799494     
   81.599999999999838       0.29278027943314466     
   82.399999999999835      -0.12136927221050919     
   83.199999999999832      -0.23484993380803196     
   83.999999999999829       0.16492945390408217     
   84.799999999999827       0.24951867875952549     
   85.599999999999824      -0.18986879402938539     
   86.399999999999821      -0.30631246207255369     
   87.199999999999818       0.13822409298357530     
   87.999999999999815       0.29591556068521291     
   88.799999999999812      -0.10802444968104391     
   89.599999999999810      -0.25239509846144437     
   90.399999999999807       0.14424306452260677     
   91.199999999999804       0.27067867086501318     
   91.999999999999801      -0.15648097517878778     
   92.799999999999798      -0.31349799900645936     
   93.599999999999795       0.11166189623879647     
   94.399999999999793       0.29980310686670886     
   95.199999999999790       -9.1776690866186783E-002
   95.999999999999787      -0.26790071055123038     
   96.799999999999784       0.12071800156907325     
   97.599999999999781       0.28720853281025671     
   98.399999999999778      -0.12391059786024011     
   99.199999999999775      -0.31865030316533682     
   99.999999999999773        8.5703788052372998E-002
   100.79999999999977       0.30374568676939301     
   101.59999999999977       -7.2987167369931827E-002
   102.39999999999976      -0.28096307370424434     
   103.19999999999976        9.5157887861828550E-002
   103.99999999999976       0.29959523302278812     
   104.79999999999976       -9.2137525632720652E-002
   105.59999999999975      -0.32194460176516249     
   106.39999999999975        5.9997168444430926E-002
   107.19999999999975       0.30715574883666530     
   107.99999999999974       -5.2061373948448786E-002
   108.79999999999974      -0.29133518708379913     
   109.59999999999974        6.8212504983583333E-002
   110.39999999999974       0.30824998098028655     
   111.19999999999973       -6.1126976834206259E-002
   111.99999999999973      -0.32345582096776859     
   112.79999999999973        3.4339425182781103E-002
   113.59999999999972       0.30955363200472336     
   114.39999999999972       -2.9419648111484842E-002
   115.19999999999972      -0.29888561171187672     
   115.99999999999972        4.0408170002960264E-002
   116.79999999999971       0.31351421364548560     
   117.59999999999971       -3.0850082945909074E-002
   118.39999999999971      -0.32319517568094802     
   119.19999999999970        8.6466878906165667E-003
   119.99999999999970       0.31056058169734507     
   120.79999999999970       -5.4776642330133241E-003
   121.59999999999970      -0.30356655043813047     
   122.39999999999969        1.2174346789206647E-002
   123.19999999999969       0.31566879026216654     
   123.99999999999969       -1.2961617100291090E-003
   124.79999999999968      -0.32113818805913141     
   125.59999999999968       -1.7073504453683941E-002
   126.39999999999968       0.30988898145636717     
   127.19999999999968        1.9365632258294130E-002
   127.99999999999967      -0.30538979473938888     
   128.79999999999967       -1.6133994351957281E-002
   129.59999999999968       0.31494458068204051     
   130.39999999999969        2.7521149307927928E-002
   131.19999999999970      -0.31724540658273687     
   131.99999999999972       -4.2745364869674396E-002
   132.79999999999973       0.30733148359888263     
   133.59999999999974        4.4734790308112116E-002
   134.39999999999975      -0.30440909049280129     
   135.19999999999976       -4.4218238575119140E-002
   135.99999999999977       0.31153319559868997     
   136.79999999999978        5.5562095856142524E-002
   137.59999999999980      -0.31147716885437682     
   138.39999999999981       -6.8244009353771895E-002
   139.19999999999982       0.30275013823208025     
   139.99999999999983        7.0281015543945446E-002
   140.79999999999984      -0.30070756362479106     
   141.59999999999985       -7.1821884094732141E-002
   142.39999999999986       0.30559706210947224     
   143.19999999999987        8.2761918592962502E-002
   143.99999999999989      -0.30380366183353746     
   144.79999999999990       -9.3410983679339921E-002
   145.59999999999991       0.29606618302270532     
   146.39999999999992        9.5683016646615382E-002
   147.19999999999993      -0.29438901789557165     
   147.99999999999994       -9.8719722338059923E-002
   148.79999999999995       0.29727839064692446     
   149.59999999999997       0.10903378904165856     
   150.39999999999998      -0.29421137255701940     
   151.19999999999999      -0.11806665081877260     
   152.00000000000000       0.28725084569501086     
   152.80000000000001       0.12064647495092970     
   153.60000000000002      -0.28557211340000821     
   154.40000000000003      -0.12470991554165267     
   155.20000000000005       0.28670682323323327     
   156.00000000000006       0.13427277620041952     
   156.80000000000007      -0.28270684029641702     
   157.60000000000008      -0.14201994300371618     
   158.40000000000009       0.27631730080997380     
   159.20000000000010       0.14490279637249195     
   160.00000000000011      -0.27438662571146155     
   160.80000000000013      -0.14960845284420488     
   161.60000000000014       0.27400571725323009     
   162.40000000000015       0.15836028246477693     
   163.20000000000016      -0.26931844416136874     
   164.00000000000017      -0.16507595508408524     
   164.80000000000018       0.26331378698384178     
   165.60000000000019       0.16820758787476131     
   166.40000000000020      -0.26097115755325689     
   167.20000000000022      -0.17324550485703563     
   168.00000000000023       0.25929712237088387     
   168.80000000000024       0.18116856631058878     
   169.60000000000025      -0.25409680131699797     
   170.40000000000026      -0.18704180402152748     
   171.20000000000027       0.24831780936810166     
   172.00000000000028       0.19033913802961239     
   172.80000000000030      -0.24547182178057397     
   173.60000000000031      -0.19546325164660852     
   174.40000000000032       0.24270556729825218     
   175.20000000000033       0.20256510236903361     
   176.00000000000034      -0.23711421531562590     
   176.80000000000035      -0.20773111747044426     
   177.60000000000036       0.23143130842298931     
   178.40000000000038       0.21109706285240051     
   179.20000000000039      -0.22804153548847519     
   180.00000000000040      -0.21611481943440797     
   180.80000000000041       0.22436080126210883     
   181.60000000000042       0.22241662587595379     
   182.40000000000043      -0.21846350218439647     
   183.20000000000044      -0.22696745144467326     
   184.00000000000045       0.21277665733119408     
   184.80000000000047       0.23030119465711063     
   185.60000000000048      -0.20883966201123610     
   186.40000000000049      -0.23506402077501015     
   187.20000000000050       0.20439964256075044     
   188.00000000000051       0.24059277623561481     
   188.80000000000052      -0.19825643217951594     
   189.60000000000053      -0.24458687826680761     
   190.40000000000055       0.19249334778122471     
   191.20000000000056       0.24779073506572299     
   192.00000000000057      -0.18803181344300415     
   192.80000000000058      -0.25218564806036553     
   193.60000000000059       0.18296708125342048     
   194.40000000000060       0.25696930071695151     
   195.20000000000061      -0.17662195478621462     
   196.00000000000063      -0.26043993404415022     
   196.80000000000064       0.17073523096354581     
   197.60000000000065       0.26342365684744401     
   198.40000000000066      -0.16578968447501752     
   199.20000000000067      -0.26736611933281917     
   200.00000000000068       0.16021677027143610     
   200.80000000000069       0.27143080990172552     
   201.60000000000070      -0.15370432059006811     
   202.40000000000072      -0.27439307086696457     
   203.20000000000073       0.14766819316030916     
   204.00000000000074       0.27707631765056562     
   204.80000000000075      -0.14229083211155036     
   205.60000000000076      -0.28050431811471627     
   206.40000000000077       0.13631102287863811     
   207.20000000000078       0.28387309596606392     
   208.00000000000080      -0.12966117316938630     
   208.80000000000081      -0.28632972283154023     
   209.60000000000082       0.12346816044066544     
   210.40000000000083       0.28864323780349099     
   211.20000000000084      -0.11771834816551108     
   212.00000000000085      -0.29151250545710361     
   212.80000000000086       0.11142041696036625     
   213.60000000000088       0.29420503662728414     
   214.40000000000089      -0.10466165456766008     
   215.20000000000090      -0.29615106632273402     
   216.00000000000091        9.8319342899270523E-002
   216.80000000000092       0.29803699104278958     
   217.60000000000093       -9.2260394887205721E-002
   218.40000000000094      -0.30031721314968507     
   219.20000000000095        8.5723089698071686E-002
   220.00000000000097       0.30235011413613422     
   220.80000000000098       -7.8884546987563087E-002
   221.60000000000099      -0.30377653291948975     
   222.40000000000100        7.2412644494580014E-002
   223.20000000000101       0.30518815886269274     
   224.00000000000102       -6.6109590756801229E-002
   224.80000000000103      -0.30686005260791238     
   225.60000000000105        5.9403790762433351E-002
   226.40000000000106       0.30824758183111778     
   227.20000000000107       -5.2516459251604974E-002
   228.00000000000108      -0.30914411685245852     
   228.80000000000109        4.5944179216684478E-002
   229.60000000000110       0.31004530432713323     
   230.40000000000111       -3.9462245082565517E-002
   231.20000000000113      -0.31109839494873137     
   232.00000000000114        3.2652748765261197E-002
   232.80000000000115       0.31185331172992398     
   233.60000000000116       -2.5750057778093138E-002
   234.40000000000117      -0.31221050715651666     
   235.20000000000118        1.9113847708803700E-002
   236.00000000000119       0.31257492823037397     
   236.80000000000121       -1.2517447960959938E-002
   237.60000000000122      -0.31300589473085833     
   238.40000000000123        5.6643945827807851E-003
   239.20000000000124       0.31314035624201075     
   240.00000000000125        1.2176629277119710E-003
   240.80000000000126      -0.31295106656647842     
   241.60000000000127       -7.8760595616451656E-003
   242.40000000000128       0.31276137835308587     
   243.20000000000130        1.4523972550808339E-002
   244.00000000000131      -0.31257284325975210     
   244.80000000000132       -2.1364023675299881E-002
   245.60000000000133       0.31209925587071319     
   246.40000000000134        2.8187076988452853E-002
   247.20000000000135      -0.31135967391198371     
   248.00000000000136       -3.4822255949841341E-002
   248.80000000000138       0.31060669042730638     
   249.60000000000139        4.1460610691398836E-002
   250.40000000000140      -0.30980634768058329     
   251.20000000000141       -4.8233905941019450E-002
   252.00000000000142       0.30873812305259452     
   252.80000000000143        5.4957597328025132E-002
   253.60000000000144      -0.30744844348506384     
   254.40000000000146       -6.1521863309160291E-002
   255.20000000000147       0.30613034670763950     
   256.00000000000148        6.8091742978347247E-002
   256.80000000000149      -0.30473033970300734     
   257.60000000000150       -7.4746822306302724E-002
   258.40000000000151       0.30308253023128040     
   259.20000000000152        8.1329323579903856E-002
   260.00000000000153      -0.30124733289919170     
   260.80000000000155       -8.7773834032321169E-002
   261.60000000000156       0.29936894435258099     
   262.40000000000157        9.4218668585631771E-002
   263.20000000000158      -0.29738542309067434     
   264.00000000000159      -0.10070607161788381     
   264.80000000000160       0.29517522797476664     
   265.60000000000161       0.10710466908302335     
   266.40000000000163      -0.29280364977954437     
   267.20000000000164      -0.11338039009888723     
   268.00000000000165       0.29037577092414596     
   268.80000000000166       0.11964610958320615     
   269.60000000000167      -0.28782857235501708     
   270.40000000000168      -0.12591825787209809     
   271.20000000000169       0.28507571646469643     
   272.00000000000171       0.13208996490528224     
   272.80000000000172      -0.28218146679742567     
   273.60000000000173      -0.13814847315696913     
   274.40000000000174       0.27922028812968613     
   275.20000000000175       0.14418364956846891     
   276.00000000000176      -0.27613269675446783     
   276.80000000000177      -0.15019486641988522     
   277.60000000000178       0.27285969104746444     
   278.40000000000180       0.15609703530590868     
   279.20000000000181      -0.26946095379947405     
   280.00000000000182      -0.16189119506459129     
   280.80000000000183       0.26598752749687293     
   281.60000000000184       0.16764718849581484     
   282.40000000000185      -0.26238608404052677     
   283.20000000000186      -0.17335382202737312     
   284.00000000000188       0.25861837978229296     
   284.80000000000189       0.17894473571620917     
   285.60000000000190      -0.25473763491039858     
   286.40000000000191      -0.18442927468202136     
   287.20000000000192       0.25077740310839181     
   288.00000000000193       0.18986039101492674     
   288.80000000000194      -0.24669173773031444     
   289.60000000000196      -0.19522101055570171     
   290.40000000000197       0.24245778810433830     
   291.20000000000198       0.20046044142640565     
   292.00000000000199      -0.23812157744056203     
   292.80000000000200      -0.20559244401480636     
   293.60000000000201       0.23370394702962277     
   294.40000000000202       0.21065610545048505     
   295.20000000000203      -0.22916662030604365     
   296.00000000000205      -0.21563174571872193     
   296.80000000000206       0.22449786292428961     
   297.60000000000207       0.22048147291037684     
   298.40000000000208      -0.21973651822600465     
   299.20000000000209      -0.22522080506775866     
   300.00000000000210       0.21489447284616831     
   300.80000000000211       0.22987773077633200     
   301.60000000000213      -0.20994081293451555     
   302.40000000000214      -0.23443216231322131     
   303.20000000000215       0.20487158580041928     
   304.00000000000216       0.23885644224926486     
   304.80000000000217      -0.19971893172344571     
   305.60000000000218      -0.24316611796420448     
   306.40000000000219       0.19448867204509332     
   307.20000000000221       0.24738050966849295     
   308.00000000000222      -0.18915660029943621     
   308.80000000000223      -0.25148051768816720     
   309.60000000000224       0.18372400233891756     
   310.40000000000225       0.25544650450270356     
   311.20000000000226      -0.17821704289739576     
   312.00000000000227      -0.25929300102070152     
   312.80000000000229       0.17263764703425588     
   313.60000000000230       0.26303272702902009     
   314.40000000000231      -0.16696748715858639     
   315.20000000000232      -0.26664838415495273     
   316.00000000000233       0.16121119281194773     
   316.80000000000234       0.27012649817357215     
   317.60000000000235      -0.15538978676189485     
   318.40000000000236      -0.27348002449611591     
   319.20000000000238       0.14950288360706376     
   320.00000000000239       0.27671679528731252     
   320.80000000000240      -0.14353715145899754     
   321.60000000000241      -0.27982171661648758     
   322.40000000000242       0.13749918719830689     
   323.20000000000243       0.28278596007767776     
   324.00000000000244      -0.13140571549281571     
   324.80000000000246      -0.28562068158756904     
   325.60000000000247       0.12525516479922777     
   326.40000000000248       0.28833021030448025     
   327.20000000000249      -0.11903833738222469     
   328.00000000000250      -0.29090178188755034     
   328.80000000000251       0.11276282652771363     
   329.60000000000252       0.29333000189230185     
   330.40000000000254      -0.10644185339245898     
   331.20000000000255      -0.29562422282306894     
   332.00000000000256       0.10007342746305897     
   332.80000000000257       0.29778636474149939     
   333.60000000000258       -9.3651690659284414E-002
   334.40000000000259      -0.29980593893165075     
   335.20000000000260        8.7184571585013970E-002
   336.00000000000261       0.30168003828575057     
   336.80000000000263       -8.0682499722851575E-002
   337.60000000000264      -0.30341634313476251     
   338.40000000000265        7.4143562615605119E-002
   339.20000000000266       0.30501520920157021     
   340.00000000000267       -6.7564537937323310E-002
   340.80000000000268      -0.30646826242268399     
   341.60000000000269        6.0953259720275543E-002
   342.40000000000271       0.30777435963893440     
   343.20000000000272       -5.4317979579778686E-002
   344.00000000000273      -0.30893971441994778     
   344.80000000000274        4.7657160738639515E-002
   345.60000000000275       0.30996375515166236     
   346.40000000000276       -4.0969611923869553E-002
   347.20000000000277      -0.31084000547325907     
   348.00000000000279        3.4262810728056037E-002
   348.80000000000280       0.31156854576795168     
   349.60000000000281       -2.7543343557712929E-002
   350.40000000000282      -0.31215436008802322     
   351.20000000000283        2.0810203754509593E-002
   352.00000000000284       0.31259641737655669     
   352.80000000000285       -1.4063724489137341E-002
   353.60000000000286      -0.31288990087591978     
   354.40000000000288        7.3108834666633649E-003
   355.20000000000289       0.31303572050865214     
   356.00000000000290       -5.5701795662332909E-004
   356.80000000000291      -0.31303787173428765     
   357.60000000000292       -6.1982936275569722E-003
   358.40000000000293       0.31289519733309767     
   359.20000000000294        1.2953609170791636E-002
   360.00000000000296      -0.31260430355435298     
   360.80000000000297       -1.9702513939698130E-002
   361.60000000000298       0.31216665031338348     
   362.40000000000299        2.6440591320562257E-002
   363.20000000000300      -0.31158547147014509     
   364.00000000000301       -3.3167689141677226E-002
   364.80000000000302       0.31085971204227314     
   365.60000000000304        3.9881590845086579E-002
   366.40000000000305      -0.30998717993712671     
   367.20000000000306       -4.6576455897589297E-002
   368.00000000000307       0.30896969294036680     
   368.80000000000308        5.3248536296426785E-002
   369.60000000000309      -0.30780992637134091     
   370.40000000000310       -5.9897159010513568E-002
   371.20000000000312       0.30650707592590548     
   372.00000000000313        6.6519597906761291E-002
   372.80000000000314      -0.30505995247534679     
   373.60000000000315       -7.3110566824039824E-002
   374.40000000000316       0.30347060470497650     
   375.20000000000317        7.9666798971694625E-002
   376.00000000000318      -0.30174132384504593     
   376.80000000000319       -8.6187177067016646E-002
   377.60000000000321       0.29987164512727971     
   378.40000000000322        9.2668672017601206E-002
   379.20000000000323      -0.29786120939524036     
   380.00000000000324       -9.9106515854772370E-002
   380.80000000000325       0.29571221650846657     
   381.60000000000326       0.10549778880328331     
   382.40000000000327      -0.29342671835574596     
   383.20000000000329      -0.11184101706649441     
   384.00000000000330       0.29100463526467374     
   384.80000000000331       0.11813302759220010     
   385.60000000000332      -0.28844629095042396     
   386.40000000000333      -0.12436952807728863     
   387.20000000000334       0.28575398988789408     
   388.00000000000335       0.13054785424056836     
   388.80000000000337      -0.28292966084430987     
   389.60000000000338      -0.13666626609137655     
   390.40000000000339       0.27997362424634670     
   391.20000000000340       0.14272156748095646     
   392.00000000000341      -0.27688676388765854     
   392.80000000000342      -0.14870989934634465     
   393.60000000000343       0.27367146464346792     
   394.40000000000344       0.15462879473767557     
   395.20000000000346      -0.27032962235597480     
   396.00000000000347      -0.16047633483006252     
   396.80000000000348       0.26686195174116889     
   397.60000000000349       0.16624939124308186     
   398.40000000000350      -0.26326979561663050     
   399.20000000000351      -0.17194449965837338     
   400.00000000000352       0.25955560925968824     
   400.80000000000354       0.17755935765717584     
   401.60000000000355      -0.25572132291583610     
   402.40000000000356      -0.18309194861263392     
   403.20000000000357       0.25176802625011863     
   404.00000000000358       0.18853927955425931     
   404.80000000000359      -0.24769743877599976     
   405.60000000000360      -0.19389824829888896     
   406.40000000000362       0.24351208443309691     
   407.20000000000363       0.19916670282084342     
   408.00000000000364      -0.23921397568922037     
   408.80000000000365      -0.20434260156765177     
   409.60000000000366       0.23480454958717806     
   410.40000000000367       0.20942313688666958     
   411.20000000000368      -0.23028583563420346     
   412.00000000000369      -0.21440554266306835     
   412.80000000000371       0.22566042871092504     
   413.60000000000372       0.21928781630260152     
   414.40000000000373      -0.22093045508089559     
   415.20000000000374      -0.22406795526880263     
   416.00000000000375       0.21609766709759326     
   416.80000000000376       0.22874337373223380     
   417.60000000000377      -0.21116435023074043     
   418.40000000000379      -0.23331162192987837     
   419.20000000000380       0.20613317367972050     
   420.00000000000381       0.23777085451234070     
   420.80000000000382      -0.20100639582500046     
   421.60000000000383      -0.24211916287093599     
   422.40000000000384       0.19578605030330715     
   423.20000000000385       0.24635420944158903     
   424.00000000000387      -0.19047463450069285     
   424.80000000000388      -0.25047384673413831     
   425.60000000000389       0.18507489448992798     
   426.40000000000390       0.25447639977221154     
   427.20000000000391      -0.17958922847480735     
   428.00000000000392      -0.25836010009082644     
   428.80000000000393       0.17401991701353658     
   429.60000000000394       0.26212287727807781     
   430.40000000000396      -0.16836963299961250     
   431.20000000000397      -0.26576287668543641     
   432.00000000000398       0.16264119992671167     
   432.80000000000399       0.26927860949804361     
   433.60000000000400      -0.15683715515538899     
   434.40000000000401      -0.27266848548691397     
   435.20000000000402       0.15095999243464847     
   436.00000000000404       0.27593071456383689     
   436.80000000000405      -0.14501252940407128     
   437.60000000000406      -0.27906372904863069     
   438.40000000000407       0.13899766485904480     
   439.20000000000408       0.28206624274713415     
   440.00000000000409      -0.13291806813807244     
   440.80000000000410      -0.28493687432744280     
   441.60000000000412       0.12677641357766328     
   442.40000000000413       0.28767412280154070     
   443.20000000000414      -0.12057563680528460     
   444.00000000000415      -0.29027670406403844     
   444.80000000000416       0.11431870684516704     
   445.60000000000417       0.29274355023290904     
   446.40000000000418      -0.10800841282900592     
   447.20000000000420      -0.29507351283598682     
   448.00000000000421       0.10164757838148542     
   448.80000000000422       0.29726538528978086     
   449.60000000000423       -9.5239233045882110E-002
   450.40000000000424      -0.29931816516609605     
   451.20000000000425        8.8786408009662254E-002
   452.00000000000426       0.30123101682390535     
   452.80000000000427       -8.2291996202633999E-002
   453.60000000000429      -0.30300304263609579     
   454.40000000000430        7.5758940522015483E-002
   455.20000000000431       0.30463333289614480     
   456.00000000000432       -6.9190342011219874E-002
   456.80000000000433      -0.30612116560167968     
   457.60000000000434        6.2589283086231740E-002
   458.40000000000435       0.30746594887489742     
   459.20000000000437       -5.5958741609660967E-002
   460.00000000000438      -0.30866704863205902     
   460.80000000000439        4.9301750882310647E-002
   461.60000000000440       0.30972385212242159     
   462.40000000000441       -4.2621461913417757E-002
   463.20000000000442      -0.31063591646901950     
   464.00000000000443        3.5920994772120574E-002
   464.80000000000445       0.31140290230845968     
   465.60000000000446       -2.9203391246297339E-002
   466.40000000000447      -0.31202444715146660     
   467.20000000000448        2.2471747134126641E-002
   468.00000000000449       0.31250023319401166     
   468.80000000000450       -1.5729242202450866E-002
   469.60000000000451      -0.31283009480124635     
   470.40000000000452        8.9790182442499589E-003
   471.20000000000454       0.31301395094828516     
   472.00000000000455       -2.2241583924435537E-003
   472.80000000000456      -0.31305171473231541     
   473.60000000000457       -4.5322061873990238E-003
   474.40000000000458       0.31294335942405349     
   475.20000000000459        1.1286888225693903E-002
   476.00000000000460      -0.31268899377699705     
   476.80000000000462       -1.8036742163922204E-002
   477.60000000000463       0.31228879800398596     
   478.40000000000464        2.4778667225286100E-002
   479.20000000000465      -0.31174296125896139     
   480.00000000000466       -3.1509523392196037E-002
   480.80000000000467       0.31105174232482491     
   481.60000000000468        3.8226137407174843E-002
   482.40000000000470      -0.31021552026616739     
   483.20000000000471       -4.4925379588546810E-002
   484.00000000000472       0.30923473662339973     
   484.80000000000473        5.1604155970496279E-002
   485.60000000000474      -0.30810985403671654     
   486.40000000000475       -5.8259343693677967E-002
   487.20000000000476       0.30684140969673374     
   488.00000000000477        6.4887805371788704E-002
   488.80000000000479      -0.30543004753671787     
   489.60000000000480       -7.1486448171780154E-002
   490.40000000000481       0.30387646789057432     
   491.20000000000482        7.8052209827247754E-002
   492.00000000000483      -0.30218140170770508     
   492.80000000000484       -8.4582010195901780E-002
   493.60000000000485       0.30034565607199748     
   494.40000000000487        9.1072769941799164E-002
   495.20000000000488      -0.29837013292123404     
   496.00000000000489       -9.7521455015388475E-002
   496.80000000000490       0.29625578645753470     
   497.60000000000491       0.10392505988396225     
   498.40000000000492      -0.29400360853656715     
   499.20000000000493      -0.11028057221843601     
   500.00000000000495       0.29161466633219119     
   500.80000000000496       0.11658499311679019     
   501.60000000000497      -0.28909011151217612     
   502.40000000000498      -0.12283536984270266     
   503.20000000000499       0.28643114507718143     
   504.00000000000500       0.12902877849931585     
   504.80000000000501      -0.28363901049082330     
   505.60000000000502      -0.13516229912880268     
   506.40000000000504       0.28071502403968179     
   507.20000000000505       0.14123303566738341     
   508.00000000000506      -0.27766057748660944     
   508.80000000000507      -0.14723813944190622     
   509.60000000000508       0.27447710966236855     
   510.40000000000509       0.15317479268353346     
   511.20000000000510      -0.27116610472828118     
   512.00000000000512      -0.15904019169685085     
   512.80000000000507       0.26772911603136706     
   513.60000000000502       0.16483156543884273     
   514.40000000000498      -0.26416776451036728     
   515.20000000000493      -0.17054619189420034     
   516.00000000000489       0.26048371618930666     
   516.80000000000484       0.17618138322590624     
   517.60000000000480      -0.25667868363511959     
   518.40000000000475      -0.18173447504360346     
   519.20000000000471       0.25275444421635973     
   520.00000000000466       0.18720284300583534     
   520.80000000000462      -0.24871283592830840     
   521.60000000000457      -0.19258391382382495     
   522.40000000000452       0.24455573988347346     
   523.20000000000448       0.19787515242168063     
   524.00000000000443      -0.24028508356791661     
   524.80000000000439      -0.20307405569383841     
   525.60000000000434       0.23590285441468228     
   526.40000000000430       0.20817816687473040     
   527.20000000000425      -0.23141109423614059     
   528.00000000000421      -0.21318508258014321     
   528.80000000000416       0.22681188583262782     
   529.60000000000412       0.21809244206821565     
   530.40000000000407      -0.22210735706791951     
   531.20000000000402      -0.22289792419409735     
   532.00000000000398       0.21729969061674900     
   532.80000000000393       0.22759925952254634     
   533.60000000000389      -0.21239111782054099     
   534.40000000000384      -0.23219423451656224     
   535.20000000000380       0.20738390860482486     
   536.00000000000375       0.23668068280671634     
   536.80000000000371      -0.20228037571740093     
   537.60000000000366      -0.24105648433261287     
   538.40000000000362       0.19708288142088201     
   539.20000000000357       0.24531957531854698     
   540.00000000000352      -0.19179383130372329     
   540.80000000000348      -0.24946795045929790     
   541.60000000000343       0.18641566679566965     
   542.40000000000339       0.25349965600119340     
   543.20000000000334      -0.18095086915206560     
   544.00000000000330      -0.25741279029985215     
   544.80000000000325       0.17540196375414624     
   545.60000000000321       0.26120551185417729     
   546.40000000000316      -0.16977151420451270     
   547.20000000000312      -0.26487604013053379     
   548.00000000000307       0.16406211683261823     
   548.80000000000302       0.26842265020687406     
   549.60000000000298      -0.15827640418180289     
   550.40000000000293      -0.27184367417029992     
   551.20000000000289       0.15241704747443036     
   552.00000000000284       0.27513750744286491     
   552.80000000000280      -0.14648675117174365     
   553.60000000000275      -0.27830260871283802     
   554.40000000000271       0.14048824896710588     
   555.20000000000266       0.28133749588107726     
   556.00000000000261      -0.13442430665060789     
   556.80000000000257      -0.28424074787576203     
   557.60000000000252       0.12829772319823457     
   558.40000000000248       0.28701100951308312     
   559.20000000000243      -0.12211132587452062     
   560.00000000000239      -0.28964699087318807     
   560.80000000000234       0.11586796730242527     
   561.60000000000230       0.29214746429049321     
   562.40000000000225      -0.10957052766888958     
   563.20000000000221      -0.29451126629175117     
   564.00000000000216       0.10322191480367493     
   564.80000000000211       0.29673730122440423     
   565.60000000000207       -9.6825059835372651E-002
   566.40000000000202      -0.29882454031075356     
   567.20000000000198        9.0382915013204002E-002
   568.00000000000193       0.30077201944720322     
   568.80000000000189       -8.3898455270016103E-002
   569.60000000000184      -0.30257884106659805     
   570.40000000000180        7.7374677580263618E-002
   571.20000000000175       0.30424417675149307     
   572.00000000000171       -7.0814597133384893E-002
   572.80000000000166      -0.30576726611768273     
   573.60000000000161        6.4221245660681658E-002
   574.40000000000157       0.30714741521934602     
   575.20000000000152       -5.7597672405761968E-002
   576.00000000000148      -0.30838399821324997     
   576.80000000000143        5.0946942979403442E-002
   577.60000000000139       0.30947645914276301     
   578.40000000000134       -4.4272135997667827E-002
   579.20000000000130      -0.31042431075065757     
   580.00000000000125        3.7576341726464180E-002
   580.80000000000121       0.31122713331896645     
   581.60000000000116       -3.0862662526341123E-002
   582.40000000000111      -0.31188457606497944     
   583.20000000000107        2.4134211369881753E-002
   584.00000000000102       0.31239635825744555     
   584.80000000000098       -1.7394108880947334E-002
   585.60000000000093      -0.31276226801716145     
   586.40000000000089        1.0645482162601305E-002
   587.20000000000084       0.31298216145535679     
   588.00000000000080       -3.8914647875267772E-003
   588.80000000000075      -0.31305596376643952     
   589.60000000000070       -2.8648048960348005E-003
   590.40000000000066       0.31298366981441234     
   591.20000000000061        9.6201863882720007E-003
   592.00000000000057      -0.31276534295472969     
   592.80000000000052       -1.6371538123078677E-002
   593.60000000000048       0.31240111435994944     
   594.40000000000043        2.3115717855314855E-002
   595.20000000000039      -0.31189118380470354     
   596.00000000000034       -2.9849584475359348E-002
   596.80000000000030       0.31123581983611420     
   597.60000000000025        3.6570000355903853E-002
   598.40000000000020      -0.31043535863180660     
   599.20000000000016       -4.3273832413585900E-002
   600.00000000000011       0.30949020342815903     
   600.80000000000007        4.9957952800328831E-002
   601.60000000000002      -0.30840082500992588     
   602.39999999999998       -5.6619240770865720E-002
   603.19999999999993       0.30716776156000780     
   603.99999999999989        6.3254584806787972E-002
   604.79999999999984      -0.30579161755341816     
   605.59999999999980       -6.9860883688921543E-002
   606.39999999999975       0.30427306322756142     
   607.19999999999970        7.6435047424117525E-002
   607.99999999999966      -0.30261283480183210     
   608.79999999999961       -8.2973999119959008E-002
   609.59999999999957       0.30081173407875555     
   610.39999999999952        8.9474676925982710E-002
   611.19999999999948      -0.29887062737104658     
   611.99999999999943       -9.5934035133756479E-002
   612.79999999999939       0.29679044497076140     
   613.59999999999934       0.10234904527725619     
   614.39999999999930      -0.29457218112789818     
   615.19999999999925      -0.10871669797970615     
   615.99999999999920       0.29221689346092883     
   616.79999999999916       0.11503400474289902     
   617.59999999999911      -0.28972570190935076     
   618.39999999999907      -0.12129799907589511     
   619.19999999999902       0.28709978817482229     
   619.99999999999898       0.12750573771596729     
   620.79999999999893      -0.28434039548611029     
   621.59999999999889      -0.13365430241825046     
   622.39999999999884       0.28144882786546399     
   623.19999999999879       0.13974080161392338     
   623.99999999999875      -0.27842644910017117     
   624.79999999999870      -0.14576237156235103     
   625.59999999999866       0.27527468213357853     
   626.39999999999861       0.15171617763992457     
   627.19999999999857      -0.27199500864737308     
   627.99999999999852      -0.15759941605128933     
   628.79999999999848       0.26858896821883171     
   629.59999999999843       0.16340931536999928     
   630.39999999999839      -0.26505815730155924     
   631.19999999999834      -0.16914313769827516     
   631.99999999999829       0.26140422855494549     
   632.79999999999825       0.17479817997902636     
   633.59999999999820      -0.25762889027045305     
   634.39999999999816      -0.18037177560955869     
   635.19999999999811       0.25373390544732838     
   635.99999999999807       0.18586129587288749     
   636.79999999999802      -0.24972109077042101     
   637.59999999999798      -0.19126415108269315     
   638.39999999999793       0.24559231587291333     
   639.19999999999789       0.19657779187821264     
   639.99999999999784      -0.24134950263275737     
   640.79999999999779      -0.20179971072843017     
   641.59999999999775       0.23699462418100631     
   642.39999999999770       0.20692744325056583     
   643.19999999999766      -0.23252970386979166     
   643.99999999999761      -0.21195856931797852     
   644.79999999999757       0.22795681446649119     
   645.59999999999752       0.21689071430482476     
   646.39999999999748      -0.22327807733875998     
   647.19999999999743      -0.22172155046590902     
   647.99999999999739       0.21849566140783494     
   648.79999999999734       0.22644879813800567     
   649.59999999999729      -0.21361178209822196     
   650.39999999999725      -0.23107022678653377     
   651.19999999999720       0.20862870046457288     
   651.99999999999716       0.23558365617269303     
   652.79999999999711      -0.20354872227851231     
   653.59999999999707      -0.23998695759457711     
   654.39999999999702       0.19837419693532726     
   655.19999999999698       0.24427805496371197     
   655.99999999999693      -0.19310751637984247     
   656.79999999999688      -0.24845492577096631     
   657.59999999999684       0.18775111416363735     
   658.39999999999679       0.25251560214857632     
   659.19999999999675      -0.18230746444773355     
   659.99999999999670      -0.25645817196271758     
   660.79999999999666       0.17677908086647498     
   661.59999999999661       0.26028077975728181     
   662.39999999999657      -0.17116851542319755     
   663.19999999999652      -0.26398162761915489     
   663.99999999999648       0.16547835747814293     
   664.79999999999643       0.26755897611413959     
   665.59999999999638      -0.15971123267644871     
   666.39999999999634      -0.27101114522149483     
   667.19999999999629       0.15386980177303677     
   667.99999999999625       0.27433651513998059     
   668.79999999999620      -0.14795675948913400     
   669.59999999999616      -0.27753352703254036     
   670.39999999999611       0.14197483343395151     
   671.19999999999607       0.28060068382036041     
   671.99999999999602      -0.13592678296671284     
   672.79999999999598      -0.28353655095608798     
   673.59999999999593       0.12981539797952069     
   674.39999999999588       0.28633975708247728     
   675.19999999999584      -0.12364349771221200     
   675.99999999999579      -0.28900899464377516     
   676.79999999999575       0.11741392960979524     
   677.59999999999570       0.29154302052780767     
   678.39999999999566      -0.11112956812327079     
   679.19999999999561      -0.29394065667392266     
   679.99999999999557       0.10479331344984122     
   680.79999999999552       0.29620079057927517     
   681.59999999999548       -9.8408090303097884E-002
   682.39999999999543      -0.29832237576692022     
   683.19999999999538        9.1976846710056792E-002
   683.99999999999534       0.30030443227185966     
   684.79999999999529       -8.5502552752599048E-002
   685.59999999999525      -0.30214604708078840     
   686.39999999999520        7.8988199266026571E-002
   687.19999999999516       0.30384637448388963     
   687.99999999999511       -7.2436796564425199E-002
   688.79999999999507      -0.30540463639708154     
   689.59999999999502        6.5851373177427064E-002
   690.39999999999498       0.30682012268711428     
   691.19999999999493       -5.9234974538268648E-002
   691.99999999999488      -0.30809219144613420     
   692.79999999999484        5.2590661641524539E-002
   693.59999999999479       0.30922026919110435     
   694.39999999999475       -4.5921509722624154E-002
   695.19999999999470      -0.31020385103793907     
   695.99999999999466        3.9230606938705226E-002
   696.79999999999461       0.31104250086752228     
   697.59999999999457       -3.2521053008015388E-002
   698.39999999999452      -0.31173585143994625     
   699.19999999999447        2.5795957829535476E-002
   699.99999999999443       0.31228360444700404     
   700.79999999999438       -1.9058440116753006E-002
   701.59999999999434      -0.31268553053883014     
   702.39999999999429        1.2311626029006817E-002
   703.19999999999425       0.31294146933588968     
   703.99999999999420       -5.5586477692642355E-003
   704.79999999999416      -0.31305132939327096     
   705.59999999999411       -1.1973578339379287E-003
   706.39999999999407       0.31301508810950052     
   707.19999999999402        7.9532507320663193E-003
   707.99999999999397      -0.31283279161238237     
   708.79999999999393       -1.4705889067679223E-002
   709.59999999999388       0.31250455462599974     
   710.39999999999384        2.1452130612397535E-002
   711.19999999999379      -0.31203056029367676     
   711.99999999999375       -2.8188834216636649E-002
   712.79999999999370       0.31141105995185825     
   713.59999999999366        3.4912861248146076E-002
   714.39999999999361      -0.31064637288243291     
   715.19999999999357       -4.1621077035143783E-002
   715.99999999999352       0.30973688604741911     
   716.79999999999347        4.8310352334252737E-002
   717.59999999999343      -0.30868305377885685     
   718.39999999999338       -5.4977564802245471E-002
   719.19999999999334       0.30748539742787279     
   719.99999999999329        6.1619600456910284E-002
   720.79999999999325      -0.30614450499676987     
   721.59999999999320       -6.8233355145485203E-002
   722.39999999999316       0.30466103074859663     
   723.19999999999311        7.4815736028854524E-002
   723.99999999999307      -0.30303569477743186     
   724.79999999999302       -8.1363663065089187E-002
   725.59999999999297       0.30126928254473945     
   726.39999999999293        8.7874070482874822E-002
   727.19999999999288      -0.29936264440033428     
   727.99999999999284       -9.4343908261322773E-002
   728.79999999999279       0.29731669507939124     
   729.59999999999275       0.10077014361806136     
   730.39999999999270      -0.29513241316443373     
   731.19999999999266      -0.10714976249085115     
   731.99999999999261       0.29281084052210193     
   732.79999999999256       0.11347977101233786     
   733.59999999999252      -0.29035308172148078     
   734.39999999999247      -0.11975719698482384     
   735.19999999999243       0.28776030343033460     
   735.99999999999238       0.12597909135600449     
   736.79999999999234      -0.28503373378367031     
   737.59999999999229      -0.13214252968805440     
   738.39999999999225       0.28217466172727446     
   739.19999999999220       0.13824461361487850     
   739.99999999999216      -0.27918443634557671     
   740.79999999999211      -0.14428247229529942     
   741.59999999999206       0.27606446616945357     
   742.39999999999202       0.15025326386216573     
   743.19999999999197      -0.27281621845965465     
   743.99999999999193      -0.15615417686077132     
   744.79999999999188       0.26944121846784447     
   745.59999999999184       0.16198243167186260     
   746.39999999999179      -0.26594104868297780     
   747.19999999999175      -0.16773528192471529     
   747.99999999999170       0.26231734806175377     
   748.79999999999166       0.17341001590372926     
   749.59999999999161      -0.25857181123398065     
   750.39999999999156      -0.17900395793702406     
   751.19999999999152       0.25470618768974440     
   751.99999999999147       0.18451446976569005     
   752.79999999999143      -0.25072228095506799     
   753.59999999999138      -0.18993895190158319     
   754.39999999999134       0.24662194774941856     
   755.19999999999129       0.19527484497009856     
   755.99999999999125      -0.24240709712218739     
   756.79999999999120      -0.20051963103067544     
   757.59999999999116       0.23807968957374914     
   758.39999999999111       0.20567083487535251     
   759.19999999999106      -0.23364173616526765     
   759.99999999999102      -0.21072602531098827     
   760.79999999999097       0.22909529761030717     
   761.59999999999093       0.21568281642000825     
   762.39999999999088      -0.22444248334799854     
   763.19999999999084      -0.22053886879404766     
   763.99999999999079       0.21968545060442501     
   764.79999999999075       0.22529189074486103     
   765.59999999999070      -0.21482640343954282     
   766.39999999999065      -0.22993963949128632     
   767.19999999999061       0.20986759177809078     
   767.99999999999056       0.23447992231916995     
   768.79999999999052      -0.20481131042597131     
   769.59999999999047      -0.23891059771380946     
   770.39999999999043       0.19965989807216122     
   771.19999999999038       0.24322957646295418     
   771.99999999999034      -0.19441573627782860     
   772.79999999999029      -0.24743482273147888     
   773.59999999999025       0.18908124845100033     
   774.39999999999020       0.25152435510626164     
   775.19999999999015      -0.18365889880675007     
   775.99999999999011      -0.25549624760938050     
   776.79999999999006       0.17815119131313256     
   777.59999999999002       0.25934863067804842     
   778.39999999998997      -0.17256066862457980     
   779.19999999998993      -0.26307969211181947     
   779.99999999998988       0.16688991100311490     
   780.79999999998984       0.26668767798901638     
   781.59999999998979      -0.16114153522258201     
   782.39999999998975      -0.27017089354588253     
   783.19999999998970       0.15531819346031739     
   783.99999999998965       0.27352770401916393     
   784.79999999998961      -0.14942257217854971     
   785.59999999998956      -0.27675653545670331     
   786.39999999998952       0.14345739098975729     
   787.19999999998947       0.27985587549065483     
   787.99999999998943      -0.13742540150778909     
   788.79999999998938      -0.28282427407170285     
   789.59999999998934       0.13132938618756801     
   790.39999999998929       0.28566034416679875     
   791.19999999998925      -0.12517215715246099     
   791.99999999998920      -0.28836276242089598     
   792.79999999998915       0.11895655500642283     
   793.59999999998911       0.29093026977934688     
   794.39999999998906      -0.11268544763262867     
   795.19999999998902      -0.29336167206976976     
   795.99999999998897       0.10636172898206919     
   796.79999999998893       0.29565584054831695     
   797.59999999998888       -9.9988317846924524E-002
   798.39999999998884      -0.29781171240596416     
   799.19999999998879        9.3568156620557730E-002
