   0.0000000000000000       -1.5185111600952961     
  0.80000000000000004      -0.92046567731118323     
   1.6000000000000001       0.33859956194303686     
   2.4000000000000004        1.1384193451225080     
   3.2000000000000002       0.76575044052164976     
   4.0000000000000000      -0.54331437473460453     
   4.7999999999999998       -1.7967824792241185     
   5.5999999999999996       -1.6963233783759042     
   6.3999999999999995      -0.18234431000034679     
   7.1999999999999993        1.7941323048712432     
   7.9999999999999991        2.5869015538766700     
   8.7999999999999989        1.2492839143777859     
   9.5999999999999996      -0.83920291370491307     
   10.400000000000000       -2.4109545715318701     
   11.200000000000001       -2.0850175869344070     
   12.000000000000002      -0.55759479664849110     
   12.800000000000002       0.89925153938954550     
   13.600000000000003        1.6440419922919569     
   14.400000000000004        1.4194970123657988     
   15.200000000000005       0.70824012771186440     
   16.000000000000004       0.11156142590482443     
   16.800000000000004      -0.18965125763924112     
   17.600000000000005      -0.35315937620805121     
   18.400000000000006      -0.60590509501575918     
   19.200000000000006      -0.97657074763884433     
   20.000000000000007       -1.1936862469599205     
   20.800000000000008      -0.92081721282152040     
   21.600000000000009       -9.9094550466742093E-002
   22.400000000000009        1.0453396995494941     
   23.200000000000010        1.8896844343318784     
   24.000000000000011        1.6433185266074060     
   24.800000000000011       0.49309266175876987     
   25.600000000000012      -0.93209362623470771     
   26.400000000000013       -1.9686508710420574     
   27.200000000000014       -1.8179431471589524     
   28.000000000000014      -0.75094690519044471     
   28.800000000000015       0.47711324167193525     
   29.600000000000016        1.4146540055041710     
   30.400000000000016        1.6561571116055622     
   31.200000000000017        1.1702395568057837     
   32.000000000000014       0.40060859749191380     
   32.800000000000011      -0.33391161139358705     
   33.600000000000009      -0.93811817307843515     
   34.400000000000006       -1.3008685066462884     
   35.200000000000003       -1.2680457704377706     
   36.000000000000000      -0.83210637281124433     
   36.799999999999997      -0.11509212412588155     
   37.599999999999994       0.75490042514073497     
   38.399999999999991        1.5003056624190441     
   39.199999999999989        1.6179035492317844     
   39.999999999999986       0.97576405381677933     
   40.799999999999983       -7.5284235957557177E-002
   41.599999999999980       -1.1778766296091789     
   42.399999999999977       -1.8152044047541986     
   43.199999999999974       -1.5097133557093687     
   43.999999999999972      -0.56038151983883011     
   44.799999999999969       0.53323934751581914     
   45.599999999999966        1.4249671985119154     
   46.399999999999963        1.6794137431142646     
   47.199999999999960        1.1815627255510153     
   47.999999999999957       0.32464027813643614     
   48.799999999999955      -0.56260580362090129     
   49.599999999999952       -1.2775713900767589     
   50.399999999999949       -1.5256048499277923     
   51.199999999999946       -1.1751767594041056     
   51.999999999999943      -0.44680308548357806     
   52.799999999999940       0.41915496132941077     
   53.599999999999937        1.2292295006837786     
   54.399999999999935        1.6123590016220779     
   55.199999999999932        1.2908613966372000     
   55.999999999999929       0.47079610302959951     
   56.799999999999926      -0.52863930390990832     
   57.599999999999923       -1.4152021520529030     
   58.399999999999920       -1.7070274111042987     
   59.199999999999918       -1.1983355438547312     
   59.999999999999915      -0.25367254395276073     
   60.799999999999912       0.76545670228400020     
   61.599999999999909        1.5355748202380863     
   62.399999999999906        1.6209413340615790     
   63.199999999999903        1.0068009485903351     
   63.999999999999901        8.9623858710777160E-002
   64.799999999999898      -0.83811474097468186     
   65.599999999999895       -1.4993622331148146     
   66.399999999999892       -1.5331152551730725     
   67.199999999999889      -0.95027484959864617     
   67.999999999999886       -8.2240514507001761E-002
   68.799999999999883       0.82468690300115077     
   69.599999999999881        1.4981418508350650     
   70.399999999999878        1.5489328289346438     
   71.199999999999875       0.95516028975181344     
   71.999999999999872        4.7264865356319907E-002
   72.799999999999869      -0.90699020143104370     
   73.599999999999866       -1.5817617347914292     
   74.399999999999864       -1.5547780411035637     
   75.199999999999861      -0.87053364135436806     
   75.999999999999858        9.0484042453653935E-002
   76.799999999999855        1.0448048068200670     
   77.599999999999852        1.6330225875391227     
   78.399999999999849        1.4810399398037593     
   79.199999999999847       0.73765890182125982     
   79.999999999999844      -0.21550115339460374     
   80.799999999999841       -1.1189656808891484     
   81.599999999999838       -1.6211552014447881     
   82.399999999999835       -1.4070320943748931     
   83.199999999999832      -0.65926969917160017     
   83.999999999999829       0.27362887950526682     
   84.799999999999827        1.1525887114658722     
   85.599999999999824        1.6216662640003636     
   86.399999999999821        1.3772557769499796     
   87.199999999999818       0.61122861025536024     
   87.999999999999815      -0.33683061217087673     
   88.799999999999812       -1.2195704248672070     
   89.599999999999810       -1.6498148100936338     
   90.399999999999807       -1.3398685919808395     
   91.199999999999804      -0.52672123981612473     
   91.999999999999801       0.44261893570739586     
   92.799999999999798        1.3070329436316315     
   93.599999999999795        1.6582196825926123     
   94.399999999999793        1.2656487099260980     
   95.199999999999790       0.41874103289234554     
   95.999999999999787      -0.54622743769030058     
   96.799999999999784       -1.3674593088289484     
   97.599999999999781       -1.6385238093337113     
   98.399999999999778       -1.1895354837422103     
   99.199999999999775      -0.33184715858920932     
   99.999999999999773       0.62118301713316559     
   100.79999999999977        1.4079531165028101     
   101.59999999999977        1.6218795156449171     
   102.39999999999976        1.1318614330592276     
   103.19999999999976       0.25964831141815470     
   103.99999999999976      -0.69480279370359344     
   104.79999999999976       -1.4573738694741900     
   105.59999999999975       -1.6122643024005483     
   106.39999999999975       -1.0703352691202208     
   107.19999999999975      -0.17339830759851238     
   107.99999999999974       0.78457372445372930     
   108.79999999999974        1.5108462928161552     
   109.59999999999974        1.5897618081570413     
   110.39999999999974       0.99152696140923680     
   111.19999999999973        7.6123994371804393E-002
   111.99999999999973      -0.87332477098968653     
   112.79999999999973       -1.5498431781326865     
   113.59999999999972       -1.5527292567499063     
   114.39999999999972      -0.91029773940953906     
   115.19999999999972        1.3214935528450322E-002
   115.99999999999972       0.94883119196286614     
   116.79999999999971        1.5771670266296001     
   117.59999999999971        1.5147865049352909     
   118.39999999999971       0.83637602608693218     
   119.19999999999970       -9.5531943566204314E-002
   119.99999999999970       -1.0211118028031159     
   120.79999999999970       -1.6038138208727417     
   121.59999999999970       -1.4770551935743104     
   122.39999999999969      -0.76070351826097826     
   123.19999999999969       0.18287581885284032     
   123.99999999999969        1.0976541074943784     
   124.79999999999968        1.6274222902372846     
   125.59999999999968        1.4310301900778946     
   126.39999999999968       0.67701014928844838     
   127.19999999999968      -0.27498984731880172     
   127.99999999999967       -1.1717991705462343     
   128.79999999999967       -1.6409081184269207     
   129.59999999999968       -1.3765973737763737     
   130.39999999999969      -0.59139008434427098     
   131.19999999999970       0.36384409421943298     
   131.99999999999972        1.2380750413337864     
   132.79999999999973        1.6458057458280484     
   133.59999999999974        1.3199678536843547     
   134.39999999999975       0.50854567042626864     
   135.19999999999976      -0.44895971108741162     
   135.99999999999977       -1.2999286546071702     
   136.79999999999978       -1.6464136101136091     
   137.59999999999980       -1.2617709401104824     
   138.39999999999981      -0.42505570827472272     
   139.19999999999982       0.53514351721347642     
   139.99999999999983        1.3602022921795742     
   140.79999999999984        1.6415744838309778     
   141.59999999999985        1.1984479591888066     
   142.39999999999986       0.33806240082675831     
   143.19999999999987      -0.62253816668951645     
   143.99999999999989       -1.4161439988599585     
   144.79999999999990       -1.6286760477527011     
   145.59999999999991       -1.1300815001336824     
   146.39999999999992      -0.24996669831259677     
   147.19999999999993       0.70766995482907169     
   147.99999999999994        1.4653403624726273     
   148.79999999999995        1.6087543869252532     
   149.59999999999997        1.0595588071905513     
   150.39999999999998       0.16299554296756702     
   151.19999999999999      -0.78988839731267801     
   152.00000000000000       -1.5089108467159975     
   152.80000000000001       -1.5837303084034571     
   153.60000000000002      -0.98738397482358364     
   154.40000000000003       -7.5934565409707888E-002
   155.20000000000005       0.87093629989171850     
   156.00000000000006        1.5477979882535577     
   156.80000000000007        1.5531980395105851     
   157.60000000000008       0.91213160168206420     
   158.40000000000009       -1.2494911684597154E-002
   159.20000000000010      -0.95081639394570161     
   160.00000000000011       -1.5808003649975664     
   160.80000000000013       -1.5163151735650600     
   161.60000000000014      -0.83387290878215858     
   162.40000000000015       0.10136522268120374     
   163.20000000000016        1.0279255901359705     
   164.00000000000017        1.6069229892372716     
   164.80000000000018        1.4738306696706911     
   165.60000000000019       0.75397092768416585     
   166.40000000000020      -0.18960373954094611     
   167.20000000000022       -1.1016852356636702     
   168.00000000000023       -1.6265784811898552     
   168.80000000000024       -1.4267872474445158     
   169.60000000000025      -0.67283123971214542     
   170.40000000000026       0.27753533581621359     
   171.20000000000027        1.1725278484321531     
   172.00000000000028        1.6400942914555259     
   172.80000000000030        1.3752054148987680     
   173.60000000000031       0.58997010616255074     
   174.40000000000032      -0.36560992178615326     
   175.20000000000033       -1.2402333740287244     
   176.00000000000034       -1.6470062620680244     
   176.80000000000035       -1.3189445143709189     
   177.60000000000036      -0.50548361834106159     
   178.40000000000038       0.45334499611153800     
   179.20000000000039        1.3039053873836441     
   180.00000000000040        1.6470244207371050     
   180.80000000000041        1.2585516698830104     
   181.60000000000042       0.42005071319002207     
   182.40000000000043      -0.54009749022464071     
   183.20000000000044       -1.3630307068401377     
   184.00000000000045       -1.6404506307299485     
   184.80000000000047       -1.1946823300720704     
   185.60000000000048      -0.33397219133381284     
   186.40000000000049       0.62578058467612563     
   187.20000000000050        1.4175261744316909     
   188.00000000000051        1.6275496404684624     
   188.80000000000052        1.1275265631177120     
   189.60000000000053       0.24712479933565223     
   190.40000000000055      -0.71040227149701751     
   191.20000000000056       -1.4670894480188428     
   192.00000000000057       -1.6083007325644794     
   192.80000000000058       -1.0571764165357505     
   193.60000000000059      -0.15957827499339450     
   194.40000000000060       0.79359220099182670     
   195.20000000000061        1.5111810927978606     
   196.00000000000063        1.5828029107134189     
   196.80000000000064       0.98400446311192502     
   197.60000000000065        7.1653147645813209E-002
   198.40000000000066      -0.87488259309943317     
   199.20000000000067       -1.5494449735145377     
   200.00000000000068       -1.5514111198141758     
   200.80000000000069      -0.90842773544101685     
   201.60000000000070        1.6467657226862498E-002
   202.40000000000072       0.95402019574320895     
   203.20000000000073        1.5817280176047894     
   204.00000000000074        1.5144574626486014     
   204.80000000000075       0.83065545996850565     
   205.60000000000076      -0.10478059521968230     
   206.40000000000077       -1.0307940790027958     
   207.20000000000078       -1.6078256218768234     
   208.00000000000080       -1.4721596262060597     
   208.80000000000081      -0.75084225668462357     
   209.60000000000082       0.19319728423508842     
   210.40000000000083        1.1048278537559963     
   211.20000000000084        1.6274813050142307     
   212.00000000000085        1.4247953488221068     
   212.80000000000086       0.66926242158934202     
   213.60000000000088      -0.28149050009781107     
   214.40000000000089       -1.1756806471748855     
   215.20000000000090       -1.6405533614323369     
   216.00000000000091       -1.3727491210375089     
   216.80000000000092      -0.58621741206495814     
   217.60000000000093       0.36945009266289575     
   218.40000000000094        1.2429826881827131     
   219.20000000000095        1.6470172646453070     
   220.00000000000097        1.3163864908163490     
   220.80000000000098       0.50191795733747924     
   221.60000000000099      -0.45691783876297742     
   222.40000000000100       -1.3063812285846419     
   223.20000000000101       -1.6468660400497299     
   224.00000000000102       -1.2560131729292185     
   224.80000000000103      -0.41653557842441924     
   225.60000000000105       0.54368729621690004     
   226.40000000000106        1.3654655117038728     
   227.20000000000107        1.6401149265475377     
   228.00000000000108        1.1919464855983242     
   228.80000000000109       0.33027449557232913     
   229.60000000000110      -0.62948042698058515     
   230.40000000000111       -1.4198145840512086     
   231.20000000000113       -1.6268638163755924     
   232.00000000000114       -1.1245318928454673     
   232.80000000000115      -0.24333487448276669     
   233.60000000000116       0.71401661680715134     
   234.40000000000117        1.4690612462589920     
   235.20000000000118        1.6072873926364570     
   236.00000000000119        1.0540873593426827     
   236.80000000000121       0.15586171563759288     
   237.60000000000122      -0.79703557642680345     
   238.40000000000123       -1.5128778561392120     
   239.20000000000124       -1.5815873052539557     
   240.00000000000125      -0.98088633493204691     
   240.80000000000126       -6.7968588822764797E-002
   241.60000000000127       0.87825662663491921     
   242.40000000000128        1.5509494623171984     
   243.20000000000130        1.5499899680126350     
   244.00000000000131       0.90519295797434096     
   244.80000000000132       -2.0220307677268790E-002
   245.60000000000133      -0.95736195342243413     
   246.40000000000134       -1.5829935622276547     
   247.20000000000135       -1.5127666468453116     
   248.00000000000136      -0.82727655329630867     
   248.80000000000138       0.10857068750803589     
   249.60000000000139        1.0340187028935310     
   250.40000000000140        1.6087854240659683     
   251.20000000000141        1.4702234734654152     
   252.00000000000142       0.74739343191160146     
   252.80000000000143      -0.19694982157440077     
   253.60000000000144       -1.1078862641784120     
   254.40000000000146       -1.6281529190571276     
   255.20000000000147       -1.4226782533729434     
   256.00000000000148      -0.66578131689109954     
   256.80000000000149       0.28521160850866267     
   257.60000000000150        1.1786001825752113     
   258.40000000000151        1.6409679339740588     
   259.20000000000152        1.3704574276814001     
   260.00000000000153       0.58267331861272165     
   260.80000000000155      -0.37317657277981620     
   261.60000000000156       -1.2457688157610700     
   262.40000000000157       -1.6471564585633656     
   263.20000000000158       -1.3139009913252326     
   264.00000000000159      -0.49830078625457808     
   264.80000000000160       0.46063396715432137     
   265.60000000000161        1.3089902083708254     
   266.40000000000163        1.6467089487013786     
   267.20000000000164        1.2533534105996300     
   268.00000000000165       0.41287962959987068     
   268.80000000000166      -0.54735373873383686     
   269.60000000000167       -1.3678662087422175     
   270.40000000000168       -1.6396763233123497     
   271.20000000000169       -1.1891489641900670     
   272.00000000000171      -0.32660131726486408     
   272.80000000000172       0.63308914565170316     
   273.60000000000173        1.4220071376900236     
   274.40000000000174        1.6261626628592607     
   275.20000000000175        1.1216069035808109     
   276.00000000000176       0.23963528868628503     
   276.80000000000177      -0.71757478803621144     
   277.60000000000178       -1.4710392302161512     
   278.40000000000180       -1.6063232492637605     
   279.20000000000181       -1.0510324846659218     
   280.00000000000182      -0.15213202110523594     
   280.80000000000183       0.80052996280267763     
   281.60000000000184        1.5146171066915004     
   282.40000000000185        1.5803611691205262     
   283.20000000000186       0.97771510295529818     
   284.00000000000188        6.4223987007864358E-002
   284.80000000000189      -0.88166258544023257     
   285.60000000000190       -1.5524322343947170     
   286.40000000000191       -1.5485183879116096     
   287.20000000000192      -0.90192661035919741     
   288.00000000000193        2.3968042404011070E-002
   288.80000000000194       0.96066637018983847     
   289.60000000000196        1.5842156793235507     
   290.40000000000197        1.5110671796292550     
   291.20000000000198       0.82392511866718199     
   292.00000000000199      -0.11232225250086014     
   292.80000000000200       -1.0372148343299425     
   293.60000000000201       -1.6097414460998321     
   294.40000000000202       -1.4683053819120704     
   295.20000000000203      -0.74396080757920224     
   296.00000000000205       0.20070371759839023     
   296.80000000000206        1.1109588904825678     
   297.60000000000207        1.6288323058095535     
   298.40000000000208        1.4205518607376759     
   299.20000000000209       0.66227799209888549     
   300.00000000000210      -0.28895705943102601     
   300.80000000000211       -1.1815284354916606     
   301.60000000000213       -1.6413647138878273     
   302.40000000000214       -1.3681396720683283     
   303.20000000000215      -0.57911349674810841     
   304.00000000000216       0.37690226415336925     
   304.80000000000217        1.2485357953959704     
   305.60000000000218        1.6472715947666463     
   306.40000000000219        1.3114087342378895     
   307.20000000000221       0.49469384669605998     
   308.00000000000222      -0.46433283819985860     
   308.80000000000223       -1.3115818161948707     
   309.60000000000224       -1.6465443431810369     
   310.40000000000225       -1.2506993005437543     
   311.20000000000226      -0.40923142259635970     
   312.00000000000227       0.55101763674236315     
   312.80000000000229        1.3702656718687938     
   313.60000000000230        1.6392335830362514     
   314.40000000000231        1.1863453707174716     
   315.20000000000232       0.32291947103337082     
   316.00000000000233      -0.63670573456474111     
   316.80000000000234       -1.4241963479494899     
   317.60000000000235       -1.6254468452112321     
   318.40000000000236       -1.1186682705442130     
   319.20000000000238      -0.23592838355904100     
   320.00000000000239       0.72113109915588558     
   320.80000000000240        1.4730028648390929     
   321.60000000000241        1.6053432222949924     
   322.40000000000242        1.0479724667353549     
   323.20000000000243       0.14840610346235095     
   324.00000000000244      -0.80401468331300485     
   324.80000000000246       -1.5163424106082259     
   325.60000000000247       -1.5791267729991088     
   326.40000000000248      -0.97454483118404256     
   327.20000000000249       -6.0483183411959018E-002
   328.00000000000250       0.88506390604103125     
   328.80000000000251        1.5539069482452026     
   329.60000000000252        1.5470398377651751     
   330.40000000000254       0.89865658910029800     
   331.20000000000255       -2.7718775970704712E-002
   332.00000000000256      -0.96397034913527713     
   332.80000000000257       -1.5854285958192795     
   333.60000000000258       -1.5093564692547079     
   334.40000000000259      -0.82056658648537684     
   335.20000000000260       0.11607677267968119     
   336.00000000000261        1.0404065379860052     
   336.80000000000263        1.6106840316723012     
   337.60000000000264        1.4663761889017770     
   338.40000000000265       0.74052473606763014     
   339.20000000000266      -0.20445578017121424     
   340.00000000000267       -1.1140233183403003     
   340.80000000000268       -1.6294986293626836     
   341.60000000000269       -1.4184181966416887     
   342.40000000000271      -0.65877431096114947     
   343.20000000000272       0.29270001879371788     
   344.00000000000273        1.1844498105236712     
   344.80000000000274        1.6417507291710407     
   345.60000000000275        1.3658155354728194     
   346.40000000000276       0.57555173886957800     
   347.20000000000277      -0.38062797366585754     
   348.00000000000279       -1.2512971537362865     
   348.80000000000280       -1.6473754638571334     
   349.60000000000281       -1.3089085490328896     
   350.40000000000282      -0.49108353567641072     
   351.20000000000283       0.46803165128840152     
   352.00000000000284        1.3141658569762003     
   352.80000000000285        1.6463670488770292     
   353.60000000000286        1.2480376602849295     
   354.40000000000288       0.40558140704684531     
   355.20000000000289      -0.55467919203094274     
   356.00000000000290       -1.3726556208124268     
   356.80000000000291       -1.6387787362820125     
   357.60000000000292       -1.1835362685246502     
   358.40000000000293      -0.31923735806775511     
   359.20000000000294       0.64031920556210409     
   360.00000000000296        1.4263761200620624     
   360.80000000000297        1.6247201705738792     
   361.60000000000298        1.1157248450475021     
   362.40000000000299       0.23222074793877900     
   363.20000000000300      -0.72468494440613296     
   364.00000000000301       -1.4749572058709588     
   364.80000000000302       -1.6043524101227635     
   365.60000000000304       -1.0449072194689202     
   366.40000000000305      -0.14467885782860668     
   367.20000000000306       0.80749664227087892     
   368.00000000000307        1.5180573989692512     
   368.80000000000308        1.5778814085117321     
   369.60000000000309       0.97136968094534937     
   370.40000000000310        5.6741702598515298E-002
   371.20000000000312      -0.88846118559426113     
   372.00000000000313       -1.5553703995733947     
   372.80000000000314       -1.5455510336620917     
   373.60000000000315      -0.89538278223941803     
   374.40000000000316        3.1469409837557194E-002
   375.20000000000317       0.96726952557931889     
   376.00000000000318        1.5866301435360102     
   376.80000000000319        1.5076364541294882     
   377.60000000000321       0.81720483157221513     
   378.40000000000322      -0.11983120430940786     
   379.20000000000323       -1.0435932593239419     
   380.00000000000324       -1.6116152099600374     
   380.80000000000325       -1.4644381131266220     
   381.60000000000326      -0.73708547318705886     
   382.40000000000327       0.20820784407790449     
   383.20000000000329        1.1170822145919634     
   384.00000000000330        1.6301531310069244     
   384.80000000000331        1.4162759801875320     
   385.60000000000332       0.65526777604541331     
   386.40000000000333      -0.29644250597473909     
   387.20000000000334       -1.1873646729959160     
   388.00000000000335       -1.6421246401836764     
   388.80000000000337       -1.3634835665036125     
   389.60000000000338      -0.57198779925306897     
   390.40000000000339       0.38435259089048746     
   391.20000000000340        1.2540511962075964     
   392.00000000000341        1.6474673483476430     
   392.80000000000342        1.3064013288490832     
   393.60000000000343       0.48747149499157172     
   394.40000000000344      -0.47172903606179395     
   395.20000000000346       -1.3167420295412289     
   396.00000000000347       -1.6461779649252017     
   396.80000000000348       -1.2453695190416445     
   397.60000000000349      -0.40192984101728202     
   398.40000000000350       0.55833902493548382     
   399.20000000000351        1.3750370480874285     
   400.00000000000352        1.6383122100636349     
   400.80000000000354        1.1807211213035846     
   401.60000000000355       0.31555394759851596     
   402.40000000000356      -0.64393042626069952     
   403.20000000000357       -1.4285465958518704     
   404.00000000000358       -1.6239820485108598     
   404.80000000000359       -1.1127759658039569     
   405.60000000000360      -0.22851218597866685     
   406.40000000000362       0.72823593079844917     
   407.20000000000363        1.4769016014374388     
   408.00000000000364        1.6033505836648947     
   408.80000000000365        1.0418371173511971     
   409.60000000000366       0.14095095790559276     
   410.40000000000367      -0.81097523944729732     
   411.20000000000368       -1.5197619537982601     
   412.00000000000369       -1.5766255074474900     
   412.80000000000371      -0.96819013724417025     
   413.60000000000372       -5.2999717907682875E-002
   414.40000000000373       0.89185461311863445     
   415.20000000000374        1.5568229554783444     
   416.00000000000375        1.5440521488681405     
   416.80000000000376       0.89210499184760383     
   417.60000000000377       -3.5220354949683008E-002
   418.40000000000379      -0.97056424413170317     
   419.20000000000380       -1.5878203550883150     
   420.00000000000381       -1.5059068778274805     
   420.80000000000382      -0.81383955849237100     
   421.60000000000383       0.12358566166923490     
   422.40000000000384        1.0467748485803963     
   423.20000000000385        1.6125347299276076     
   424.00000000000387        1.4624910824822068     
   424.80000000000388       0.73364316774517158     
   425.60000000000389      -0.21195963148767805     
   426.40000000000390       -1.1201353150157625     
   427.20000000000391       -1.6307957842009322     
   428.00000000000392       -1.4141254268420738     
   428.80000000000393      -0.65175861631608223     
   429.60000000000394       0.30018441327392487     
   430.40000000000396        1.1902730626586131     
   431.20000000000397        1.6424865952370236     
   432.00000000000398        1.3611438569924186     
   432.80000000000399       0.56842161868260033     
   433.60000000000400      -0.38807626467101342     
   434.40000000000401       -1.2567980391062981     
   435.20000000000402       -1.6475472545700429     
   436.00000000000404       -1.3038869727202831     
   436.80000000000405      -0.48385759931314021     
   437.60000000000406       0.47542504063945745     
   438.40000000000407        1.3193102623540658     
   439.20000000000408        1.6459770010205585     
   440.00000000000409        1.2426948560568349     
   440.80000000000410       0.39827678138431688     
   441.60000000000412      -0.56199701244504807     
   442.40000000000413       -1.3774098334198706     
   443.20000000000414       -1.6378340173147927     
   444.00000000000415       -1.1779000369871535     
   444.80000000000416      -0.31186934493738427     
   445.60000000000417       0.64753932881319054     
   446.40000000000418        1.4307077729166822     
   447.20000000000420        1.6232325563603069     
   448.00000000000421        1.1098216880912100     
   448.80000000000422       0.22480268462031949     
   449.60000000000423      -0.73178410000804617     
   450.40000000000424       -1.4788360823016400     
   451.20000000000425       -1.6023377558501102     
   452.00000000000426       -1.0387621267010561     
   452.80000000000427      -0.13722235175566688     
   453.60000000000429       0.81445048394253494     
   454.40000000000430        1.5214560371612915     
   455.20000000000431        1.5753590481121977     
   456.00000000000432       0.96500619680142086     
   456.80000000000433        4.9257250817205445E-002
   457.60000000000434      -0.89524412522409158     
   458.40000000000435       -1.5582645635306389     
   459.20000000000437       -1.5425432099639917     
   460.00000000000438      -0.88882327280229279     
   460.80000000000439        3.8971561411707101E-002
   461.60000000000440       0.97385445724176967     
   462.40000000000441        1.5889992261691042     
   463.20000000000442        1.5041677921928882     
   464.00000000000443       0.81047080286053286     
   464.80000000000445      -0.12734013971127078     
   465.60000000000446       -1.0499513017999327     
   466.40000000000447       -1.6134426008230132     
   467.20000000000448       -1.4605351187643643     
   468.00000000000449      -0.73019781547742713     
   468.80000000000450       0.21571115551486708     
   469.60000000000451        1.1231826044409861     
   470.40000000000452        1.6314265744395238     
   471.20000000000454        1.4119665437793014     
   472.00000000000455       0.64824683762997681     
   472.80000000000456      -0.30392572291350872     
   473.60000000000457       -1.1931749346398592     
   474.40000000000458       -1.6428365794730453     
   475.20000000000459       -1.3587964354169579     
   476.00000000000460      -0.56485322824792505     
   476.80000000000462       0.39179896108386769     
   477.60000000000463        1.2595376425229170     
   478.40000000000464        1.6476151900995779     
   479.20000000000465        1.3013655192114457     
   480.00000000000466       0.48024187248256289     
   480.80000000000467      -0.47911964730035439     
   481.60000000000468       -1.3218705337510350     
   482.40000000000470       -1.6457641714022042     
   483.20000000000471       -1.2400136950890146     
   484.00000000000472      -0.39462223301977972     
   484.80000000000473       0.56565314539461919     
   485.60000000000474        1.3797739532512578     
   486.40000000000475        1.6373441648437650     
   487.20000000000476        1.1750730309603563     
   488.00000000000477       0.30818355620819993     
   488.80000000000479      -0.65114589202936102     
   489.60000000000480       -1.4328596186131901     
   490.40000000000481       -1.6224717037388117     
   491.20000000000482       -1.1068620350894487     
   492.00000000000483      -0.22109225974717250     
   492.80000000000484       0.73532942316810712     
   493.60000000000485        1.4807606202723587     
   494.40000000000487        1.6013139470440554     
   495.20000000000488        1.0356822743878338     
   496.00000000000489       0.13349305280409918     
   496.80000000000490      -0.81792235251789069     
   497.60000000000491       -1.5231396305771994     
   498.40000000000492       -1.5740820537412989     
   499.20000000000493      -0.96181787948282371     
   500.00000000000495       -4.5514307147764943E-002
   500.80000000000496       0.89862970179836588     
   501.60000000000497        1.5596952072261321     
   502.40000000000498        1.5410242372527319     
   503.20000000000499       0.88553764070783125     
   504.00000000000500       -4.2723022177811876E-002
   504.80000000000501      -0.97714013907477248     
   505.60000000000502       -1.5901667397349182     
   506.40000000000504       -1.5024192191806460     
   507.20000000000505      -0.80709858353814301     
   508.00000000000506       0.13109462521882986     
   508.80000000000507        1.0531225884658726     
   509.60000000000508        1.6143388104717853     
   510.40000000000509        1.4585702485609486     
   511.20000000000510       0.72674943721140262     
   512.00000000000512      -0.21946240121009131     
   512.80000000000507       -1.1262240532768857     
   513.60000000000502       -1.6320454963421718     
   514.40000000000498       -1.4097993583387969     
   515.20000000000493      -0.64473245780303712     
   516.00000000000489       0.30766642094852781     
   516.80000000000484        1.1960702601623361     
   517.60000000000480        1.6431745913140723     
   518.40000000000475        1.3564413270777620     
   519.20000000000471       0.56128264311142873     
   520.00000000000466      -0.39552066425751886     
   520.80000000000462       -1.2622699757794709     
   521.60000000000457       -1.6476711563658646     
   522.40000000000452       -1.2988369932922577     
   523.20000000000448      -0.47662432976617397     
   524.00000000000443       0.48281283655478158     
   524.80000000000439        1.3244228122818860     
   525.60000000000434        1.6455394824677272     
   526.40000000000430        1.2373260617804271     
   527.20000000000425       0.39096621064697856     
   528.00000000000421      -0.56930740291139670     
   528.80000000000416       -1.3821293783172897     
   529.60000000000412       -1.6368426641559921     
   530.40000000000407       -1.1722401276729895     
   531.20000000000402      -0.30449659343461022     
   532.00000000000398       0.65475009527567907     
   532.80000000000393        1.4350021064088232     
   533.60000000000389        1.6216995054221912     
   534.40000000000384        1.1038970288647425     
   535.20000000000380       0.21738092104343165     
   536.00000000000375      -0.73887187879912264     
   536.80000000000371       -1.4826751907808453     
   537.60000000000366       -1.6002791745117024     
   538.40000000000362       -1.0325975811349586     
   539.20000000000357      -0.12976307030719425     
   540.00000000000352       0.82139082178504752     
   540.80000000000348        1.5248127119680688     
   541.60000000000343        1.5727945444645459     
   542.40000000000339       0.95862520562233267     
   543.20000000000334        4.1770896504694566E-002
   544.00000000000330      -0.90201131796681366     
   544.80000000000325       -1.5611148681367757     
   545.60000000000321       -1.5394952533786146     
   546.40000000000316      -0.88224811519086410     
   547.20000000000312        4.6474727306126673E-002
   548.00000000000307       0.98042126362103843     
   548.80000000000302        1.5913228812515177     
   549.60000000000298        1.5006611829086476     
   550.40000000000293       0.80372291918825944     
   551.20000000000289      -0.13484910719719068     
   552.00000000000284       -1.0562886809270666     
   552.80000000000280       -1.6152233480631564     
   553.60000000000275       -1.4565964969512035     
   554.40000000000271      -0.72329805109224166     
   555.20000000000266       0.22321335547224497     
   556.00000000000261        1.1292596320165447     
   556.80000000000257        1.6326525432036250     
   557.60000000000252        1.4076238964795569     
   558.40000000000248       0.64121549463023220     
   559.20000000000243      -0.31140649195542647     
   560.00000000000239       -1.1989590085885578     
   560.80000000000234       -1.6435006287052469     
   561.60000000000230       -1.3540785583185495     
   562.40000000000225      -0.55770988012652323     
   563.20000000000221       0.39924135693495733     
   564.00000000000216        1.2649950080722161     
   564.80000000000211        1.6477151559836922     
   565.60000000000207        1.2963014208601871     
   566.40000000000202       0.47300498643521716     
   567.20000000000198      -0.48650458968239796     
   568.00000000000193       -1.3269670676599123     
   568.80000000000189       -1.6453029411741780     
   569.60000000000184       -1.2346319810421480     
   570.40000000000180      -0.38730872778635650     
   571.20000000000175       0.57295976494677736     
   572.00000000000171        1.3844760795129352     
   572.80000000000166        1.6363295262609854     
   573.60000000000161        1.1694013508658341     
   574.40000000000157       0.30080846846812070     
   575.20000000000152      -0.65835191738648524     
   576.00000000000148       -1.4371352091787910     
   576.80000000000143       -1.6209159761175698     
   577.60000000000139       -1.1009266918647835     
   578.40000000000134      -0.21366867885999030     
   579.20000000000130       0.74241144480803978     
   580.00000000000125        1.4845797693275751     
   580.80000000000121        1.5992334560846242     
   581.60000000000116        1.0295080680590918     
   582.40000000000111       0.12603241358979123     
   583.20000000000107      -0.82485586859678905     
   584.00000000000102       -1.5264752598148454     
   584.80000000000098       -1.5714965406330501     
   585.60000000000093      -0.95542819523438594     
   586.40000000000089       -3.8027028037338484E-002
   587.20000000000084       0.90538894916642043     
   588.00000000000080        1.5625235280053571     
   588.80000000000075        1.5379562807611202     
   589.60000000000070       0.87895471554311699     
   590.40000000000066       -5.0226666898033567E-002
   591.20000000000061      -0.98369780463295442     
   592.00000000000057       -1.5924676360871155     
   592.80000000000052       -1.4988937074779534     
   593.60000000000048      -0.80034382862077069     
   594.40000000000043       0.13860357429071724     
   595.20000000000039        1.0594495512282935     
   596.00000000000034        1.6160962029599077     
   596.80000000000030        1.4546138892579334     
   597.60000000000025       0.71984367544331318     
   598.40000000000020      -0.22696400505276548     
   599.20000000000016       -1.1322893112018342     
   600.00000000000011       -1.6332477086695527     
   600.80000000000007       -1.4054401842259232     
   601.60000000000002      -0.63769596576177712     
   602.39999999999998       0.31514592061651969     
   603.19999999999993        1.2018411494057797     
   603.99999999999989        1.6438146897799497     
   604.79999999999984        1.3517081553366053     
   605.59999999999980       0.55413495595030782     
   606.39999999999975      -0.40296102183966453     
   607.19999999999970       -1.2677127085444868     
   607.99999999999966       -1.6477471916575452     
   608.79999999999961       -1.2937588277474559     
   609.59999999999957      -0.46938385775081004     
   610.39999999999952       0.49019488778889353     
   611.19999999999948        1.3295032695455067     
   611.99999999999943        1.6450545546699276     
   612.79999999999939        1.2319314778286403     
   613.59999999999934       0.38364979797197640     
   614.39999999999930      -0.57661021137019963     
   615.19999999999925       -1.3868140278422509     
   615.99999999999920       -1.6358047623981462     
   616.79999999999916       -1.1665567242453569     
   617.59999999999911      -0.29711919304934498     
   618.39999999999907       0.66195133723088218     
   619.19999999999902        1.4392588999554363     
   619.99999999999898        1.6201211306641192     
   620.79999999999893        1.0979510464165250     
   621.59999999999889       0.20995554342992606     
   622.39999999999884      -0.74594809908659054     
   623.19999999999879       -1.4864743315092748     
   623.99999999999875       -1.5981768096699267     
   624.79999999999870       -1.0264137562073377     
   625.59999999999866      -0.12230109197284789     
   626.39999999999861       0.82831746970713560     
   627.19999999999857        1.5281272526966618     
   627.99999999999852        1.5701880627036928     
   628.79999999999848       0.95222686833571712     
   629.59999999999843        3.4282710949487427E-002
   630.39999999999839      -0.90876257074896216     
   631.19999999999834       -1.5639211687358456     
   631.99999999999829       -1.5364073419273869     
   632.79999999999825      -0.87565746104530184     
   633.59999999999820        5.3978831016739615E-002
   634.39999999999816       0.98696973581575598     
   635.19999999999811        1.5936009897917254     
   635.99999999999807        1.4971168170447671     
   636.79999999999802       0.79696133060234930     
   637.59999999999798      -0.14235801509394164     
   638.39999999999793       -1.0626051713532065     
   639.19999999999789       -1.6169573646897482     
   639.99999999999784       -1.4526224508271148     
   640.79999999999779      -0.71638632855864248     
   641.59999999999775       0.23071433660585461     
   642.39999999999770        1.1353130612978044     
   643.19999999999766        1.6338309865595910     
   643.99999999999761        1.4032482476277470     
   644.79999999999757       0.63417388883371406     
   645.59999999999752      -0.31888469150543530     
   646.39999999999748       -1.2047166520603614     
   647.19999999999743       -1.6441167728725377     
   647.99999999999739       -1.3493301443399703     
   648.79999999999734      -0.55055788719856669     
   649.59999999999729       0.40667964161937953     
   650.39999999999725        1.2704230463527493     
   651.19999999999720        1.6477672662926852     
   651.99999999999716        1.2912092397575092     
   652.79999999999711       0.46576095889777591     
   653.59999999999707      -0.49388371192928426     
   654.39999999999702       -1.3320313876434051     
   655.19999999999698       -1.6447943302807553     
   655.99999999999693       -1.2292245770404262     
   656.79999999999688      -0.37998943465817159     
   657.59999999999684       0.58025872200109219     
   658.39999999999679        1.3891431943745616     
   659.19999999999675        1.6352683839661142     
   659.99999999999670        1.1637062714640940     
   660.79999999999666       0.29342877885549878     
   661.59999999999661      -0.66554833362817145     
   662.39999999999657       -1.4413731518660700     
   663.19999999999652       -1.6193149840463201     
   663.99999999999648       -1.0949701147966131     
   664.79999999999643      -0.20624152493873016     
   665.59999999999638       0.74948181948203041     
   666.39999999999634        1.4883588530450504     
   667.19999999999629        1.5971092532967968     
   667.99999999999625        1.0233146665773338     
   668.79999999999620       0.11856911475225207     
   669.59999999999616      -0.83177560181996957     
   670.39999999999611       -1.5297686693286292     
   671.19999999999607       -1.5688691312287091     
   671.99999999999602      -0.94902124490293394     
   672.79999999999598       -3.0537954457539151E-002
   673.59999999999593       0.91213215799937697     
   674.39999999999588        1.5653077723777056     
   675.19999999999584        1.5348484594811138     
   675.99999999999579       0.87235637095413554     
   676.79999999999575       -5.7731209673300143E-002
   677.59999999999570      -0.99023703079795045     
   678.39999999999566       -1.5947229280764426     
   679.19999999999561       -1.4953305358270239     
   679.99999999999557      -0.79357544388342305     
   680.79999999999552       0.14611241812434383     
   681.59999999999548        1.0657555132147392     
   682.39999999999543        1.6178068229583804     
   683.19999999999538        1.4506222070463610     
   683.99999999999534       0.71292602870942923     
   684.79999999999529      -0.23446433669951838     
   685.59999999999525       -1.1383308527161713     
   686.39999999999520       -1.6344023708822328     
   687.19999999999516       -1.4010481127518057     
   687.99999999999511      -0.63064928144510057     
   688.79999999999507       0.32262278911041786     
   689.59999999999502        1.2075854859703199     
   690.39999999999498        1.6444068765106306     
   691.19999999999493        1.3469445515298264     
   691.99999999999488       0.54697869043450997     
   692.79999999999484      -0.41039719884565617     
   693.59999999999479       -1.2731259906581660     
   694.39999999999475       -1.6477753829863075     
   695.19999999999470       -1.2886526826655731     
   695.99999999999466      -0.46213630499342429     
   696.79999999999461       0.49757104309834432     
   697.59999999999457        1.3345513917002794     
   698.39999999999452        1.6445222755144799     
   699.19999999999447        1.2265113035312945     
   699.99999999999443       0.37632765122257295     
   700.79999999999438      -0.58390527661350766     
   701.59999999999434       -1.3914635502543935     
   702.39999999999429       -1.6347204025266251     
   703.19999999999425       -1.1608500161165283     
   703.99999999999420      -0.28973723749140645     
   704.79999999999416       0.66914288535795274     
   705.59999999999411        1.4434779381383493     
   706.39999999999407        1.6184975513885513     
   707.19999999999402        1.0919839192234657     
   707.99999999999397       0.20252663351986566     
   708.79999999999393      -0.75301258379732294     
   709.59999999999388       -1.4902333097732703     
   710.39999999999384       -1.5960308051117564     
   711.19999999999379       -1.0202108201176487     
   711.99999999999375      -0.11483649120364525     
   712.79999999999370       0.83523024158436265     
   713.59999999999366        1.5313994885608329     
   714.39999999999361        1.5675397668570343     
   715.19999999999357       0.94581134487640406     
   715.99999999999352        2.6792767793787142E-002
   716.79999999999347      -0.91549768613647209     
   717.59999999999343       -1.5666833211295195     
   718.39999999999338       -1.5332796561034066     
   719.19999999999334      -0.86905146450129089     
   719.99999999999329        6.1483792828833761E-002
   720.79999999999325       0.99349966313492988     
   721.59999999999320        1.5958334368152598     
   722.39999999999316        1.4935348881013681     
   723.19999999999311       0.79018618719481704     
   723.99999999999307      -0.14986677182371300     
   724.79999999999302       -1.0689005486554435     
   725.59999999999297       -1.6186445676482024     
   726.39999999999293       -1.4486131833424909     
   727.19999999999288      -0.70946279414386137     
   727.99999999999284       0.23821399181359548     
   728.79999999999279        1.1413426558140245     
   729.59999999999275        1.6349618558344718     
   730.39999999999270        1.3988398056821429     
   731.19999999999266       0.62712216115937069     
   731.99999999999261      -0.32636019783324421     
   732.79999999999256       -1.2104476205266448     
   733.59999999999252       -1.6446849994164283     
   734.39999999999247       -1.3445514031005628     
   735.19999999999243      -0.54339738216793831     
   735.99999999999238       0.41411367601565663     
   736.79999999999234        1.2758215106295250     
   737.59999999999229        1.6477715450276886     
   738.39999999999225        1.2860891822169167     
   739.19999999999220       0.45850991108563077     
   739.99999999999216      -0.50125686223231425     
   740.79999999999211       -1.3370632515062684     
   741.59999999999206       -1.6442383980595163     
   742.39999999999202       -1.2237916821070003     
   743.19999999999197      -0.37266446096599837     
   743.99999999999193       0.58754985493594014     
   744.79999999999188        1.3937750667018798     
   745.59999999999184        1.6341608298033892     
   746.39999999999179        1.1579879817394887     
   747.19999999999175       0.28604458049091175     
   747.99999999999170      -0.67273497115955916     
   748.79999999999166       -1.4455732321012107     
   749.59999999999161       -1.6176688479546419     
   750.39999999999156       -1.0889924818580163     
   751.19999999999152      -0.19881087925595264     
   751.99999999999147       0.75654036979124339     
   752.79999999999143        1.4920976776528065     
   753.59999999999138        1.5949414833778552     
   754.39999999999134        1.0171022377279653     
   755.19999999999129       0.11110323058336846     
   755.99999999999125      -0.83868136559452400     
   756.79999999999120       -1.5330196893789494     
   757.59999999999116       -1.5661999903331030     
   758.39999999999111      -0.94259718816053484     
   759.19999999999106       -2.3047160207934181E-002
   759.99999999999102       0.91885913031228761     
   760.79999999999097        1.5680477973392670     
   761.59999999999093        1.5317009545519271     
   762.39999999999088       0.86574276089407964     
   763.19999999999084       -6.5236570392828264E-002
   763.99999999999079      -0.99675760630862198     
   764.79999999999075       -1.5969325020456893     
   765.59999999999070       -1.4917298982026059     
   766.39999999999065      -0.78679357924809401     
   767.19999999999061       0.15362106455724589     
   767.99999999999056        1.0720402494480803     
   768.79999999999052        1.6194705888191119     
   769.59999999999047        1.4465954051806811     
   770.39999999999043       0.70599664308660770     
   771.19999999999038      -0.24196328833972058     
   771.99999999999034       -1.1443484408949971     
   772.79999999999029       -1.6355094358022169     
   773.59999999999025       -1.3966233525188643     
   774.39999999999020      -0.62359254550346088     
   775.19999999999015       0.33009690198954678     
   775.99999999999011        1.2133030250945962     
   776.79999999999006        1.6449511405066739     
   777.59999999999002        1.3421507252386657     
   778.39999999998997       0.53981397885455085     
   779.19999999998993      -0.41782905555256056     
   779.99999999998988       -1.2785095754446569     
   780.79999999998984       -1.6477557558979035     
   781.59999999998979       -1.2835187641260331     
   782.39999999998975      -0.45488179215241287     
   783.19999999998970       0.50494115020942720     
   783.99999999998965        1.3395669368964989     
   784.79999999998961        1.6439427057843174     
   785.59999999998956        1.2210657375246543     
   786.39999999998952       0.36899987711233706     
   787.19999999998947      -0.59119243665175480     
   787.99999999998943       -1.3960777150140666     
   788.79999999998938       -1.6335896776811925     
   789.59999999998934       -1.1551201918118279     
   790.39999999998929      -0.28235081931733974     
   791.19999999998925       0.67632456973203314     
   791.99999999998920        1.4476590071857700     
   792.79999999998915        1.6168288891468461     
   793.59999999998911        1.0859958248038555     
   794.39999999998906       0.19509427217990105     
   795.19999999998902      -0.76006515517790740     
   795.99999999998897       -1.4939519327636850     
   796.79999999998893       -1.5938413064737558     
   797.59999999998888       -1.0139889402595743     
   798.39999999998884      -0.10736934212997506     
   799.19999999998879       0.84212895038919333     
