   0.0000000000000000       -1.3904044872285954     
  0.80000000000000004       0.51525980052409204     
   1.6000000000000001        1.8531008078711946     
   2.4000000000000004        1.3139919953925654     
   3.2000000000000002      -0.51732620165114063     
   4.0000000000000000       -2.0133485270846978     
   4.7999999999999998       -1.5612458119407306     
   5.5999999999999996       0.44769979370967805     
   6.3999999999999995        2.3365477066143074     
   7.1999999999999993        1.9722813287889731     
   7.9999999999999991      -0.31258764761717561     
   8.7999999999999989       -2.6504104400298161     
   9.5999999999999996       -2.3417754960073158     
   10.400000000000000       0.20126898061880061     
   11.200000000000001        2.8572759570359838     
   12.000000000000002        2.5738550666675746     
   12.800000000000002       -8.0533561196501680E-002
   13.600000000000003       -2.8365597479286899     
   14.400000000000004       -2.7404050492518057     
   15.200000000000005      -0.22554003320515381     
   16.000000000000004        2.4672939712653044     
   16.800000000000004        2.9128826727555444     
   17.600000000000005       0.77160975396333820     
   18.400000000000006       -1.7648244407339697     
   19.200000000000006       -2.8935308245166533     
   20.000000000000007       -1.4283234922054053     
   20.800000000000008       0.76641321575681398     
   21.600000000000009        2.3738574776467387     
   22.400000000000009        2.1234347400451412     
   23.200000000000010       0.57830447323214407     
   24.000000000000011       -1.1215793876060791     
   24.800000000000011       -2.1877964559200147     
   25.600000000000012       -1.7833018457440564     
   26.400000000000013      -0.39801873137836341     
   27.200000000000014        1.2067917225101581     
   28.000000000000014        2.2301468645902762     
   28.800000000000015        1.7096167850316888     
   29.600000000000016       0.13988364398312436     
   30.400000000000016       -1.6507545620706785     
   31.200000000000017       -2.4479047851376192     
   32.000000000000014       -1.3505842230105902     
   32.800000000000011       0.64181519136482135     
   33.600000000000009        2.4044709674363607     
   34.400000000000006        2.2484957622163506     
   35.200000000000003       0.43775142259814048     
   36.000000000000000       -1.7347370181555624     
   36.799999999999997       -2.7213495102317227     
   37.599999999999994       -1.3765999146884220     
   38.399999999999991       0.85521405847085852     
   39.199999999999989        2.6104814954232651     
   39.999999999999986        2.1427378812969664     
   40.799999999999983       0.19992102318261074     
   41.599999999999980       -1.8743461677666446     
   42.399999999999977       -2.6171512089747839     
   43.199999999999974       -1.2655692511689569     
   43.999999999999972       0.80188215971565358     
   44.799999999999969        2.4267235031346930     
   45.599999999999966        2.1410665916975464     
   46.399999999999963       0.43485602995204520     
   47.199999999999960       -1.5150566876965250     
   47.999999999999957       -2.5247491991260373     
   48.799999999999955       -1.5648988861385362     
   49.599999999999952       0.31777036187765484     
   50.399999999999949        2.0932052973225783     
   51.199999999999946        2.3728917591521768     
   51.999999999999943       0.92736712471137750     
   52.799999999999940       -1.0662842281362770     
   53.599999999999937       -2.4934690783860654     
   54.399999999999935       -1.9387474681128190     
   55.199999999999932      -0.11666576499342218     
   55.999999999999929        1.8460054713249350     
   56.799999999999926        2.5528282484335247     
   57.599999999999923        1.2454871277313344     
   58.399999999999920      -0.81850676011384249     
   59.199999999999918       -2.4703081138418579     
   59.999999999999915       -2.1381929843356193     
   60.799999999999912      -0.34164418888724501     
   61.599999999999909        1.6950545365689877     
   62.399999999999906        2.6084106598845058     
   63.199999999999903        1.4136374147123121     
   63.999999999999901      -0.63179730389030420     
   64.799999999999898       -2.3714762294694829     
   65.599999999999895       -2.2555125638708917     
   66.399999999999892      -0.56105048452813566     
   67.199999999999889        1.4722391938719386     
   67.999999999999886        2.5898028279540792     
   68.799999999999883        1.6156861209768887     
   69.599999999999881      -0.34213382866900877     
   70.399999999999878       -2.1700873682724207     
   71.199999999999875       -2.3926817670667373     
   71.999999999999872      -0.86383032727650799     
   72.799999999999869        1.1702516345402183     
   73.599999999999866        2.5416865046334554     
   74.399999999999864        1.8666152177429929     
   75.199999999999861       -3.2974018107534420E-005
   75.999999999999858       -1.9289713772743822     
   76.799999999999855       -2.5159053299614644     
   77.599999999999852       -1.1602605214076593     
   78.399999999999849       0.88144644693167828     
   79.199999999999847        2.4677584692141648     
   79.999999999999844        2.0872714771177847     
   80.799999999999841       0.30459443377161599     
   81.599999999999838       -1.6968973534262954     
   82.399999999999835       -2.5829227042017147     
   83.199999999999832       -1.4044169203451171     
   83.999999999999829       0.61776516297137518     
   84.799999999999827        2.3515656095717246     
   85.599999999999824        2.2592025660537605     
   86.399999999999821       0.57992968562094616     
   87.199999999999818       -1.4562579992258158     
   87.999999999999815       -2.5933708536137967     
   88.799999999999812       -1.6284292138344989     
   89.599999999999810       0.33742276849224351     
   90.399999999999807        2.1791971093573830     
   91.199999999999804        2.4009498515984631     
   91.999999999999801       0.85678259195451556     
   92.799999999999798       -1.1921287135793830     
   93.599999999999795       -2.5580019442062421     
   94.399999999999793       -1.8519324850932890     
   95.199999999999790        3.4346535450392235E-002
   95.999999999999787        1.9619392562046112     
   96.799999999999784        2.5099512935773518     
   97.599999999999781        1.1274133050758313     
   98.399999999999778      -0.91807154872611174     
   99.199999999999775       -2.4805236693660784     
   99.999999999999773       -2.0614282538185789     
   100.79999999999977      -0.26882748188220629     
   101.59999999999977        1.7216419272391572     
   102.39999999999976        2.5740733052384108     
   103.19999999999976        1.3795874953416507     
   103.99999999999976      -0.63943683398546103     
   104.79999999999976       -2.3574975694785363     
   105.59999999999975       -2.2444520725495374     
   106.39999999999975      -0.56226126267070931     
   107.19999999999975        1.4682191664739339     
   107.99999999999974        2.5909614752941419     
   108.79999999999974        1.6167040838827922     
   109.59999999999974      -0.35050111866312883     
   110.39999999999974       -2.1877675039008979     
   111.19999999999973       -2.3952762184800562     
   111.99999999999973      -0.84370717262153527     
   112.79999999999973        1.2068622031837311     
   113.59999999999972        2.5630512500859388     
   114.39999999999972        1.8402491654229787     
   115.19999999999972       -5.3922923809957668E-002
   115.99999999999972       -1.9792841670367565     
   116.79999999999971       -2.5058051892273800     
   117.59999999999971       -1.1086798173356502     
   118.39999999999971       0.94018303880739484     
   119.19999999999970        2.4899466544192030     
   119.99999999999970        2.0460015853500968     
   120.79999999999970       0.24394106871789623     
   121.59999999999970       -1.7426046301666385     
   122.39999999999969       -2.5706427918981491     
   123.19999999999969       -1.3592180174393165     
   123.99999999999969       0.66241730964867251     
   124.79999999999968        2.3684555068664013     
   125.59999999999968        2.2304081790468757     
   126.39999999999968       0.53983757427865875     
   127.19999999999968       -1.4870184926409591     
   127.99999999999967       -2.5901741888429859     
   128.79999999999967       -1.5996266693876886     
   129.59999999999968       0.37085534070597270     
   130.39999999999969        2.2001185762074860     
   131.19999999999970        2.3856782069842728     
   131.99999999999972       0.82517782967925424     
   132.79999999999973       -1.2243245847234272     
   133.59999999999974       -2.5661521227417703     
   134.39999999999975       -1.8258434983040153     
   135.19999999999976        7.3912353014774501E-002
   135.99999999999977        1.9945906470529100     
   136.79999999999978        2.5000271236840645     
   137.59999999999980        1.0910655432585297     
   138.39999999999981      -0.95930048062526030     
   139.19999999999982       -2.4971653587859630     
   139.99999999999983       -2.0322419036687314     
   140.79999999999984      -0.22242421267285462     
   141.59999999999985        1.7608759991283951     
   142.39999999999986        2.5677607540638734     
   143.19999999999987        1.3411963184775360     
   143.99999999999989      -0.68355467851087104     
   144.79999999999990       -2.3792405643759378     
   145.59999999999991       -2.2176111113429959     
   146.39999999999992      -0.51812502969014052     
   147.19999999999993        1.5062192194853612     
   147.99999999999994        2.5900851475496616     
   148.79999999999995        1.5823195501392862     
   149.59999999999997      -0.39237082035986415     
   150.39999999999998       -2.2135306414255482     
   151.19999999999999       -2.3755360341863865     
   152.00000000000000      -0.80522685508336211     
   152.80000000000001        1.2430739516704463     
   153.60000000000002        2.5691462861969452     
   154.40000000000003        1.8103128676762767     
   155.20000000000005       -9.4944973765141549E-002
   156.00000000000006       -2.0101011710901990     
   156.80000000000007       -2.4934219905710733     
   157.60000000000008       -1.0728639930666146     
   158.40000000000009       0.97832487349818509     
   159.20000000000010        2.5036915999943794     
   160.00000000000011        2.0182838359521482     
   160.80000000000013       0.20130224667867536     
   161.60000000000014       -1.7784455751050543     
   162.40000000000015       -2.5645450851206681     
   163.20000000000016       -1.3236098162725969     
   164.00000000000017       0.70396751526995205     
   164.80000000000018        2.3894809015033180     
   165.60000000000019        2.2050666437392183     
   166.40000000000020       0.49690156275901787     
   167.20000000000022       -1.5250931903074423     
   168.00000000000023       -2.5899564919881346     
   168.80000000000024       -1.5652228754175781     
   169.60000000000025       0.41378016508562632     
   170.40000000000026        2.2269008241386263     
   171.20000000000027        2.3653095687919667     
   172.00000000000028       0.78508476580950703     
   172.80000000000030       -1.2620596569942910     
   173.60000000000031       -2.5720556902090150     
   174.40000000000032       -1.7945156331517258     
   175.20000000000033       0.11628867812368537     
   176.00000000000034        2.0256925267475960     
   176.80000000000035        2.4864706766560207     
   177.60000000000036        1.0543397135154935     
   178.40000000000038      -0.99746662932150398     
   179.20000000000039       -2.5099428644036652     
   180.00000000000040       -2.0040794516567866     
   180.80000000000041      -0.18009793892535297     
   181.60000000000042        1.7958720072496934     
   182.40000000000043        2.5610122741525077     
   183.20000000000044        1.3059845896440394     
   184.00000000000045      -0.72419821392793082     
   184.80000000000047       -2.3993694687638736     
   185.60000000000048       -2.1924272513645056     
   186.40000000000049      -0.47576366579283791     
   187.20000000000050        1.5438022740160213     
   188.00000000000051        2.5896079022184759     
   188.80000000000052        1.5481616816446033     
   189.60000000000053      -0.43505623480045030     
   190.40000000000055       -2.2400441357255572     
   191.20000000000056       -2.3549391713102059     
   192.00000000000057      -0.76489243472665769     
   192.80000000000058        1.2810410753188652     
   193.60000000000059        2.5747770248758295     
   194.40000000000060        1.7786249749160237     
   195.20000000000061      -0.13767474901597776     
   196.00000000000063       -2.0411883989143829     
   196.80000000000064       -2.4792784602986249     
   197.60000000000065       -1.0356785310593759     
   198.40000000000066        1.0166184034649883     
   199.20000000000067        2.5159618630073637     
   200.00000000000068        1.9897289603087165     
   200.80000000000069       0.15884348411107840     
   201.60000000000070       -1.8132072195619562     
   202.40000000000072       -2.5572217272747428     
   203.20000000000073       -1.2882880908560765     
   204.00000000000074       0.74434829962703741     
   204.80000000000075        2.4089881309750969     
   205.60000000000076        2.1796469834675074     
   206.40000000000077       0.45460146192141626     
   207.20000000000078       -1.5624376178873607     
   208.00000000000080       -2.5890260563498675     
   208.80000000000081       -1.5310562898231099     
   209.60000000000082       0.45626383945788618     
   210.40000000000083        2.2529651246443354     
   211.20000000000084        2.3443807176244120     
   212.00000000000085       0.74462074468273620     
   212.80000000000086       -1.3000067349754270     
   213.60000000000088       -2.5772769078798188     
   214.40000000000089       -1.7626438716399562     
   215.20000000000090       0.15906292948147915     
   216.00000000000091        2.0565391187270419     
   216.80000000000092        2.4718499278338237     
   217.60000000000093        1.0169199407281986     
   218.40000000000094       -1.0357375779609086     
   219.20000000000095       -2.5217383959110791     
   220.00000000000097       -1.9752667438507827     
   220.80000000000098      -0.13757772712792371     
   221.60000000000099        1.8304315314048936     
   222.40000000000100        2.5531907798602158     
   223.20000000000101        1.2705376272260405     
   224.00000000000102      -0.76441680116545863     
   224.80000000000103       -2.4183500553236827     
   225.60000000000105       -2.1667355032821636     
   226.40000000000106      -0.43340872154735210     
   227.20000000000107        1.5810135914512822     
   228.00000000000108        2.5882171537766365     
   228.80000000000109        1.5138949328059179     
   229.60000000000110      -0.47742086059212574     
   230.40000000000111       -2.2656725743045696     
   231.20000000000113       -2.3336276792127753     
   232.00000000000114      -0.72425469608370419     
   232.80000000000115        1.3189669183133339     
   233.60000000000116        2.5795517244885762     
   234.40000000000117        1.7465641917009551     
   235.20000000000118      -0.18045595708965956     
   236.00000000000119       -2.0717377770803891     
   236.80000000000121       -2.4641808858982612     
   237.60000000000122      -0.99806243025232710     
   238.40000000000123        1.0548211448801430     
   239.20000000000124        2.5272681085675242     
   240.00000000000125        1.9606971207513566     
   240.80000000000126       0.11631012912271332     
   241.60000000000127       -1.8475338989281196     
   242.40000000000128       -2.5489205268620823     
   243.20000000000130       -1.2527386429405503     
   244.00000000000131       0.78439799653656483     
   244.80000000000132        2.4274536889802212     
   245.60000000000133        2.1537011531871935     
   246.40000000000134       0.41219352289177924     
   247.20000000000135       -1.5995248389363976     
   248.00000000000136       -2.5871833727196525     
   248.80000000000138       -1.4966811712570665     
   249.60000000000139       0.49852494715764162     
   250.40000000000140        2.2781652519341886     
   251.20000000000141        2.3226847187267388     
   252.00000000000142       0.70379457216870600     
   252.80000000000143       -1.3379242605270627     
   253.60000000000144       -2.5816030153630489     
   254.40000000000146       -1.7303850380071157     
   255.20000000000147       0.20185573658720424     
   256.00000000000148        2.0867830103468683     
   256.80000000000149        2.4562708314986947     
   257.60000000000150       0.97910088649519711     
   258.40000000000151       -1.0738744336852797     
   259.20000000000152       -2.5325517218729257     
   260.00000000000153       -1.9460189516399207     
   260.80000000000155       -9.5040365556915640E-002
   261.60000000000156        1.8645105230664967     
   262.40000000000157        2.5444094697753021     
   263.20000000000158        1.2348894843039298     
   264.00000000000159      -0.80429135726508383     
   264.80000000000160       -2.4362972132536651     
   265.60000000000161       -2.1405481253887291     
   266.40000000000163      -0.39096177376668906     
   267.20000000000164        1.6179645923069474     
   268.00000000000165        2.5859243444918070     
   268.80000000000166        1.4794189825705719     
   269.60000000000167      -0.51957040825182688     
   270.40000000000168       -2.2904386165327018     
   271.20000000000169       -2.3115578073535596     
   272.00000000000171      -0.68324488791719107     
   272.80000000000172        1.3568772471513046     
   273.60000000000173        2.5834320487709976     
   274.40000000000174        1.7141086910078129     
   275.20000000000175      -0.22326093379128742     
   276.00000000000176       -2.1016724023077398     
   276.80000000000177       -2.4481212323588633     
   277.60000000000178      -0.96003191119684539     
   278.40000000000180        1.0929028061649944     
   279.20000000000181        2.5375912358484660     
   280.00000000000182        1.9312312449693727     
   280.80000000000183        7.3766752380793665E-002
   281.60000000000184       -1.8813594886766372     
   282.40000000000185       -2.5396563344281540     
   283.20000000000186       -1.2169867439357462     
   284.00000000000188       0.82409867895324052     
   284.80000000000189        2.4448798498901634     
   285.60000000000190        2.1272791006742660     
   286.40000000000191       0.36971750534716685     
   287.20000000000192       -1.6363269574517587     
   288.00000000000193       -2.5844390800879142     
   288.80000000000194       -1.4621112819244935     
   289.60000000000196       0.54055192029941002     
   290.40000000000197        2.3024878092025336     
   291.20000000000198        2.3002526779919323     
   292.00000000000199       0.66261079519283195     
   292.80000000000200       -1.3758231276761070     
   293.60000000000201       -2.5850395787520428     
   294.40000000000202       -1.6977381812134604     
   295.20000000000203       0.24466890576375078     
   296.00000000000205        2.1164026668427605     
   296.80000000000206        2.4397341986903420     
   297.60000000000207       0.94085321595938032     
   298.40000000000208       -1.1119109213022078     
   299.20000000000209       -2.5423887560697196     
   300.00000000000210       -1.9163334393791840     
   300.80000000000211       -5.2487738102881654E-002
   301.60000000000213        1.8980791381144231     
   302.40000000000214        2.5346601445687762     
   303.20000000000215        1.1990266827134990     
   304.00000000000216      -0.84382255396855621     
   304.80000000000217       -2.4532013951354088     
   305.60000000000218       -2.1138962645318062     
   306.40000000000219      -0.34846396467237373     
   307.20000000000221        1.6546065404665034     
   308.00000000000222        2.5827265064541280     
   308.80000000000223        1.4447603505562996     
   309.60000000000224      -0.56146470158379502     
   310.40000000000225       -2.3143082152272347     
   311.20000000000226       -2.2887749163267963     
   312.00000000000227      -0.64189759043891437     
   312.80000000000229        1.3947586375406513     
   313.60000000000230        2.5864260979203664     
   314.40000000000231        1.6812767555039523     
   315.20000000000232      -0.26607646323387146     
   316.00000000000233       -2.1309701078696754     
   316.80000000000234       -2.4311121674157077     
   317.60000000000235      -0.92156313029824588     
   318.40000000000236        1.1309029699052773     
   319.20000000000238        2.5469463347777008     
   320.00000000000239        1.9013251767658415     
   320.80000000000240        3.1201900105932934E-002
   321.60000000000241       -1.9146678581058316     
   322.40000000000242       -2.5294200822351329     
   323.20000000000243       -1.1810053827093403     
   324.00000000000244       0.86346604201587795     
   324.80000000000246        2.4612619822749702     
   325.60000000000247        2.1004014705494978     
   326.40000000000248       0.32720392988261926     
   327.20000000000249       -1.6727982168722875     
   328.00000000000250       -2.5807855267594335     
   328.80000000000251       -1.4273680382453777     
   329.60000000000252       0.58230438288549702     
   330.40000000000254        2.3258954855804097     
   331.20000000000255        2.2771300547603990     
   332.00000000000256       0.62111073710174702     
   332.80000000000257       -1.4136800737136808     
   333.60000000000258       -2.5875919346961798     
   334.40000000000259       -1.6647278358606781     
   335.20000000000260       0.28748000768222681     
   336.00000000000261        2.1453707604363146     
   336.80000000000263        2.4222578857453083     
   337.60000000000264       0.90216050654589575     
   338.40000000000265       -1.1498827533512355     
   339.20000000000266       -2.5512659767524379     
   340.00000000000267       -1.8862062421080679     
   340.80000000000268       -9.9078961171858992E-003
   341.60000000000269        1.9311240813526462     
   342.40000000000271        2.5239354506979823     
   343.20000000000272        1.1629187453585814     
   344.00000000000273      -0.88303262961143902     
   344.80000000000274       -2.4690620210565402     
   345.60000000000275       -2.0867962373741902     
   346.40000000000276      -0.30593973664320773     
   347.20000000000277        1.6908971043642917     
   348.00000000000279        2.5786150126125920     
   348.80000000000280        1.4099357805025321     
   349.60000000000281      -0.60306699515095397     
   350.40000000000282       -2.3372455321011656     
   351.20000000000283       -2.2653235648284320     
   352.00000000000284      -0.60025585685091376     
   352.80000000000285        1.4325833058653428     
   353.60000000000286        2.5885372717585611     
   354.40000000000288        1.6480950128177221     
   355.20000000000289      -0.30887554976802378     
   356.00000000000290       -2.1596004195803253     
   356.80000000000291       -2.4131744249907681     
   357.60000000000292      -0.88264473772952856     
   358.40000000000293        1.1688536576925732     
   359.20000000000294        2.5553496371697948     
   360.00000000000296        1.8709765854583942     
   360.80000000000297       -1.1395507218878942E-002
   361.60000000000298       -1.9474462686417076     
   362.40000000000299       -2.5182056844982705     
   363.20000000000300       -1.1447625217460879     
   364.00000000000301       0.90252620297170583     
   364.80000000000302        2.4766021779986351     
   365.60000000000304        2.0730817495819442     
   366.40000000000305       0.28467326701089979     
   367.20000000000306       -1.7088985861871526     
   368.00000000000307       -2.5762138036167137     
   368.80000000000308       -1.3924645753734453     
   369.60000000000309       0.62374900831153779     
   370.40000000000310        2.3483545440077727     
   371.20000000000312        2.2533608174782045     
   372.00000000000313       0.57933867815490325     
   372.80000000000314       -1.4514638103546229     
   373.60000000000315       -2.5892621496775456     
   374.40000000000316       -1.6313820163730530     
   375.20000000000317       0.33025873447956799     
   376.00000000000318        2.1736546575265634     
   376.80000000000319        2.4038651823387167     
   377.60000000000321       0.86301578110640231     
   378.40000000000322       -1.1878186084165747     
   379.20000000000323       -2.5591992078714192     
   380.00000000000324       -1.8556363570656778     
   380.80000000000325        3.2709380087667439E-002
   381.60000000000326        1.9636328716161373     
   382.40000000000327        2.5122303688538303     
   383.20000000000329        1.1265323646082368     
   384.00000000000330      -0.92195100393511953     
   384.80000000000331       -2.4838833580281698     
   385.60000000000332       -2.0592588737884543     
   386.40000000000333      -0.26340594982330057     
   387.20000000000334        1.7267983332337569     
   388.00000000000335        2.5735807135560664     
   388.80000000000337        1.3749549632728126     
   389.60000000000338      -0.64434737448425561     
   390.40000000000339       -2.3592190096585837     
   391.20000000000340       -2.2412470404608111     
   392.00000000000341      -0.55836497306502908     
   392.80000000000342        1.4703167181478682     
   393.60000000000343        2.5897664714031121     
   394.40000000000344        1.6145926750622419     
   395.20000000000346      -0.35162488086875165     
   396.00000000000347       -2.1875288478676937     
   396.80000000000348       -2.3943338736830886     
   397.60000000000349      -0.84327417085548184     
   398.40000000000350        1.2067800298470961     
   399.20000000000351        2.5628165014053659     
   400.00000000000352        1.8401859386147339     
   400.80000000000354       -5.4034573949370390E-002
   401.60000000000355       -1.9796822911895231     
   402.40000000000356       -2.5060092595543551     
   403.20000000000357       -1.1082238867179921     
   404.00000000000358       0.94131157666414245     
   404.80000000000359        2.4909066833449582     
   405.60000000000360        2.0453281827704037     
   406.40000000000362       0.24213877248505034     
   407.20000000000363       -1.7445923178260807     
   408.00000000000364       -2.5707145384340313     
   408.80000000000365       -1.3574070147610162     
   409.60000000000366       0.66485956457950968     
   410.40000000000367        2.3698357355544637     
   411.20000000000368        2.2289872783484426     
   412.00000000000369       0.53734049335510470     
   412.80000000000371       -1.4891368679173169     
   413.60000000000372       -2.5900500086009015     
   414.40000000000373       -1.5977308706170250     
   415.20000000000374       0.37296903059993314     
   416.00000000000375        2.2012181960118076     
   416.80000000000376        2.3845845210832963     
   417.60000000000377       0.82342102122054395     
   418.40000000000379       -1.2257398118507641     
   419.20000000000380       -2.5662032361003289     
   420.00000000000381       -1.8246259690915456     
   420.80000000000382        7.5371669895963889E-002
   421.60000000000383        1.9955928369528104     
   422.40000000000384        2.4995423026545218     
   423.20000000000385        1.0898327209249492     
   424.00000000000387      -0.96061270988392988     
   424.80000000000388       -2.4976734707943482     
   425.60000000000389       -2.0312899843012664     
   426.40000000000390      -0.22087230089825827     
   427.20000000000391        1.7622768201150363     
   428.00000000000392        2.5676140649610439     
   428.80000000000393        1.3398203252540255     
   429.60000000000394      -0.68528359745812528     
   430.40000000000396       -2.3802018610062334     
   431.20000000000397       -2.2165863555737499     
   432.00000000000398      -0.51627090832918121     
   432.80000000000399        1.5079188614572563     
   433.60000000000400        2.5901124090532601     
   434.40000000000401        1.5808004904391006     
   435.20000000000402      -0.39428600236655020     
   436.00000000000404       -2.2147177739917034     
   436.80000000000405       -2.3746214357927116     
   437.60000000000406      -0.80345802148842527     
   438.40000000000407        1.2446992835208754     
   439.20000000000408        2.5693610227174966     
   440.00000000000409        1.8089573655165041     
   440.80000000000410       -9.6720931743250693E-002
   441.60000000000412       -2.0113626889864760     
   442.40000000000413       -2.4928296540932249     
   443.20000000000414       -1.0713545807365439     
   444.00000000000415       0.97985937618468877     
   444.80000000000416        2.5041852085893286     
   445.60000000000417        2.0171443537543210     
   446.40000000000418       0.19960670625053312     
   447.20000000000420       -1.7798484278783802     
   448.00000000000421       -2.5642780794347377     
   448.80000000000422       -1.3221940161065344     
   449.60000000000423       0.70561806184189546     
   450.40000000000424        2.3903148684827702     
   451.20000000000425        2.2040488426992946     
   452.00000000000426       0.49516174501730892     
   452.80000000000427       -1.5266571203699615     
   453.60000000000429       -2.5899532046718274     
   454.40000000000430       -1.5638053787138828     
   455.20000000000431       0.41557045087276756     
   456.00000000000432        2.2280225584718205     
   456.80000000000433        2.3644491969990358     
   457.60000000000434       0.78338742321182830     
   458.40000000000435       -1.2636591938128456     
   459.20000000000437       -2.5722913527200397     
   460.00000000000438       -1.7931813384320356     
   460.80000000000439       0.11808226443425962     
   461.60000000000440        2.0269898628121190     
   462.40000000000441        2.4858716990895631     
   463.20000000000442        1.0527853207887270     
   464.00000000000443      -0.99905666910930457     
   464.80000000000445       -2.5104435327441479     
   465.60000000000446       -2.0028911699843852     
   466.40000000000447      -0.17834179811886131     
   467.20000000000448        1.7973040300324417     
   468.00000000000449        2.5607053771785604     
   468.80000000000450        1.3045267419602777     
   469.60000000000451      -0.72586213096927210     
   470.40000000000452       -2.4001725898226738     
   471.20000000000454       -2.1913790263452109     
   472.00000000000455      -0.47401833149105932     
   472.80000000000456        1.5453459431719743     
   473.60000000000457        2.5895718198896258     
   474.40000000000458        1.5467492868844710     
   475.20000000000459      -0.43681692936614569     
   476.00000000000460       -2.2411274710615139     
   476.80000000000462       -2.3540726263981853     
   477.60000000000463      -0.76321201986732157     
   478.40000000000464        1.2826196993157664     
   479.20000000000465        2.5749955881974529     
   480.00000000000466        1.7772994018686341     
   480.80000000000467      -0.13945517847410627     
   481.60000000000468       -2.0424721782051409     
   482.40000000000470       -2.4786690709958785     
   483.20000000000471       -1.0341209964555855     
   484.00000000000472        1.0182097387178388     
   484.80000000000473        2.5164502034421306     
   485.60000000000474        1.9885301539568863     
   486.40000000000475       0.15707706339078875     
   487.20000000000476       -1.8146408041142186     
   488.00000000000477       -2.5568947726865607     
   488.80000000000479       -1.2868167043049576     
   489.60000000000480       0.74601556992721707     
   490.40000000000481        2.4097732084920906     
   491.20000000000482        2.1785808832367888     
   492.00000000000483       0.45284574409045319     
   492.80000000000484       -1.5639795619249712     
   493.60000000000485       -2.5889675802647067     
   494.40000000000487       -1.5296358242661670     
   495.20000000000488       0.45801995466029721     
   496.00000000000489        2.2540274200692263     
   496.80000000000490        2.3434967588392173     
   497.60000000000491       0.74293511922603739     
   498.40000000000492       -1.3015803593146307     
   499.20000000000493       -2.5774749534982195     
   500.00000000000495       -1.7613133775509611     
   500.80000000000496       0.16083876110747397     
   501.60000000000497        2.0578072325681473     
   502.40000000000498        2.4712226692271098     
   503.20000000000499        1.0153579217809248     
   504.00000000000500       -1.0373237263742050     
   504.80000000000501       -2.5222070815289981     
   505.60000000000502       -1.9740609095194945     
   506.40000000000504      -0.13581171041387408     
   507.20000000000505        1.8318561980675523     
   508.00000000000506        2.5528451105918895     
   508.80000000000507        1.2690616711374951     
   509.60000000000508      -0.76607873564814666     
   510.40000000000509       -2.4191152580985280     
   511.20000000000510       -2.1656580587815197     
   512.00000000000512      -0.43164875932235547     
   512.80000000000507        1.5825521974857224     
   513.60000000000502        2.5881397211532784     
   514.40000000000498        1.5124684096017722     
   515.20000000000493      -0.47917407353866959     
   516.00000000000489       -2.2667173428310319     
   516.80000000000484       -2.3327268093854525     
   517.60000000000480      -0.72256050884388823     
   518.40000000000475        1.3205401381982595     
   519.20000000000471        2.5797305286155972     
   520.00000000000466        1.7452253931959170     
   520.80000000000462      -0.18223165486006532     
   521.60000000000457       -2.0729923794865184     
   522.40000000000452       -2.4635336758568185     
   523.20000000000448      -0.99649272489999419     
   524.00000000000443        1.0564036995279427     
   524.80000000000439        2.5277161053062032     
   525.60000000000434        1.9594829656647281     
   526.40000000000430       0.11454471769865315     
   527.20000000000425       -1.8489479067604992     
   528.00000000000421       -2.5485552775542573     
   528.80000000000416       -1.2512590025317836     
   529.60000000000412       0.78605256964148862     
   530.40000000000407        2.4281976174049138     
   531.20000000000402        2.1526138505121537     
   532.00000000000398       0.41043181112195426     
   532.80000000000393       -1.6010581124962846     
   533.60000000000389       -2.5870873963375209     
   534.40000000000384       -1.4952502243462258     
   535.20000000000380       0.50027392941905346     
   536.00000000000375        2.2791922477686359     
   536.80000000000371        2.3217681372286787     
   537.60000000000366       0.70209241519784871     
   538.40000000000362       -1.3394974151585488     
   539.20000000000357       -2.5817632443519889     
   540.00000000000352       -1.7290378748520241     
   540.80000000000348       0.20363204394989687     
   541.60000000000343        2.0880247129848164     
   542.40000000000339        2.4556035704528294     
   543.20000000000334       0.97752240012231306     
   544.00000000000330       -1.0754545872847836     
   544.80000000000325       -2.5329792677887335     
   545.60000000000321       -1.9447958195946016     
   546.40000000000316       -9.3274886414495217E-002
   547.20000000000312        1.8659138437602907     
   548.00000000000307        2.5440242151363295     
   548.80000000000302        1.2334056818481798     
   549.60000000000298      -0.80593858362712756     
   550.40000000000293       -2.4370195021301750     
   551.20000000000289       -2.1394511966430656     
   552.00000000000284      -0.38919895406204885     
   552.80000000000280        1.6194916613063168     
   553.60000000000275        2.5858096865240610     
   554.40000000000271        1.4779841684184820     
   555.20000000000266      -0.52131432820076085     
   556.00000000000261       -2.2914472553898664     
   556.80000000000257       -2.3106262069587293     
   557.60000000000252      -0.68153545708393670     
   558.40000000000248        1.3584500010210663     
   559.20000000000243        2.5835738792530014     
   560.00000000000239        1.7127535333235342     
   560.80000000000234      -0.22503764893384326     
   561.60000000000230       -2.1029010578610290     
   562.40000000000225       -2.4474341427128028     
   563.20000000000221      -0.95844435588589061     
   564.00000000000216        1.0944811175319455     
   564.80000000000211        2.5379985945604000     
   565.60000000000207        1.9299989798982335     
   566.40000000000202        7.2000895893931549E-002
   567.20000000000198       -1.8827521089337469     
   568.00000000000193       -2.5392509337152926     
   568.80000000000189       -1.2154983522836176     
   569.60000000000184       0.82573883826293804     
   570.40000000000180        2.4455804538181707     
   571.20000000000175        2.1261726699375476     
   572.00000000000171       0.36795383305806895     
   572.80000000000166       -1.6378473360346442     
   573.60000000000161       -2.5843056076657218     
   574.40000000000157       -1.4606728191592635     
   575.20000000000152       0.54229030220588226     
   576.00000000000148        2.3034776374842068     
   576.80000000000143        2.2993065477865988     
   577.60000000000139       0.66089459403003969     
   578.40000000000134       -1.3773951619066920     
   579.20000000000130       -2.5851630582825873     
   580.00000000000125       -1.6963753448497412     
   580.80000000000121       0.24644572979193691     
   581.60000000000116        2.1176179663427481     
   582.40000000000111        2.4390275024797661     
   583.20000000000107       0.93925645783141065     
   584.00000000000102       -1.1134877563966044     
   584.80000000000098       -2.5427761223697720     
   585.60000000000093       -1.9150920091317607     
   586.40000000000089       -5.0721361268172505E-002
   587.20000000000084        1.8994609525584081     
   588.00000000000080        2.5342345274461957     
   588.80000000000075        1.1975333583558470     
   589.60000000000070      -0.84545591529081876     
   590.40000000000066       -2.4538803261082967     
   591.20000000000061       -2.1127804769625054     
   592.00000000000057      -0.34669965994207774     
   592.80000000000052        1.6561198081280610     
   593.60000000000048        2.5825741190949123     
   594.40000000000043        1.4433183941119032     
   595.20000000000039      -0.56319717126965507     
   596.00000000000034       -2.3152788538923161     
   596.80000000000030       -2.2878147113277691     
   597.60000000000025      -0.64017507048641686     
   598.40000000000020        1.3963296493633988     
   599.20000000000016        2.5865312531708398     
   600.00000000000011        1.6799065262673443     
   600.80000000000007      -0.26785309752698394     
   601.60000000000002       -2.1321717211624831     
   602.39999999999998       -2.4303860867109108     
   603.19999999999993      -0.91995706628897622     
   603.99999999999989        1.1324786507854459     
   604.79999999999984        2.5473138785803058     
   605.59999999999980        1.9000745650966095     
   606.39999999999975        2.9434892340614471E-002
   607.19999999999970       -1.9160387366573515     
   607.99999999999966       -2.5289741902560237     
   608.79999999999961       -1.1795067918871647     
   609.59999999999957       0.86509288344170043     
   610.39999999999952        2.4619192687181908     
   611.19999999999948        2.0992764627534810     
   611.99999999999943       0.32543919723299153     
   612.79999999999939       -1.6743039648094922     
   613.59999999999934       -2.5806141314907611     
   614.39999999999930       -1.4259227182271281     
   615.19999999999925       0.58403060005326313     
   615.99999999999920        2.3268465862880374     
   616.79999999999916        2.2761562286220189     
   617.59999999999911       0.61938235667481178     
   618.39999999999907       -1.4152497364600323     
   619.19999999999902       -2.5876787843392650     
   619.99999999999898       -1.6633505050182298     
   620.79999999999893       0.28925613415864682     
   621.59999999999889        2.1465583449830703     
   622.39999999999884        2.4215126630238366     
   623.19999999999879       0.90054506756107822     
   623.99999999999875       -1.1514575747180462     
   624.79999999999870       -2.5516138615908988     
   625.59999999999866       -1.8849464401326790     
   626.39999999999861       -8.1401527675124541E-003
   627.19999999999857        1.9324838943378044     
   627.99999999999852        2.5234692328154611     
   628.79999999999848        1.1614145419835458     
   629.59999999999843      -0.88465325852082932     
   630.39999999999839       -2.4696977094627650     
   631.19999999999834       -2.0856621208181987     
   631.99999999999829      -0.30417474929786947     
   632.79999999999825        1.6923949399304627     
   633.59999999999820        2.5784245147347944     
   634.39999999999816        1.4084871959974437     
   635.19999999999811      -0.60478665077243576     
   635.99999999999807       -2.3381767685275348     
   636.79999999999802       -2.2643365670728839     
   637.59999999999798      -0.59852208700112186     
   638.39999999999793        1.4341512592530536     
   639.19999999999789        2.5886058242773311     
   639.99999999999784        1.6467108844427372     
   640.79999999999779      -0.31065082083943341     
   641.59999999999775       -2.1607736159545183     
   642.39999999999770       -2.4124103294818786     
   643.19999999999766      -0.88101989846360107     
   643.99999999999761        1.1704278801297261     
   644.79999999999757        2.5556780223352757     
   645.59999999999752        1.8697075977642996     
   646.39999999999748       -1.3164081407204486E-002
   647.19999999999743       -1.9487948879553370     
   647.99999999999739       -2.5177191003942010     
   648.79999999999734       -1.1432523484498358     
   649.59999999999729       0.90414095814901141     
   650.39999999999725        2.4772163346261329     
   651.19999999999720        2.0719386083263465     
   651.99999999999716       0.28290816099380756     
   652.79999999999711       -1.7103881388430344     
   653.59999999999707       -2.5760041057375274     
   654.39999999999702       -1.3910127889516681     
   655.19999999999698       0.62546183063194483     
   655.99999999999693        2.3492656132208225     
   656.79999999999688        2.2523610879985618     
   657.59999999999684       0.57759999697292952     
   658.39999999999679       -1.4530296629436215     
   659.19999999999675       -2.5893124022184959     
   659.99999999999670       -1.6299914048882596     
   660.79999999999666       0.33203277365393746     
   661.59999999999661        2.1748130890333628     
   662.39999999999657        2.4030825103410680     
   663.19999999999652       0.86138156368858620     
   663.99999999999648       -1.1893924527683382     
   664.79999999999643       -2.5595082469656822     
   665.59999999999638       -1.8543582060730457     
   666.39999999999634        3.4478864825593813E-002
   667.19999999999629        1.9649701669578854     
   667.99999999999625        2.5117233914645252     
   668.79999999999620        1.1250158580273604     
   669.59999999999616      -0.92356025169036227     
   670.39999999999611       -2.4844760679934490     
   671.19999999999607       -2.0581067662524206     
   671.99999999999602      -0.26164082376948183     
   672.79999999999598        1.7282792570148620     
   673.59999999999593        2.5733517163407473     
   674.39999999999588        1.3734999988578989     
   675.19999999999584      -0.64605313336263359     
   675.99999999999579       -2.3601096342828427     
   676.79999999999575       -2.2402350054776590     
   677.59999999999570      -0.55662185957974253     
   678.39999999999566        1.4718800519630968     
   679.19999999999561        2.5897984099431310     
   679.99999999999557        1.6131959012412489     
   680.79999999999552      -0.35339728650832658     
   681.59999999999548       -2.1886721225591854     
   682.39999999999543       -2.3935329475534486     
   683.19999999999538      -0.84163064566257706     
   683.99999999999534        1.2083536737513012     
   684.79999999999529        2.5631063408242336     
   685.59999999999525        1.8388986672157110     
   686.39999999999520       -5.5805028459233741E-002
   687.19999999999516       -1.9810081262838541     
   687.99999999999511       -2.5054818768742373     
   688.79999999999507       -1.1067006827875523     
   689.59999999999502       0.94291570594971175     
   690.39999999999498        2.4914780488363717     
   691.19999999999493        2.0441671441594518     
   691.99999999999488       0.24037368909522905     
   692.79999999999484       -1.7460642922218201     
   693.59999999999479       -2.5704661414167642     
   694.39999999999475       -1.3559488568988727     
   695.19999999999470       0.66655807436671455     
   695.99999999999466        2.3707056653189227     
   696.79999999999461        2.2279633471507236     
   697.59999999999457       0.53559342209413630     
   698.39999999999452       -1.4906972431593892     
   699.19999999999447       -2.5900636085211008     
   699.99999999999443       -1.5963282575578062     
   700.79999999999438       0.37473938037478094     
   701.59999999999434        2.2023459094604392     
   702.39999999999429        2.3837656879041274     
   703.19999999999425       0.82176830669542600     
   703.99999999999420       -1.2273133872790294     
   704.79999999999416       -2.5664740138015176     
   705.59999999999411       -1.8233296425613510     
   706.39999999999407        7.7143128765706726E-002
   707.19999999999402        1.9969070661912782     
   707.99999999999397        2.4989945193667316     
   708.79999999999393        1.0883024599694295     
   709.59999999999388      -0.96221212726854044     
   710.39999999999384       -2.4982236091289729     
   711.19999999999379       -2.0301200292384580     
   711.99999999999375      -0.21910728898515797     
   712.79999999999370        1.7637395502615008     
   713.59999999999366        2.5673461672961770     
   714.39999999999361        1.3383589190010519     
   715.19999999999357      -0.68697471908377783     
   715.99999999999352       -2.3810508737897389     
   716.79999999999347       -2.2155509176052011     
   717.59999999999343      -0.51452034423879045     
   718.39999999999338        1.5094758212056272     
   719.19999999999334        2.5901076358002690     
   719.99999999999329        1.5793923595231303     
   720.79999999999325      -0.39605385803289050     
   721.59999999999320       -2.2158295123638849     
   722.39999999999316       -2.3737850657507251     
   723.19999999999311      -0.80179628333800257     
   723.99999999999307        1.2462728749267182     
   724.79999999999302        2.5696128671784590     
   725.59999999999297        1.8076520729827295     
   726.39999999999293       -9.8493401271754655E-002
   727.19999999999288       -2.0126651543832779     
   727.99999999999284       -2.4922614931811453     
   728.79999999999279       -1.0698169125046890     
   729.59999999999275       0.98145450069288387     
   730.39999999999270        2.5047142502521922     
   731.19999999999266        2.0159654791479564     
   731.99999999999261       0.19784176327110714     
   732.79999999999256       -1.7813016442393521     
   733.59999999999252       -2.5639905806594121     
   734.39999999999247       -1.3207292674162259     
   735.19999999999243       0.70730170429501960     
   735.99999999999238        2.3911427709826474     
   736.79999999999234        2.2030022649260794     
   737.59999999999229       0.49340813863553645     
   738.39999999999225       -1.5282101953186653     
   739.19999999999220       -2.5899300144479573     
   739.99999999999216       -1.5623920455107587     
   740.79999999999211       0.41733536334704824     
   741.59999999999206        2.2291179018048788     
   742.39999999999202        2.3635956814304033     
   743.19999999999197       0.78171687299682668     
   743.99999999999193       -1.2652328368504353     
   744.79999999999188       -2.5725243820398322     
   745.59999999999184       -1.7918671939097224     
   746.39999999999179       0.11985571944704065     
   747.19999999999175        2.0282803912621628     
   747.99999999999170        2.4852832034237728     
   748.79999999999166        1.0512399094405775     
   749.59999999999161       -1.0006479269226742     
   750.39999999999156       -2.5109516194244703     
   751.19999999999152       -2.0017033581359218     
   751.99999999999147      -0.17657689319180880     
   752.79999999999143        1.7987474875831078     
   753.59999999999138        2.5603981780249541     
   754.39999999999134        1.3030585185755164     
   755.19999999999129      -0.72753825218261481     
   755.99999999999125       -2.4009792178877927     
   756.79999999999120       -2.1903216509410659     
   757.59999999999116      -0.47226211441135346     
   758.39999999999111        1.5468946563582464     
   759.19999999999106        2.5895301603618033     
   759.99999999999102        1.5453310570387013     
   760.79999999999097      -0.43857844404094615     
   761.59999999999093       -2.2422059966867387     
   762.39999999999088       -2.3532023754985731     
   763.19999999999084      -0.76153291298173187     
   763.99999999999079        1.2841933801521810     
   764.79999999999075        2.5752099093374117     
   765.59999999999070        1.7759765448306295     
   766.39999999999065      -0.14122955966679274     
   767.19999999999061       -2.0437505790927153     
   767.99999999999056       -2.4780603048624799     
   768.79999999999052       -1.0325675254446156     
   769.59999999999047        1.0197975577827236     
   770.39999999999043        2.5169374860751321     
   771.19999999999038        1.9873333758711931     
   771.99999999999034       0.15531214076995492     
   772.79999999999029       -1.8160742810409329     
   773.59999999999025       -2.5565677759589196     
   774.39999999999020       -1.2853448371595932     
   775.19999999999015       0.74768417705528623     
   775.99999999999011        2.4105584271383593     
   776.79999999999006        2.1775130256276611     
   777.59999999999002       0.45108732478224534     
   778.39999999998997       -1.5655234333789934     
   779.19999999998993       -2.5889073912833673     
   779.99999999998988       -1.5282129894302032     
   780.79999999998984       0.45977761687787511     
   781.59999999998979        2.2550887061147638     
   782.39999999998975        2.3426101990612818     
   783.19999999998970       0.74124775228864470     
   783.99999999998965       -1.3031540145500831     
   784.79999999998961       -2.5776706616660046     
   785.59999999998956       -1.7599819730129698     
   786.39999999998952       0.16261397297701241     
   787.19999999998947        2.0590732957824009     
   787.99999999998943        2.4705937197617209     
   788.79999999998938        1.0137960985605408     
   789.59999999998934       -1.0389085309785955     
   790.39999999998929       -2.5226737183562475     
   791.19999999998925       -1.9728551283647275     
   791.99999999998920      -0.13404669336658004     
   792.79999999998915        1.8332794940132038     
   793.59999999998911        2.5524982221169856     
   794.39999999998906        1.2675859562564542     
   795.19999999998902      -0.76773988473907173     
   795.99999999998897       -2.4198789612245912     
   796.79999999998893       -2.1645800060819780     
   797.59999999998888      -0.42988851937079353     
   798.39999999998884        1.5840907487264309     
   799.19999999998879        2.5880609354715269     
