   0.0000000000000000      -0.91324631149365387     
  0.80000000000000004      -0.79057306605266708     
   1.6000000000000001        3.3341254888250793E-002
   2.4000000000000004       0.78569348749256518     
   3.2000000000000002       0.77836582377926145     
   4.0000000000000000      -0.12255405362472915     
   4.7999999999999998       -1.4082239069964257     
   5.5999999999999996       -2.0100372318335600     
   6.3999999999999995       -1.2317813134583466     
   7.1999999999999993       0.31645676120500665     
   7.9999999999999991        1.8107762370561553     
   8.7999999999999989        2.1714085742008766     
   9.5999999999999996        1.1929175174494098     
   10.400000000000000       -8.3150354428956019E-002
   11.200000000000001      -0.96356212280285236     
   12.000000000000002       -1.1847004036168791     
   12.800000000000002      -0.88186634209471315     
   13.600000000000003      -0.50235074244955724     
   14.400000000000004      -0.37957617227493556     
   15.200000000000005      -0.51586618932294837     
   16.000000000000004      -0.63670544859246736     
   16.800000000000004      -0.42055278379598926     
   17.600000000000005       0.24705802936920629     
   18.400000000000006        1.1623565023223017     
   19.200000000000006        1.7350420741334946     
   20.000000000000007        1.4185087123965130     
   20.800000000000008       0.44128109783101244     
   21.600000000000009      -0.69811851555257221     
   22.400000000000009       -1.5534582922236548     
   23.200000000000010       -1.6442566146337749     
   24.000000000000011       -1.0400694030816062     
   24.800000000000011      -0.27959687902720376     
   25.600000000000012       0.29137609474770609     
   26.400000000000013       0.61670106073290143     
   27.200000000000014       0.78354469123170156     
   28.000000000000014       0.89438013164253771     
   28.800000000000015       0.96488929768091181     
   29.600000000000016       0.90677923228643353     
   30.400000000000016       0.61415259791531152     
   31.200000000000017        5.2810802525122713E-002
   32.000000000000014      -0.70607544032454694     
   32.800000000000011       -1.3969986466197044     
   33.600000000000009       -1.5677729139309837     
   34.400000000000006       -1.0789823365534164     
   35.200000000000003      -0.25222633950060103     
   36.000000000000000       0.59488474210192743     
   36.799999999999997        1.2300223972361048     
   37.599999999999994        1.4096398272188950     
   38.399999999999991        1.1145581356442638     
   39.199999999999989       0.60517159733062609     
   39.999999999999986       0.10472183604911167     
   40.799999999999983      -0.33779378295728746     
   41.599999999999980      -0.74785966018194439     
   42.399999999999977       -1.0854339234730699     
   43.199999999999974       -1.2115615379135856     
   43.999999999999972       -1.0187176199039047     
   44.799999999999969      -0.54060342076893919     
   45.599999999999966       0.12030915582280133     
   46.399999999999963       0.84482609024121680     
   47.199999999999960        1.3894819669720739     
   47.999999999999957        1.4358562479413794     
   48.799999999999955       0.97221373516269494     
   49.599999999999952       0.27771150377768694     
   50.399999999999949      -0.42423400716702964     
   51.199999999999946       -1.0019663989610836     
   51.999999999999943       -1.2944681847779771     
   52.799999999999940       -1.2007980889869698     
   53.599999999999937      -0.82049280617020848     
   54.399999999999935      -0.32485343156416241     
   55.199999999999932       0.20304547913536714     
   55.999999999999929       0.73656917116379006     
   56.799999999999926        1.1722312154187813     
   57.599999999999923        1.3092191900314583     
   58.399999999999920        1.0511132583846350     
   59.199999999999918       0.50959992928593112     
   59.999999999999915      -0.16059829256551228     
   60.799999999999912      -0.83935567467104200     
   61.599999999999909       -1.3265347360107427     
   62.399999999999906       -1.3734744351906303     
   63.199999999999903      -0.97748562994087129     
   63.999999999999901      -0.36802516467145197     
   64.799999999999898       0.27203472421449060     
   65.599999999999895       0.84936141428700618     
   66.399999999999892        1.2318542939882593     
   67.199999999999889        1.2662279763383673     
   67.999999999999886       0.95719699223743382     
   68.799999999999883       0.45396460949505923     
   69.599999999999881      -0.12420079816787044     
   70.399999999999878      -0.71596727581477004     
   71.199999999999875       -1.1953789621393547     
   71.999999999999872       -1.3441261851935531     
   72.799999999999869       -1.0732284069199738     
   73.599999999999866      -0.52448197429017929     
   74.399999999999864       0.12955394263658093     
   75.199999999999861       0.77819289915060208     
   75.999999999999858        1.2586589051455250     
   76.799999999999855        1.3513503720737676     
   77.599999999999852        1.0248131747449549     
   78.399999999999849       0.46787957143435044     
   79.199999999999847      -0.14892724730782358     
   79.999999999999844      -0.74117714201914364     
   80.799999999999841       -1.1884336002399127     
   81.599999999999838       -1.3083569898633380     
   82.399999999999835       -1.0473758936650093     
   83.199999999999832      -0.54246280679664971     
   83.999999999999829        5.9324717592650567E-002
   84.799999999999827       0.67609644518248047     
   85.599999999999824        1.1804786477756060     
   86.399999999999821        1.3543153378442805     
   87.199999999999818        1.1029183323808360     
   87.999999999999815       0.56987060949050949     
   88.799999999999812       -6.5681980948473995E-002
   89.599999999999810      -0.69949927017629698     
   90.399999999999807       -1.1955330498142565     
   91.199999999999804       -1.3458062780977229     
   91.999999999999801       -1.0822157986886964     
   92.799999999999798      -0.56067197975440797     
   93.599999999999795        4.7707615350449428E-002
   94.399999999999793       0.65488847595933408     
   95.199999999999790        1.1477494943100031     
   95.999999999999787        1.3311120991531291     
   96.799999999999784        1.1122237122374961     
   97.599999999999781       0.61549683717884762     
   98.399999999999778        6.6608946261884627E-003
   99.199999999999775      -0.61975006915573028     
   99.999999999999773       -1.1439620814347500     
   100.79999999999977       -1.3541845998148676     
   101.59999999999977       -1.1399087345516272     
   102.39999999999976      -0.63122407129255342     
   103.19999999999976       -1.0878797481590152E-002
   103.99999999999976       0.61750420414726515     
   104.79999999999976        1.1361842306660166     
   105.59999999999975        1.3436779557474507     
   106.39999999999975        1.1373565991623549     
   107.19999999999975       0.64427216617898297     
   107.99999999999974        4.0559084478709928E-002
   108.79999999999974      -0.57731500127480839     
   109.59999999999974       -1.1030204678385682     
   110.39999999999974       -1.3391675694101226     
   111.19999999999973       -1.1635338277274607     
   111.99999999999973      -0.68371269897358111     
   112.79999999999973       -7.6957734472916650E-002
   113.59999999999972       0.55264069474145938     
   114.39999999999972        1.0953087328419708     
   115.19999999999972        1.3480322083982439     
   115.99999999999972        1.1798121029078996     
   116.79999999999971       0.69902489006236079     
   117.59999999999971        9.0971041210041070E-002
   118.39999999999971      -0.53635896128958149     
   119.19999999999970       -1.0778518164250794     
   119.99999999999970       -1.3386214523699655     
   120.79999999999970       -1.1864234761179340     
   121.59999999999970      -0.72058178815343288     
   122.39999999999969      -0.12221914343063944     
   123.19999999999969       0.50199434512602625     
   123.99999999999969        1.0523824673525359     
   124.79999999999968        1.3360712480769092     
   125.59999999999968        1.2068489912590565     
   126.39999999999968       0.75059439388969595     
   127.19999999999968       0.15075477220255673     
   127.99999999999967      -0.47945758218435641     
   128.79999999999967       -1.0394879550791951     
   129.59999999999968       -1.3365539646732423     
   130.39999999999969       -1.2187460253962821     
   131.19999999999970      -0.76807153834484465     
   131.99999999999972      -0.17105245415617598     
   132.79999999999973       0.45654763307926860     
   133.59999999999974        1.0183622153382781     
   134.39999999999975        1.3279325577393530     
   135.19999999999976        1.2287180281886541     
   135.99999999999977       0.79171876428571020     
   136.79999999999978       0.20083149973047887     
   137.59999999999980      -0.42636233064626783     
   138.39999999999981      -0.99604983497438193     
   139.19999999999982       -1.3240532041387914     
   139.99999999999983       -1.2442401943619148     
   140.79999999999984      -0.81660959198407301     
   141.59999999999985      -0.22649714314542113     
   142.39999999999986       0.40316553834465718     
   143.19999999999987       0.97893786290628404     
   143.99999999999989        1.3194860626150811     
   144.79999999999990        1.2541755984774154     
   145.59999999999991       0.83583687668604001     
   146.39999999999992       0.25006278427478679     
   147.19999999999993      -0.37757907278327019     
   147.99999999999994      -0.95650336787407808     
   148.79999999999995       -1.3106704174750248     
   149.59999999999997       -1.2643728154043357     
   150.39999999999998      -0.85902624890700163     
   151.19999999999999      -0.27804730486656115     
   152.00000000000000       0.34974466728925135     
   152.80000000000001       0.93488025137860165     
   153.60000000000002        1.3044036307422653     
   154.40000000000003        1.2761480082374683     
   155.20000000000005       0.88121775272772207     
   156.00000000000006       0.30292038655729803     
   156.80000000000007      -0.32539183380461023     
   157.60000000000008      -0.91483743512360016     
   158.40000000000009       -1.2965135559685117     
   159.20000000000010       -1.2846321497152502     
   160.00000000000011      -0.90116156432803729     
   160.80000000000013      -0.32784410841695233     
   161.60000000000014       0.29894847703972194     
   162.40000000000015       0.89182561677495831     
   163.20000000000016        1.2866897748326518     
   164.00000000000017        1.2935559950265676     
   164.80000000000018       0.92308418512447166     
   165.60000000000019       0.35445510916183609     
   166.40000000000020      -0.27221675232748910     
   167.20000000000022      -0.86977725974548381     
   168.00000000000023       -1.2778800908774788     
   168.80000000000024       -1.3023850563305490     
   169.60000000000025      -0.94368823680816061     
   170.40000000000026      -0.37919758807419213     
   171.20000000000027       0.24695502073991626     
   172.00000000000028       0.84781231511541066     
   172.80000000000030        1.2675073414447162     
   173.60000000000031        1.3092928308997800     
   174.40000000000032       0.96347220639535269     
   175.20000000000033       0.40445359073469167     
   176.00000000000034      -0.22036908530456190     
   176.80000000000035      -0.82435173117868976     
   177.60000000000036       -1.2561863894600633     
   178.40000000000038       -1.3162939747253357     
   179.20000000000039      -0.98396055320124198     
   180.00000000000040      -0.43013231963848664     
   180.80000000000041       0.19406430476932168     
   181.60000000000042       0.80150711328746760     
   182.40000000000043        1.2449890021164429     
   183.20000000000044        1.3226003957692463     
   184.00000000000045        1.0033555992873429     
   184.80000000000047       0.45482186555387027     
   185.60000000000048      -0.16825484474361851     
   186.40000000000049      -0.77827963938982914     
   187.20000000000050       -1.2325376616035242     
   188.00000000000051       -1.3276824895730623     
   188.80000000000052       -1.0223909068548569     
   189.60000000000053      -0.47991764084763122     
   190.40000000000055       0.14175033224023259     
   191.20000000000056       0.75434666427011687     
   192.00000000000057        1.2195003812367438     
   192.80000000000058        1.3325010813677818     
   193.60000000000059        1.0414388750314958     
   194.40000000000060       0.50493987968742338     
   195.20000000000061      -0.11557538081538865     
   196.00000000000063      -0.73068320771768713     
   196.80000000000064       -1.2061452193595168     
   197.60000000000065       -1.3364629228716614     
   198.40000000000066       -1.0596544413390232     
   199.20000000000067      -0.52946232909751278     
   200.00000000000068        8.9501199312790658E-002
   200.80000000000069       0.70659240103473142     
   201.60000000000070        1.1918304049826305     
   202.40000000000072        1.3395105209466525     
   203.20000000000073        1.0775722395717680     
   204.00000000000074       0.55417289417957372     
   204.80000000000075       -6.3123008683878323E-002
   205.60000000000076      -0.68217141807323411     
   206.40000000000077       -1.1770370236498493     
   207.20000000000078       -1.3420491783758575     
   208.00000000000080       -1.0951658456540310     
   208.80000000000081      -0.57865553082063281     
   209.60000000000082        3.6985283193470053E-002
   210.40000000000083       0.65779903662669692     
   211.20000000000084        1.1617498255956862     
   212.00000000000085        1.3437206077830834     
   212.80000000000086        1.1120916450991392     
   213.60000000000088       0.60286029890324278     
   214.40000000000089       -1.0829933518589185E-002
   215.20000000000090      -0.63308569882994026     
   216.00000000000091       -1.1457196371483862     
   216.80000000000092       -1.3445971223895772     
   217.60000000000093       -1.1286521341512235     
   218.40000000000094      -0.62707111501436363     
   219.20000000000095       -1.5421675966978299E-002
   220.00000000000097       0.60820323153649913     
   220.80000000000098        1.1292357830920836     
   221.60000000000099        1.3448243367587958     
   222.40000000000100        1.1447325027265776     
   223.20000000000101       0.65102303008721973     
   224.00000000000102        4.1520943086744255E-002
   224.80000000000103      -0.58326283188349237     
   225.60000000000105       -1.1122208409264420     
   226.40000000000106       -1.3442135571965097     
   227.20000000000107       -1.1602157548418273     
   228.00000000000108      -0.67476927207749582     
   228.80000000000109       -6.7645542984697160E-002
   229.60000000000110       0.55808213970199150     
   230.40000000000111        1.0946093509452552     
   231.20000000000113        1.3428465667620730     
   232.00000000000114        1.1752437201817438     
   232.80000000000115       0.69839776662686925     
   233.60000000000116        9.3767568137889556E-002
   234.40000000000117      -0.53279758953295997     
   235.20000000000118       -1.0765566280280690     
   236.00000000000119       -1.3407622609881669     
   236.80000000000121       -1.1897150377281174     
   237.60000000000122      -0.72176462815704945     
   238.40000000000123      -0.11979115793501105     
   239.20000000000124       0.50742129827521409     
   240.00000000000125        1.0579993214996870     
   240.80000000000126        1.3378733830305061     
   241.60000000000127        1.2035993421300488     
   242.40000000000128       0.74492566343338196     
   243.20000000000130       0.14581376910106836     
   244.00000000000131      -0.48188470345214585     
   244.80000000000132       -1.0389449331020486     
   245.60000000000133       -1.3342406454276095     
   246.40000000000134       -1.2169491367391585     
   247.20000000000135      -0.76788815484382345     
   248.00000000000136      -0.17178939866709309     
   248.80000000000138       0.45627312492330685     
   249.60000000000139        1.0194711736030073     
   250.40000000000140        1.3298670443889931     
   251.20000000000141        1.2296956452933834     
   252.00000000000142       0.79058106490122659     
   252.80000000000143       0.19768934970022012     
   253.60000000000144      -0.43057315456363332     
   254.40000000000146      -0.99954386992912725     
   255.20000000000147       -1.3247196973254851     
   256.00000000000148       -1.2418341287851036     
   256.80000000000149      -0.81303750123285523     
   257.60000000000150      -0.22355747654933622     
   258.40000000000151       0.40476911377747204     
   259.20000000000152       0.97919208148749248     
   260.00000000000153        1.3188382802587162     
   260.80000000000155        1.2533748222351500     
   261.60000000000156       0.83523850043149517     
   262.40000000000157       0.24935692240484286     
   263.20000000000158      -0.37890790863632051     
   264.00000000000159      -0.95845453670259073     
   264.80000000000160       -1.3122190207459781     
   265.60000000000161       -1.2642753742452779     
   266.40000000000163      -0.85714953191249055     
   267.20000000000164      -0.27508290862349050     
   268.00000000000165       0.35297661670057801     
   268.80000000000166       0.93732070252060984     
   269.60000000000167        1.3048560030272016     
   270.40000000000168        1.2745346759854483     
   271.20000000000169       0.87878234390766097     
   272.00000000000171       0.30074975923246405     
   272.80000000000172      -0.32697970973937152     
   273.60000000000173      -0.91582101683965833     
   274.40000000000174       -1.2967750852794786     
   275.20000000000175       -1.2841462920739557     
   276.00000000000176      -0.90011326416680548     
   276.80000000000177      -0.32633306921589866     
   277.60000000000178       0.30094119717345191     
   278.40000000000180       0.89397715028794311     
   279.20000000000181        1.2879757412286610     
   280.00000000000182        1.2930846392185125     
   280.80000000000183       0.92112306182920567     
   281.60000000000184       0.35183329207208702     
   282.40000000000185      -0.27485449805556905     
   283.20000000000186      -0.87179298855235865     
   284.00000000000188       -1.2784646908256125     
   284.80000000000189       -1.3013467231123721     
   285.60000000000190      -0.94180943055220301     
   286.40000000000191      -0.37725059687885032     
   287.20000000000192       0.24872931623005556     
   288.00000000000193       0.84929447057214968     
   288.80000000000194        1.2682606266856440     
   289.60000000000196        1.3089215913869345     
   290.40000000000197       0.96215047478951687     
   291.20000000000198       0.40256937589734765     
   292.00000000000199      -0.22257789850316700     
   292.80000000000200      -0.82649687435636721     
   293.60000000000201       -1.2573684189653944     
   294.40000000000202       -1.3157933989930548     
   295.20000000000203      -0.98213188610878177     
   296.00000000000205      -0.42778872539019230     
   296.80000000000206       0.19639909740065342     
   297.60000000000207       0.80341118726211846     
   298.40000000000208        1.2458005430446564     
   299.20000000000209        1.3219574630442035     
   300.00000000000210        1.0017436224795311     
   300.80000000000211       0.45290275096837407     
   301.60000000000213      -0.17020230463737440     
   302.40000000000214      -0.78005843671004649     
   303.20000000000215       -1.2335729007323017     
   304.00000000000216       -1.3274034321360662     
   304.80000000000217       -1.0209663516705256     
   305.60000000000218      -0.47790046297106825     
   306.40000000000219       0.14399445393058807     
   307.20000000000221       0.75645185302448903     
   308.00000000000222        1.2206951505059427     
   308.80000000000223        1.3321212492572805     
   309.60000000000224        1.0397864672182946     
   310.40000000000225       0.50277808380960165     
   311.20000000000226      -0.11777766606948070     
   312.00000000000227      -0.73260497879511544     
   312.80000000000229       -1.2071824490316998     
   313.60000000000230       -1.3361060566800376     
   314.40000000000231       -1.0581902147655562     
   315.20000000000232      -0.52752724621313563     
   316.00000000000233        9.1559672732097641E-002
   316.80000000000234       0.70853499134470810     
   317.60000000000235        1.1930502512143699     
   318.40000000000236        1.3393500061579837     
   319.20000000000238        1.0761600869321524     
   320.00000000000239       0.55213862997493890     
   320.80000000000240       -6.5345336759807027E-002
   321.60000000000241      -0.68425438119587401     
   322.40000000000242       -1.1783117265112977     
   323.20000000000243       -1.3418469775577888     
   324.00000000000244       -1.0936819361279246     
   324.80000000000246      -0.57660577421058601     
   325.60000000000247        3.9138370742368145E-002
   326.40000000000248       0.65977682837853702     
   327.20000000000249        1.1629833879043823     
   328.00000000000250        1.3435933098326283     
   328.80000000000251        1.1107405115158906     
   329.60000000000252       0.60091912540871018     
   330.40000000000254       -1.2945031112079231E-002
   331.20000000000255      -0.63511671874838349     
   332.00000000000256       -1.1470812159093704     
   332.80000000000257       -1.3445842587119137     
   333.60000000000258       -1.1273193931825161     
   334.40000000000259      -0.62506935680463638     
   335.20000000000260       -1.3230438531608546E-002
   336.00000000000261       0.61028589964916047     
   336.80000000000263        1.1306206755191968     
   337.60000000000264        1.3448169229122697     
   338.40000000000265        1.1434038828191544     
   339.20000000000266       0.64904786387381985     
   340.00000000000267        3.9383670633112655E-002
   340.80000000000268      -0.58529707143524834     
   341.60000000000269       -1.1136190164672173     
   342.40000000000271       -1.3442897559067184     
   343.20000000000272       -1.1589783919645777     
   344.00000000000273      -0.67284421477724132     
   344.80000000000274       -6.5509329582838172E-002
   345.60000000000275       0.56016253071888289     
   346.40000000000276        1.0960929260759200     
   347.20000000000277        1.3430012450200812     
   348.00000000000279        1.1740272288123563     
   348.80000000000280       0.69644828317497953     
   349.60000000000281        9.1603196093932748E-002
   350.40000000000282      -0.53489324222729517     
   351.20000000000283       -1.0780591917867852     
   352.00000000000284       -1.3409514886408176     
   352.80000000000285       -1.1885355557134767     
   353.60000000000286      -0.71984978663250643     
   354.40000000000288      -0.11766063442922947     
   355.20000000000289       0.50950050411375181     
   356.00000000000290        1.0595354162572614     
   356.80000000000291        1.3381415633258491     
   357.60000000000292        1.2024881009607566     
   358.40000000000293       0.74303741185855399     
   359.20000000000294       0.14367671133498694     
   360.00000000000296      -0.48399492213645512     
   360.80000000000297       -1.0405387836107458     
   361.60000000000298       -1.3345731461770689     
   362.40000000000299       -1.2158698915248893     
   363.20000000000300      -0.76599995165501822     
   364.00000000000301      -0.16964698154360569     
   364.80000000000302       0.45838635859077570     
   365.60000000000304        1.0210866651862844     
   366.40000000000305        1.3302492691486028     
   367.20000000000306        1.2286664609746840     
   368.00000000000307       0.78872577507775010     
   368.80000000000308       0.19556660420877503     
   369.60000000000309      -0.43268463076954877     
   370.40000000000310       -1.0011966932707228     
   371.20000000000312       -1.3251738385174825     
   372.00000000000313       -1.2408633140581529     
   372.80000000000314      -0.81120265148515280     
   373.60000000000315      -0.22143064743661767     
   374.40000000000316       0.40689888837243193     
   375.20000000000317       0.98088618982731690     
   376.00000000000318        1.3193515969762244     
   376.80000000000319        1.2524464167193752     
   377.60000000000321       0.83341827293575521     
   378.40000000000322       0.24723429035761901     
   379.20000000000323      -0.38103780010572808     
   380.00000000000324      -0.96017255492810516     
   380.80000000000325       -1.3127884334733999     
   381.60000000000326       -1.2634021787599268     
   382.40000000000327      -0.85535989230361187     
   383.20000000000329      -0.27297238295694481     
   384.00000000000330       0.35510979347165617     
   384.80000000000331       0.93907314493920302     
   385.60000000000332        1.3054910768829668     
   386.40000000000333        1.2737172852402692     
   387.20000000000334       0.87701437831272810     
   388.00000000000335       0.29863968603092239     
   388.80000000000337      -0.32912274572672273     
   389.60000000000338      -0.91760504218153294     
   390.40000000000339       -1.2974671430238121     
   391.20000000000340       -1.2833789823850328     
   392.00000000000341      -0.89836842212761026     
   392.80000000000342      -0.32423085696978249     
   393.60000000000343       0.30308417523636000     
   394.40000000000344       0.89578525574645551     
   395.20000000000346        1.2887252261086983     
   396.00000000000347        1.2923750291915228     
   396.80000000000348       0.91940834374738400     
   397.60000000000349       0.34974025574947065     
   398.40000000000350      -0.27700129976191612     
   399.20000000000351      -0.87363058191024523     
   400.00000000000352       -1.2792747163484046     
   400.80000000000354       -1.3006936827684659     
   401.60000000000355      -0.94012018969770716     
   402.40000000000356      -0.37516208185025901     
   403.20000000000357       0.25088091574679738     
   404.00000000000358       0.85115752642702125     
   404.80000000000359        1.2691258402162415     
   405.60000000000360        1.3083238561085817     
   406.40000000000362       0.96048980250039862     
   407.20000000000363       0.40049030554573328     
   408.00000000000364      -0.22472953664018391     
   408.80000000000365      -0.82838238681404786     
   409.60000000000366       -1.2582896540420163     
   410.40000000000367       -1.3152550911671226     
   411.20000000000368      -0.98050273977846703     
   412.00000000000369      -0.42571859168854909     
   412.80000000000371       0.19855339722192178     
   413.60000000000372       0.80532114736152283     
   414.40000000000373        1.2467779334714491     
   415.20000000000374        1.3214775960523375     
   416.00000000000375        1.0001443571229145     
   416.80000000000376       0.45084036035800823     
   417.60000000000377      -0.17235842775454691     
   418.40000000000379      -0.78198945902152717     
   419.20000000000380       -1.2346031840419145     
   420.00000000000381       -1.3269823323325003     
   420.80000000000382       -1.0193998307715215     
   421.60000000000383      -0.47584872305487957     
   422.40000000000384       0.14615034219619105     
   423.20000000000385       0.75840266019929570     
   424.00000000000387        1.2217785955819231     
   424.80000000000388        1.3317610115785588     
   425.60000000000389        1.0382541400251719     
   426.40000000000390       0.50073645637949382     
   427.20000000000391      -0.11993463644362845     
   428.00000000000392      -0.73457570986670029     
   428.80000000000393       -1.2083179673700637     
   429.60000000000394       -1.3358061410064084     
   430.40000000000396       -1.0566921288769644     
   431.20000000000397      -0.52549602098776560     
   432.00000000000398        9.3716602026714946E-002
   432.80000000000399       0.71052318411633897     
   433.60000000000400        1.1942356911798266     
   434.40000000000401        1.3391110735335876     
   435.20000000000402        1.0746985211622024     
   436.00000000000404       0.55011951826005945     
   436.80000000000405       -6.7501380435171732E-002
   437.60000000000406      -0.68625927135032350     
   438.40000000000407       -1.1795466928055585     
   439.20000000000408       -1.3416700170010409     
   440.00000000000409       -1.0922579354736535     
   440.80000000000410      -0.57459868375328282     
   441.60000000000412        4.1293967728585512E-002
   442.40000000000413       0.66179773381583584     
   443.20000000000414        1.1642663725894731     
   444.00000000000415        1.3434780719010200     
   444.80000000000416        1.1093549335495105     
   445.60000000000417       0.59892488970143087     
   446.40000000000418       -1.5099240169797801E-002
   447.20000000000420      -0.63715190722204706     
   448.00000000000421       -1.1484105699480318     
   448.80000000000422       -1.3445312600996671     
   449.60000000000423       -1.1259740418313939     
   450.40000000000424      -0.62308912196741595     
   451.20000000000425       -1.1078011016446898E-002
   452.00000000000426       0.61233468985925821     
   452.80000000000427        1.1319955032299664     
   453.60000000000429        1.3448265361146217     
   454.40000000000430        1.1420997827861452     
   455.20000000000431       0.64708198214380874     
   456.00000000000432        3.7233068458436769E-002
   456.80000000000433      -0.58735852333204908     
   457.60000000000434       -1.1150377165432368     
   458.40000000000435       -1.3443618116120579     
   459.20000000000437       -1.1577167183906272     
   460.00000000000438      -0.67089368773888369     
   460.80000000000439       -6.3361262141014341E-002
   461.60000000000440       0.56223539356532382     
   462.40000000000441        1.0975540349587272     
   463.20000000000442        1.3431359691828175     
   464.00000000000443        1.1728094809174929     
   464.80000000000445       0.69451406487492140     
   465.60000000000446        8.9457944401815426E-002
   466.40000000000447      -0.53697682356178555     
   467.20000000000448       -1.0795615076598148     
   468.00000000000449       -1.3411488683664936     
   468.80000000000450       -1.1873628129020426     
   469.60000000000451      -0.71793255548150814     
   470.40000000000452      -0.11551847421805794     
   471.20000000000454       0.51159386778098048     
   472.00000000000455        1.0610773586310343     
   472.80000000000456        1.3384013557506602     
   473.60000000000457        1.2013616105899061     
   474.40000000000458       0.74113822107052529     
   475.20000000000459       0.14153819248308530     
   476.00000000000460      -0.48609711679419731     
   476.80000000000462       -1.0421189398754058     
   477.60000000000463       -1.3348952659699012     
   478.40000000000464       -1.2147909624460906     
   479.20000000000465      -0.76411974624731260     
   480.00000000000466      -0.16751240062024630     
   480.80000000000467       0.46049669801330684     
   481.60000000000468        1.0227036804020815     
   482.40000000000470        1.3306334184496349     
   483.20000000000471        1.2276361937370526     
   484.00000000000472       0.78686544961004978     
   484.80000000000473       0.19343634169524027     
   485.60000000000474      -0.43480228093977225     
   486.40000000000475       -1.0028490413645026     
   487.20000000000476       -1.3256196135307392     
   488.00000000000477       -1.2398829114579477     
   488.80000000000479      -0.80936329227671133     
   489.60000000000480      -0.21930517680310324     
   490.40000000000481       0.40902308776984375     
   491.20000000000482       0.98257247228411149     
   492.00000000000483        1.3198586215479025     
   492.80000000000484        1.2515170476845017     
   493.60000000000485       0.83160088817478928     
   494.40000000000487       0.24511396392041496     
   495.20000000000488      -0.38316790325335337     
   496.00000000000489      -0.96189136720281110     
   496.80000000000490       -1.3133561687383981     
   497.60000000000491       -1.2625249060751047     
   498.40000000000492      -0.85356551774094647     
   499.20000000000493      -0.27085763663604900     
   500.00000000000495       0.35724508898096918     
   500.80000000000496       0.94082302547457697     
   501.60000000000497        1.3061189205385813     
   502.40000000000498        1.2728932076220194     
   503.20000000000499       0.87524414050623989     
   504.00000000000500       0.29653098070672712     
   504.80000000000501      -0.33126260062241997     
   505.60000000000502      -0.91938461368373792     
   506.40000000000504       -1.2981544595442194     
   507.20000000000505       -1.2826091357653375     
   508.00000000000506      -0.89662340956714914     
   508.80000000000507      -0.32212861209164168     
   509.60000000000508       0.30522800585976473     
   510.40000000000509       0.89759312926404056     
   511.20000000000510        1.2894712606515952     
   512.00000000000512        1.2916603824900887     
   512.80000000000507       0.91768968765827341     
   513.60000000000502       0.34764495444239718     
   514.40000000000498      -0.27914850552450543     
   515.20000000000493      -0.87546536753211035     
   516.00000000000489       -1.2800786630600804     
   516.80000000000484       -1.3000351931349254     
   517.60000000000480      -0.93842906312924868     
   518.40000000000475      -0.37307421606125402     
   519.20000000000471       0.25303095624296246     
   520.00000000000466       0.85301789008700024     
   520.80000000000462        1.2699868382425310     
   521.60000000000457        1.3077224103624376     
   522.40000000000452       0.95882736761441767     
   523.20000000000448       0.39841036804516705     
   524.00000000000443      -0.22688189387702995     
   524.80000000000439      -0.83026699535260629     
   525.60000000000434       -1.2592067553631547     
   526.40000000000430       -1.3147115175726174     
   527.20000000000425      -0.97887019482692039     
   528.00000000000421      -0.42364712253827419     
   528.80000000000416       0.20070755866155976     
   529.60000000000412       0.80722869163512845     
   530.40000000000407        1.2477501437769802     
   531.20000000000402        1.3209926805242234     
   532.00000000000398       0.99854292009433610     
   532.80000000000393       0.44877791172339621     
   533.60000000000389      -0.17451392075342220     
   534.40000000000384      -0.78391867165963325     
   535.20000000000380       -1.2356294525399039     
   536.00000000000375       -1.3265567874493640     
   536.80000000000371       -1.0178307215996476     
   537.60000000000366      -0.47379586833729648     
   538.40000000000362       0.14830670600902818     
   539.20000000000357       0.76035228915726738     
   540.00000000000352        1.2228578077871042     
   540.80000000000348        1.3313954874561582     
   541.60000000000343        1.0367186029443414     
   542.40000000000339       0.49869380730826895     
   543.20000000000334      -0.12209142215207280     
   544.00000000000330      -0.73654453743905801     
   544.80000000000325       -1.2094489678155629     
   545.60000000000321       -1.3355012265399298     
   546.40000000000316       -1.0551914171287549     
   547.20000000000312      -0.52346420914703451     
   548.00000000000307        9.5873384550020591E-002
   548.80000000000302       0.71251002954385956     
   549.60000000000298        1.1954172761416724     
   550.40000000000293        1.3388672812771552     
   551.20000000000289        1.0732338924208091     
   552.00000000000284       0.54809920542446988     
   552.80000000000280       -6.9657741610641311E-002
   553.60000000000275      -0.68826298034743061     
   554.40000000000271       -1.1807776130889658     
   555.20000000000266       -1.3414877898781432     
   556.00000000000261       -1.0908306599082329     
   556.80000000000257      -0.57259056623772886     
   557.60000000000252        4.3449499759777188E-002
   558.40000000000248       0.66381719054680444     
   559.20000000000243        1.1655453459670775     
   560.00000000000239        1.3433577802035670     
   560.80000000000234        1.1079662828944827     
   561.60000000000230       0.59692969006415886     
   562.40000000000225       -1.7253547655256884E-002
   563.20000000000221      -0.63918603247081562     
   564.00000000000216       -1.1497362782448282     
   564.80000000000211       -1.3444731946943098     
   565.60000000000207       -1.1246252883023784     
   566.40000000000202      -0.62110759606966270     
   567.20000000000198       -8.9253202360015660E-003
   568.00000000000193       0.61438243800843706     
   568.80000000000189        1.1333665981504946     
   569.60000000000184        1.3448309119277257     
   570.40000000000180        1.1407921999402781     
   571.20000000000175       0.64511491881101091     
   572.00000000000171        3.5082380687625592E-002
   572.80000000000166      -0.58941888866648784     
   573.60000000000161       -1.1164528269219751     
   574.40000000000157       -1.3444287645737878     
   575.20000000000152       -1.1564515736854928     
   576.00000000000148      -0.66894190545729926     
   576.80000000000143       -6.1212959424810420E-002
   577.60000000000139       0.56430740787903899     
   578.40000000000134        1.0990117671337392     
   579.20000000000130        1.3432655536777294     
   580.00000000000125        1.1715880345432335     
   580.80000000000121       0.69257841541485365     
   581.60000000000116        8.7312409295194349E-002
   582.40000000000111      -0.53905955579247322     
   583.20000000000107       -1.0810604514704183     
   584.00000000000102       -1.3413410590863650     
   584.80000000000098       -1.1861863154098913     
   585.60000000000093      -0.71601392222402682     
   586.40000000000089      -0.11337608880005179     
   587.20000000000084       0.51368642659022945     
   588.00000000000080        1.0626160922286538     
   588.80000000000075        1.3386560459211854     
   589.60000000000070        1.2002312974568281     
   590.40000000000066       0.73923751764615897     
   591.20000000000061       0.13939934086720773     
   592.00000000000057      -0.48819864849000316     
   592.80000000000052       -1.0436960319146296     
   593.60000000000048       -1.3352122670722135     
   594.40000000000043       -1.2137080519604018     
   595.20000000000039      -0.76223791772954885     
   596.00000000000034      -0.16537747166657757     
   596.80000000000030       0.46260638652905539     
   597.60000000000025        1.0243176952219117     
   598.40000000000020        1.3310124616523109     
   599.20000000000016        1.2266018833586680     
   600.00000000000011       0.78500347067233489     
   600.80000000000007       0.19130572935713219     
   601.60000000000002      -0.43691934814867961     
   602.39999999999998       -1.0044985426233910     
   603.19999999999993       -1.3260603494248313     
   603.99999999999989       -1.2388983733471550     
   604.79999999999984      -0.80752216631834739     
   605.59999999999980      -0.21717928265248987     
   606.39999999999975       0.41114679159742729     
   607.19999999999970       0.98425602581750060     
   607.99999999999966        1.3203606212521850     
   608.79999999999961        1.2505834257696340     
   609.59999999999957       0.82978164708355617     
   610.39999999999952       0.24299319910394113     
   611.19999999999948      -0.38529753710703751     
   611.99999999999943      -0.96360754518575353     
   612.79999999999939       -1.3139189256116179     
   613.59999999999934       -1.2616433120510155     
   614.39999999999930      -0.85176922016310552     
   615.19999999999925      -0.26874242308245067     
   615.99999999999920       0.35937998071679145     
   616.79999999999916       0.94257040937589431     
   617.59999999999911        1.3067418512746929     
   618.39999999999907        1.2720647169307400     
   619.19999999999902       0.87347187089642742     
   619.99999999999898       0.29442175346945687     
   620.79999999999893      -0.33340211059609093     
   621.59999999999889      -0.92116179709617174     
   622.39999999999884       -1.2988369062642948     
   623.19999999999879       -1.2818347842270577     
   623.99999999999875      -0.89487627718491947     
   624.79999999999870      -0.32002582111765909     
   625.59999999999866       0.30737152564853221     
   626.39999999999861       0.89939872114120345     
   627.19999999999857        1.2902124932116370     
   627.99999999999852        1.2909411623659492     
   628.79999999999848       0.91596882491547948     
   629.59999999999843       0.34554906621349224     
   630.39999999999839      -0.28129545613021789     
   631.19999999999834      -0.87729799463937319     
   631.99999999999829       -1.2808778812668264     
   632.79999999999825       -1.2993720494115826     
   633.59999999999820      -0.93673562437824420     
   634.39999999999816      -0.37098571570980976     
   635.19999999999811       0.25518078599122607     
   635.99999999999807       0.85487619948542126     
   636.79999999999802        1.2708431747269491     
   637.59999999999798        1.3071162373226011     
   638.39999999999793       0.95716252770135779     
   639.19999999999789       0.39632976104569029     
   639.99999999999784      -0.22903407661319630     
   640.79999999999779      -0.83214965688940490     
   641.59999999999775       -1.2601192785582549     
   642.39999999999770       -1.3141631551631294     
   643.19999999999766      -0.97723514737108708     
   643.99999999999761      -0.42157493641166088     
   644.79999999999757       0.20286159160393946     
   645.59999999999752       0.80913439996768899     
   646.39999999999748        1.2487178610116181     
   647.19999999999743        1.3205029109968660     
   647.99999999999739       0.99693887592963804     
   648.79999999999734       0.44671469783594042     
   649.59999999999729      -0.17666932231500410     
   650.39999999999725      -0.78584614830003263     
   651.19999999999720       -1.2366513135425830     
   651.99999999999716       -1.3261263321875607     
   652.79999999999711       -1.0162589069644496     
   653.59999999999707      -0.47174220338358785     
   654.39999999999702       0.15046301375612092     
   655.19999999999698       0.76230028438085040     
   655.99999999999693        1.2239327082652576     
   656.79999999999688        1.3310250038336111     
   657.59999999999684        1.0351802575188744     
   658.39999999999679       0.49665029476007339     
   659.19999999999675      -0.12424819060899872     
   659.99999999999670      -0.73851183191421277     
   660.79999999999666       -1.2105757531910148     
   661.59999999999661       -1.3351913050657833     
   662.39999999999657       -1.0536877920536722     
   663.19999999999652      -0.52143148059379840     
   663.99999999999648        9.8030183081680655E-002
   664.79999999999643       0.71449543592546627     
   665.59999999999638        1.1965947455208163     
   666.39999999999634        1.3386184429407049     
   667.19999999999629        1.0717662480825512     
   667.99999999999625       0.54607792164708280     
   668.79999999999620       -7.1814152389480301E-002
   669.59999999999616      -0.69026534469163581     
   670.39999999999611       -1.1820045232814687     
   671.19999999999607       -1.3413004836719682     
   671.99999999999602       -1.0894002635893005     
   672.79999999999598      -0.57058141816688046     
   673.59999999999593        4.5605115703820531E-002
   674.39999999999588       0.66583539352688259     
   675.19999999999584        1.1668204156165887     
   675.99999999999579        1.3432323809512992     
   676.79999999999575        1.1065744063085980     
   677.59999999999570       0.59493339953860713     
   678.39999999999566       -1.9407970467506197E-002
   679.19999999999561      -0.64121899049051057     
   679.99999999999557       -1.1510581920602017     
   680.79999999999552       -1.3444100011275071     
   681.59999999999548       -1.1232732049222729     
   682.39999999999543      -0.61912491635461808     
   683.19999999999538       -6.7724819681991288E-003
   683.99999999999534       0.61642910411416618     
   684.79999999999529        1.1347340111362718     
   685.59999999999525        1.3448301450312938     
   686.39999999999520        1.1394811821878030     
   687.19999999999516       0.64314663495229496     
   687.99999999999511        3.2931513373237631E-002
   688.79999999999507      -0.59147825326902614     
   689.59999999999502       -1.1178643686378751     
   690.39999999999498       -1.3444905662574256     
   691.19999999999493       -1.1551828899769625     
   691.99999999999488      -0.66698883441987800     
   692.79999999999484       -5.9064446274922799E-002
   693.59999999999479       0.56637849930860562     
   694.39999999999475        1.1004660459431372     
   695.19999999999470        1.3433899857430713     
   695.99999999999466        1.1703629461640663     
   696.79999999999461       0.69064140601596313     
   697.59999999999457        8.5166632100057926E-002
   698.39999999999452      -0.54114144062837899     
   699.19999999999447       -1.0825560587220311     
   699.99999999999443       -1.3415281025118795     
   700.79999999999438       -1.1850060732655985     
   701.59999999999434      -0.71409385490102073     
   702.39999999999429      -0.11123342969249761     
   703.19999999999425       0.51577820977788658     
   703.99999999999420        1.0641516063766363     
   704.79999999999416        1.3389056004856714     
   705.59999999999411        1.1990971386974274     
   706.39999999999407       0.73733530404111569     
   707.19999999999402       0.13726018405906681     
   707.99999999999397      -0.49029947324362311     
   708.79999999999393       -1.0452700225373484     
   709.59999999999388       -1.3355241512993530     
   710.39999999999384       -1.2126211964848386     
   711.19999999999379      -0.76035450011640349     
   711.99999999999375      -0.16324220519285981     
   712.79999999999370       0.46471543399299609     
   713.59999999999366        1.0259287269099278     
   714.39999999999361        1.3313864130885109     
   715.19999999999357        1.2255635302332515     
   715.99999999999352       0.78313982125044812     
   716.79999999999347       0.18917474683319890     
   717.59999999999343      -0.43903583683106573     
   718.39999999999338       -1.0061451787324871     
   719.19999999999334       -1.3264960252516413     
   719.99999999999329       -1.2379096971455161     
   720.79999999999325      -0.80567928637287745     
   721.59999999999320      -0.21505298504363690     
   722.39999999999316       0.41326997657603814     
   723.19999999999311       0.98593683206053895     
   723.99999999999307        1.3208575992196760     
   724.79999999999302        1.2496455728535025     
   725.59999999999297       0.82796056603538171     
   726.39999999999293       0.24087199652436675     
   727.19999999999288      -0.38742670900556808     
   727.99999999999284      -0.96532109305130831     
   728.79999999999279       -1.3144767052935675     
   729.59999999999275       -1.2607573968195476     
   730.39999999999270      -0.84997099452146951     
   731.19999999999266      -0.26662673661908887     
   731.99999999999261       0.36151446447135904     
   732.79999999999256       0.94431527937203175     
   733.59999999999252        1.3073598556369688     
   734.39999999999247        1.2712318180533704     
   735.19999999999243       0.87169758311725709     
   735.99999999999238       0.29231201702551723     
   736.79999999999234      -0.33554126402398665     
   737.59999999999229      -0.92293658180902727     
   738.39999999999225       -1.2995144835326156     
   739.19999999999220       -1.2810559408830784     
   739.99999999999216      -0.89312703444646746     
   740.79999999999211      -0.31792248327360384     
   741.59999999999206       0.30951473783660677     
   742.39999999999202       0.90120202810938654     
   743.19999999999197        1.2909489190313068     
   743.99999999999193        1.2902173705152051     
   744.79999999999188       0.91424575781287398     
   745.59999999999184       0.34345259208932255     
   746.39999999999179      -0.28344214567015391     
   747.19999999999175      -0.87912844904839293     
   747.99999999999170       -1.2816723611402765     
   748.79999999999166       -1.2987042581151795     
   749.59999999999161      -0.93503988553420503     
   750.39999999999156      -0.36889658881322207     
   751.19999999999152       0.25733039908454081     
   751.99999999999147       0.85673244668326587     
   752.79999999999143        1.2716948467136331     
   753.59999999999138        1.3065053451376156     
   754.39999999999134       0.95549529029239566     
   755.19999999999129       0.39424848508871502     
   755.99999999999125      -0.23118608507332250     
   756.79999999999120      -0.83403036473089565     
   757.59999999999116       -1.2610272162237284     
   758.39999999999111       -1.3136100066343617     
   759.19999999999106      -0.97559760356119207     
   759.99999999999102      -0.41950203707141820     
   760.79999999999097       0.20501549078508885     
   761.59999999999093       0.81103826099450060     
   762.39999999999088        1.2496810766078885     
   763.19999999999084        1.3200082932666029     
   763.99999999999079       0.99533223520238523     
   764.79999999999075       0.44465072443689824     
   765.59999999999070      -0.17882462899367113     
   766.39999999999065      -0.78777188176112467     
   767.19999999999061       -1.2376687614013691     
   767.99999999999056       -1.3256909717469760     
   768.79999999999052       -1.0146843943446573     
   769.59999999999047      -0.46968773047757928     
   770.39999999999043       0.15261926399150538     
   771.19999999999038       0.76424663809957638     
   771.99999999999034        1.2250032883853517     
   772.79999999999029        1.3306495634380655     
   773.59999999999025        1.0336391116721773     
   774.39999999999020       0.49460592357978139     
   775.19999999999015      -0.12640493760597260     
   775.99999999999011      -0.74047758400527763     
   776.79999999999006       -1.2116983149978167     
   777.59999999999002       -1.3348763808358195     
   778.39999999998997       -1.0521812632536138     
   779.19999999998993      -0.51939784035832659     
   779.99999999998988       0.10018699507528539     
   780.79999999998984       0.71647939636237201     
   781.59999999998979        1.1977680917751570     
   782.39999999998975        1.3383645616708928     
   783.19999999998970        1.0702955960359239     
   783.99999999998965       0.54405567070063077     
   784.79999999998961       -7.3970610566907014E-002
   785.59999999998956      -0.69226635672392878     
   786.39999999998952       -1.1832274141135648     
   787.19999999998947       -1.3411081003683916     
   787.99999999998943       -1.0879667551112764     
   788.79999999998938      -0.56857124493414624     
   789.59999999998934        4.7760812175104195E-002
   790.39999999998929       0.66785233494267759     
   791.19999999998925        1.1680915726583141     
   791.99999999998920        1.3431018766171912     
   792.79999999998915        1.1051793128419996     
   793.59999999998911       0.59293602328579220     
   794.39999999998906       -2.1562506290745520E-002
   795.19999999998902      -0.64325077471770442     
   795.99999999998897       -1.1523763026483840     
   796.79999999998893       -1.3443416808156821     
   797.59999999998888       -1.1219177998980965     
   798.39999999998884      -0.61714108774909349     
   799.19999999998879       -4.6194987060492743E-003
