   0.0000000000000000      -0.20587112620161069     
  0.80000000000000004      -0.19007264118488165     
   1.6000000000000001       0.28864258279763644     
   2.4000000000000004       0.76168322523937082     
   3.2000000000000002       0.74333846861030606     
   4.0000000000000000        7.7878878487529057E-002
   4.7999999999999998      -0.98202213032399754     
   5.5999999999999996       -1.8059204212407649     
   6.3999999999999995       -1.6760721452939340     
   7.1999999999999993      -0.78382367110196383     
   7.9999999999999991       0.20187998952427388     
   8.7999999999999989       0.86167992574667995     
   9.5999999999999996        1.0225836438408198     
   10.400000000000000       0.79893571224612070     
   11.200000000000001       0.52650340754357683     
   12.000000000000002       0.47693801381718948     
   12.800000000000002       0.68009542698224779     
   13.600000000000003       0.92187031102931605     
   14.400000000000004       0.89948767369590821     
   15.200000000000005       0.46724602399890669     
   16.000000000000004      -0.28525526539548562     
   16.800000000000004       -1.1065632487212498     
   17.600000000000005       -1.5700184234216574     
   18.400000000000006       -1.3730129021792270     
   19.200000000000006      -0.76143893280634412     
   20.000000000000007      -0.16440111452713191     
   20.800000000000008       0.19920578695805546     
   21.600000000000009       0.33897525378829263     
   22.400000000000009       0.40017467944489471     
   23.200000000000010       0.54169058466597053     
   24.000000000000011       0.81189295784478088     
   24.800000000000011        1.0886146557978040     
   25.600000000000012        1.1521755492480257     
   26.400000000000013       0.88553500832113707     
   27.200000000000014       0.36350274404321703     
   28.000000000000014      -0.26596941800502238     
   28.800000000000015      -0.85299420129387682     
   29.600000000000016       -1.2114537730584178     
   30.400000000000016       -1.2088856688104963     
   31.200000000000017      -0.93195275888323181     
   32.000000000000014      -0.59611110208684126     
   32.800000000000011      -0.33695255736065782     
   33.600000000000009      -0.14378131673737848     
   34.400000000000006        8.1329134957626198E-002
   35.200000000000003       0.42257816861874042     
   36.000000000000000       0.85741721073945398     
   36.799999999999997        1.2112939072312137     
   37.599999999999994        1.2580464349660763     
   38.399999999999991       0.95303253470735716     
   39.199999999999989       0.45756384039168563     
   39.999999999999986       -5.8858605930200203E-002
   40.799999999999983      -0.50957418429123424     
   41.599999999999980      -0.84680916911855464     
   42.399999999999977       -1.0264091997117921     
   43.199999999999974       -1.0344270584016801     
   43.999999999999972      -0.91089491910693898     
   44.799999999999969      -0.71410109587169635     
   45.599999999999966      -0.46860777176101243     
   46.399999999999963      -0.15579960602462634     
   47.199999999999960       0.25038886689381051     
   47.999999999999957       0.72401163629352150     
   48.799999999999955        1.1308365409204473     
   49.599999999999952        1.2701576282581102     
   50.399999999999949        1.0704420222503161     
   51.199999999999946       0.66733621251967690     
   51.999999999999943       0.23368914816346348     
   52.799999999999940      -0.15218535178973674     
   53.599999999999937      -0.49088127140950383     
   54.399999999999935      -0.78976618714236113     
   55.199999999999932       -1.0117461696246872     
   55.999999999999929       -1.0868681873630042     
   56.799999999999926      -0.97859111739503035     
   57.599999999999923      -0.71849152191115362     
   58.399999999999920      -0.36394627869215684     
   59.199999999999918        5.0058080742594158E-002
   59.999999999999915       0.50096630662464925     
   60.799999999999912       0.92239112964670911     
   61.599999999999909        1.1776703295617685     
   62.399999999999906        1.1557934305083839     
   63.199999999999903       0.89684009669815190     
   63.999999999999901       0.53956016642175353     
   64.799999999999898       0.18200255473843607     
   65.599999999999895      -0.16292078720222891     
   66.399999999999892      -0.51770208216449176     
   67.199999999999889      -0.86526841485953920     
   67.999999999999886       -1.1105843453650424     
   68.799999999999883       -1.1393836093047487     
   69.599999999999881      -0.93427133868787704     
   70.399999999999878      -0.58322310279592893     
   71.199999999999875      -0.17854270806167488     
   71.999999999999872       0.23955931931196489     
   72.799999999999869       0.64983143582431657     
   73.599999999999866       0.98883732666657354     
   74.399999999999864        1.1489886098751358     
   75.199999999999861        1.0719410197212098     
   75.999999999999858       0.81491157046606433     
   76.799999999999855       0.48183715576468411     
   77.599999999999852       0.12958651490984380     
   78.399999999999849      -0.24274668506913660     
   79.199999999999847      -0.63753785381008399     
   79.999999999999844      -0.99233870823243808     
   80.799999999999841       -1.1761935756936155     
   81.599999999999838       -1.0993785637109457     
   82.399999999999835      -0.81080345274951660     
   83.199999999999832      -0.43048107746557551     
   83.999999999999829       -3.5997911132794713E-002
   84.799999999999827       0.35615279566207803     
   85.599999999999824       0.73351937489345309     
   86.399999999999821        1.0303059238269812     
   87.199999999999818        1.1432345809078741     
   87.999999999999815        1.0287326410075015     
   88.799999999999812       0.74943771580357965     
   89.599999999999810       0.39866090620262429     
   90.399999999999807        2.2461601538798226E-002
   91.199999999999804      -0.37585974516040632     
   91.999999999999801      -0.77491265816955313     
   92.799999999999798       -1.0827027944926466     
   93.599999999999795       -1.1733296334522509     
   94.399999999999793       -1.0114586212944372     
   95.199999999999790      -0.68809293989650522     
   95.999999999999787      -0.31352751136437768     
   96.799999999999784        6.5579784785100570E-002
   97.599999999999781       0.44957809331117732     
   98.399999999999778       0.81873288597138916     
   99.199999999999775        1.0870978096265382     
   99.999999999999773        1.1460735593941576     
   100.79999999999977       0.97415836886516682     
   101.59999999999977       0.65530805194863373     
   102.39999999999976       0.28252289636764766     
   103.19999999999976      -0.10710989163771734     
   103.99999999999976      -0.50873300853713177     
   104.79999999999976      -0.88404335649155530     
   105.59999999999975       -1.1280872800165260     
   106.39999999999975       -1.1377892299899190     
   107.19999999999975      -0.92202749846622256     
   107.99999999999974      -0.58467525346315741     
   108.79999999999974      -0.21420196758615512     
   109.59999999999974       0.16530646307418845     
   110.39999999999974       0.55560959714506120     
   111.19999999999973       0.91613134399342955     
   111.99999999999973        1.1384632722072461     
   112.79999999999973        1.1242488808561040     
   113.59999999999972       0.89059244584169250     
   114.39999999999972       0.54177780343910820     
   115.19999999999972       0.16094846046656586     
   115.99999999999972      -0.22953413207235984     
   116.79999999999971      -0.62408067708402948     
   117.59999999999971      -0.96863308091330491     
   118.39999999999971       -1.1510075407845135     
   119.19999999999970       -1.0928208943357332     
   119.99999999999970      -0.83529805158460757     
   120.79999999999970      -0.48447095985469124     
   121.59999999999970      -0.10956782976058616     
   122.39999999999969       0.27793457931320203     
   123.19999999999969       0.67149103558340739     
   123.99999999999969        1.0064549466069461     
   124.79999999999968        1.1633486270450670     
   125.59999999999968        1.0727564128547717     
   126.39999999999968       0.79098821859158919     
   127.19999999999968       0.42772990215218448     
   127.99999999999967        4.6859310924081909E-002
   128.79999999999967      -0.34300194475056872     
   129.59999999999968      -0.72996510099375223     
   130.39999999999969       -1.0408698820346722     
   131.19999999999970       -1.1597825736284473     
   131.99999999999972       -1.0368784538554534     
   132.79999999999973      -0.74149793151458132     
   133.59999999999974      -0.37740859141205629     
   134.39999999999975        3.5171237315125836E-003
   135.19999999999976       0.39688131682886918     
   135.99999999999977       0.78323793395755326     
   136.79999999999978        1.0766317759661588     
   137.59999999999980        1.1603420728053833     
   138.39999999999981        1.0025027075540265     
   139.19999999999982       0.68771763426822385     
   139.99999999999983       0.31803211555206701     
   140.79999999999984       -6.3464640259166205E-002
   141.59999999999985      -0.45546358950002930     
   142.39999999999986      -0.83241256566267530     
   143.19999999999987       -1.1008369992279234     
   143.99999999999989       -1.1498266826250951     
   144.79999999999990      -0.96493517666967554     
   145.59999999999991      -0.63847824548314280     
   146.39999999999992      -0.26556427685053818     
   147.19999999999993       0.11922258759177951     
   147.99999999999994       0.51427627662383435     
   148.79999999999995       0.88394560183297144     
   149.59999999999997        1.1253319715755972     
   150.39999999999998        1.1356231507051611     
   151.19999999999999       0.92125190552881275     
   152.00000000000000       0.58322781986815198     
   152.80000000000001       0.20913401123174602     
   153.60000000000002      -0.17560621103231666     
   154.40000000000003      -0.56963933080139229     
   155.20000000000005      -0.92845836627974976     
   156.00000000000006       -1.1423236961709382     
   156.80000000000007       -1.1177631058663753     
   157.60000000000008      -0.87861559814324974     
   158.40000000000009      -0.53047882466517815     
   159.20000000000010      -0.15319972568180251     
   160.00000000000011       0.23431770439865313     
   160.80000000000013       0.62785219667667813     
   161.60000000000014       0.97246803343800425     
   162.40000000000015        1.1539153749176061     
   163.20000000000016        1.0927398737517073     
   164.00000000000017       0.83107826888231084     
   164.80000000000018       0.47630363088302363     
   165.60000000000019        9.8368775383122165E-002
   166.40000000000020      -0.29056644910477514     
   167.20000000000022      -0.68265562504564214     
   168.00000000000023       -1.0121946065638916     
   168.80000000000024       -1.1614565992897152     
   169.60000000000025       -1.0654923315339320     
   170.40000000000026      -0.78280518805697141     
   171.20000000000027      -0.42111620800128335     
   172.00000000000028       -4.1337516092658733E-002
   172.80000000000030       0.34916446451715111     
   173.60000000000031       0.73737555224194895     
   174.40000000000032        1.0474378460960814     
   175.20000000000033        1.1618844750442674     
   176.00000000000034        1.0329169701917695     
   176.80000000000035       0.73303955170191060     
   177.60000000000036       0.36696620320774043     
   178.40000000000038       -1.4215523993779344E-002
   179.20000000000039      -0.40667619803479521     
   180.00000000000040      -0.79053753678665162     
   180.80000000000041       -1.0794278256510630     
   181.60000000000042       -1.1580413603049802     
   182.40000000000043      -0.99695476531416749     
   183.20000000000044      -0.68122952162741279     
   184.00000000000045      -0.31132897881134503     
   184.80000000000047        7.1054229122399226E-002
   185.60000000000048       0.46437764247877145     
   186.40000000000049       0.84113663962877205     
   187.20000000000050        1.1057985160015864     
   188.00000000000051        1.1483391674630119     
   188.80000000000052       0.95801123980693736     
   189.60000000000053       0.62926206970622256     
   190.40000000000055       0.25631979438418534     
   191.20000000000056      -0.12787982562664346     
   192.00000000000057      -0.52221876694075786     
   192.80000000000058      -0.89012659731737598     
   193.60000000000059       -1.1277881013730791     
   194.40000000000060       -1.1334126586779898     
   195.20000000000061      -0.91556883532675792     
   196.00000000000063      -0.57584735287420308     
   196.80000000000064      -0.20084177132887315     
   197.60000000000065       0.18479165833962979     
   198.40000000000066       0.57909207665569973     
   199.20000000000067       0.93581737246635144     
   200.00000000000068        1.1444570000256389     
   200.80000000000069        1.1138658462641229     
   201.60000000000070       0.87107233863914746     
   202.40000000000072       0.52209595092973093     
   203.20000000000073       0.14508581729664244     
   204.00000000000074      -0.24238239676746509     
   204.80000000000075      -0.63577886805671402     
   205.60000000000076      -0.97856600300856866     
   206.40000000000077       -1.1556271268432159     
   207.20000000000078       -1.0892662971329201     
   208.00000000000080      -0.82410297675788313     
   208.80000000000081      -0.46788244671198759     
   209.60000000000082       -8.9418246047608119E-002
   210.40000000000083       0.29981406594726456     
   211.20000000000084       0.69125019579721292     
   212.00000000000085        1.0177262118162691     
   212.80000000000086        1.1615971744517750     
   213.60000000000088        1.0605744252938167     
   214.40000000000089       0.77534916927684416     
   215.20000000000090       0.41313758491299679     
   216.00000000000091        3.3230598225254371E-002
   216.80000000000092      -0.35766257244212196     
   217.60000000000093      -0.74552432213487285     
   218.40000000000094       -1.0527464667167532     
   219.20000000000095       -1.1618619788214748     
   220.00000000000097       -1.0277646059673249     
   220.80000000000098      -0.72514664635023607     
   221.60000000000099      -0.35833199059592014     
   222.40000000000100        2.2996231508046638E-002
   223.20000000000101       0.41548279467331939     
   224.00000000000102       0.79824391843914300     
   224.80000000000103        1.0835629763967689     
   225.60000000000105        1.1568120973351446     
   226.40000000000106       0.99130269602504639     
   227.20000000000107       0.67356175651882044     
   228.00000000000108       0.30315090381909648     
   228.80000000000109       -7.9584471809787338E-002
   229.60000000000110      -0.47321130471636169     
   230.40000000000111      -0.84884620240725117     
   231.20000000000113       -1.1095598373477649     
   232.00000000000114       -1.1464073346059962     
   232.80000000000115      -0.95166444423239083     
   233.60000000000116      -0.62110078778141098     
   234.40000000000117      -0.24786398233636253     
   235.20000000000118       0.13646146403107218     
   236.00000000000119       0.53077955361568319     
   236.80000000000121       0.89714289192797136     
   237.60000000000122        1.1306208105232403     
   238.40000000000123        1.1308151334857568     
   239.20000000000124       0.90906752543672720     
   240.00000000000125       0.56779300657632059     
   240.80000000000126       0.19239489005939936     
   241.60000000000127      -0.19356801375734434     
   242.40000000000128      -0.58781383144202537     
   243.20000000000130      -0.94255695132932660     
   244.00000000000131       -1.1464768589158456     
   244.80000000000132       -1.1103670667442485     
   245.60000000000133      -0.86403382946837737     
   246.40000000000134      -0.51390334344900457     
   247.20000000000135      -0.13670762870138681     
   248.00000000000136       0.25100609300663834     
   248.80000000000138       0.64420404034149059     
   249.60000000000139       0.98473944238400235     
   250.40000000000140        1.1569258875685389     
   251.20000000000141        1.0852375898292739     
   252.00000000000142       0.81683993648031095     
   252.80000000000143       0.45957978989347781     
   253.60000000000144        8.0867922385932101E-002
   254.40000000000146      -0.30861736338671164     
   255.20000000000147      -0.69957990849024965     
   256.00000000000148       -1.0232775475293865     
   256.80000000000149       -1.1619507247915679     
   257.60000000000150       -1.0558293111156367     
   258.40000000000151      -0.76784376483168626     
   259.20000000000152      -0.40488280967072587     
   260.00000000000153       -2.4763055165229420E-002
   260.80000000000155       0.36640508359152546     
   261.60000000000156       0.75363608690985706     
   262.40000000000157        1.0577342832383614     
   263.20000000000158        1.1614677456737241     
   264.00000000000159        1.0224629722020777     
   264.80000000000160       0.71738035442679537     
   265.60000000000161       0.34995416699420989     
   266.40000000000163       -3.1571584608209469E-002
   267.20000000000164      -0.42423750802224619     
   268.00000000000165      -0.80603215335117839     
   268.80000000000166       -1.0877914068297623     
   269.60000000000167       -1.1555677704419083     
   270.40000000000168      -0.98550795008698344     
   271.20000000000169      -0.66569035381565900     
   272.00000000000171      -0.29479869909855483     
   272.80000000000172        8.8184470143971405E-002
   273.60000000000173       0.48196831636757481     
   274.40000000000174       0.85634795564057908     
   275.20000000000175        1.1130880707521480     
   276.00000000000176        1.1443650558056095     
   276.80000000000177       0.94536956239967640     
   277.60000000000178       0.61305477328797986     
   278.40000000000180       0.23946658361099038     
   279.20000000000181      -0.14508923485086744     
   280.00000000000182      -0.53944349432552952     
   280.80000000000183      -0.90420649539453601     
   281.60000000000184       -1.1333636231675759     
   282.40000000000185       -1.1280356438752275     
   283.20000000000186      -0.90240500595948558     
   284.00000000000188      -0.55966443390594245     
   284.80000000000189      -0.18396248083079142     
   285.60000000000190       0.20226711694021465     
   286.40000000000191       0.59642152576570528     
   287.20000000000192       0.94917170390711325     
   288.00000000000193        1.1484032413331018     
   288.80000000000194        1.1068400350003775     
   289.60000000000196       0.85700571324985986     
   290.40000000000197       0.50569931751547703     
   291.20000000000198       0.12826672786076104     
   292.00000000000199      -0.25971525605093232     
   292.80000000000200      -0.65266282968209333     
   293.60000000000201      -0.99082720401074464     
   294.40000000000202       -1.1580464472288543     
   295.20000000000203       -1.0810544699946616     
   296.00000000000205      -0.80952202012377483     
   296.80000000000206      -0.45130501536014933     
   297.60000000000207       -7.2373745636315601E-002
   298.40000000000208       0.31737195068375157     
   299.20000000000209       0.70786507180384406     
   300.00000000000210        1.0287652320742176     
   300.80000000000211        1.1622246031339376     
   301.60000000000213        1.0510165549939989     
   302.40000000000214       0.76028748049134209     
   303.20000000000215       0.39657877924490209     
   304.00000000000216        1.6246535882818713E-002
   304.80000000000217      -0.37516845169355423     
   305.60000000000218      -0.76169606132350198     
   306.40000000000219       -1.0625861038938151     
   307.20000000000221       -1.1609224037441503     
   308.00000000000222       -1.0170820142875705     
   308.80000000000223      -0.70961449764388562     
   309.60000000000224      -0.34160483905125594     
   310.40000000000225        4.0134176667877441E-002
   311.20000000000226       0.43299478320345092     
   312.00000000000227       0.81379679490488388     
   312.80000000000229        1.0919353813447432     
   313.60000000000230        1.1542073290183239     
   314.40000000000231       0.97962346802223033     
   315.20000000000232       0.65777226966678159     
   316.00000000000233       0.28642578575926103     
   316.80000000000234       -9.6790519825806665E-002
   317.60000000000235      -0.49070292835208329     
   318.40000000000236      -0.86377195852446209     
   319.20000000000238       -1.1164903706327358     
   320.00000000000239       -1.1422127119916339     
   320.80000000000240      -0.93902801286416993     
   321.60000000000241      -0.60500593055373686     
   322.40000000000242      -0.23106688507018641     
   323.20000000000243       0.15373476409713710     
   324.00000000000244       0.54811352189128149     
   324.80000000000246       0.91121592101577864     
   325.60000000000247        1.1359847637277893     
   326.40000000000248        1.1251317830212326     
   327.20000000000249       0.89567394158116997     
   328.00000000000250       0.55151921395418024     
   328.80000000000251       0.17553309000801032     
   329.60000000000252      -0.21095881183727866     
   330.40000000000254      -0.60500038849831239     
   331.20000000000255      -0.95570747981695270     
   332.00000000000256       -1.1502129488631563     
   332.80000000000257       -1.1032182050804573     
   333.60000000000258      -0.84993485644779998     
   334.40000000000259      -0.49748162820873976     
   335.20000000000260      -0.11981125335658621     
   336.00000000000261       0.26843967675891295     
   336.80000000000263       0.66110277081235491     
   337.60000000000264       0.99682633745116855     
   338.40000000000265        1.1590332232803562     
   339.20000000000266        1.0767677640755557     
   340.00000000000267       0.80216488152285415     
   340.80000000000268       0.44302942665664929     
   341.60000000000269        6.3882459903379762E-002
   342.40000000000271      -0.32612459605350047     
   343.20000000000272      -0.71611937047848051     
   344.00000000000273       -1.0341637561256061     
   344.80000000000274       -1.1623781232465558     
   345.60000000000275       -1.0461153985208966     
   346.40000000000276      -0.75269423272176050     
   347.20000000000277      -0.38826298533382819     
   348.00000000000279       -7.7195999741260235E-003
   348.80000000000280       0.38393322441801719     
   349.60000000000281       0.76971298628382412     
   350.40000000000282        1.0673304173963349     
   351.20000000000283        1.1602503772718322     
   352.00000000000284        1.0116220095064898     
   352.80000000000285       0.70182616811126708     
   353.60000000000286       0.33325458384621254     
   354.40000000000288       -4.8702074162465803E-002
   355.20000000000289      -0.44175146902688395     
   356.00000000000290      -0.82151636195540645     
   356.80000000000291       -1.0959717841419623     
   357.60000000000292       -1.1527250764245869     
   358.40000000000293      -0.97366404455374100     
   359.20000000000294      -0.64983002005236523     
   360.00000000000296      -0.27804762619303031     
   360.80000000000297       0.10540194920139029     
   361.60000000000298       0.49942794058132040     
   362.40000000000299       0.87113525826848548     
   363.20000000000300        1.1197758111572353     
   364.00000000000301        1.1399452208668694     
   364.80000000000302       0.93262555365216770     
   365.60000000000304       0.59694184630953639     
   366.40000000000305       0.22266251258540615     
   367.20000000000306      -0.16238888498757165     
   368.00000000000307      -0.55677390922442394     
   368.80000000000308      -0.91815860772450908     
   369.60000000000309       -1.1384839964260878     
   370.40000000000310       -1.1221149711434999     
   371.20000000000312      -0.88888683070387642     
   372.00000000000313      -0.54336159715993881     
   372.80000000000314      -0.16710089547245449     
   373.60000000000315       0.21965454149509200     
   374.40000000000316       0.61356006241285210     
   375.20000000000317       0.96216592502378129     
   376.00000000000318        1.1518996159660684     
   376.80000000000319        1.0994933779703779     
   377.60000000000321       0.84281761983055992     
   378.40000000000322       0.48925354605958182     
   379.20000000000323       0.11134957098043902     
   380.00000000000324      -0.27717000696274441     
   380.80000000000325      -0.66951808277719715     
   381.60000000000326       -1.0027378247146372     
   382.40000000000327       -1.1598930304239183     
   383.20000000000329       -1.0723840262928530     
   384.00000000000330      -0.79476920500804105     
   384.80000000000331      -0.43474771898448483     
   385.60000000000332       -5.5386766946319721E-002
   386.40000000000333       0.33487976908343620     
   387.20000000000334       0.72434143452995114     
   388.00000000000335        1.0394672567939960     
   388.80000000000337        1.1624064026958707     
   389.60000000000338        1.0411258717306136     
   390.40000000000339       0.74506826443104157     
   391.20000000000340       0.37994093169301602     
   392.00000000000341       -8.1366896300277824E-004
   392.80000000000342      -0.39269810599173249     
   393.60000000000343      -0.77768825115045259     
   394.40000000000344       -1.0719701549309644     
   395.20000000000346       -1.1594541679010446     
   396.00000000000347       -1.0060828401660777     
   396.80000000000348      -0.69401256823868551     
   397.60000000000349      -0.32490015419076579     
   398.40000000000350        5.7276455297818774E-002
   399.20000000000351       0.45050539515211535     
   400.00000000000352       0.82918629098212193     
   400.80000000000354        1.0998972088064338     
   401.60000000000355        1.1511218204976827     
   402.40000000000356       0.96763344926620176     
   403.20000000000357       0.64186704064057576     
   404.00000000000358       0.26966541501868080     
   404.80000000000359      -0.11401970130399952     
   405.60000000000360      -0.50814502178329257     
   406.40000000000362      -0.87843869422469800     
   407.20000000000363       -1.1229441564532399     
   408.00000000000364       -1.1375619418889285     
   408.80000000000365      -0.92616138505596624     
   409.60000000000366      -0.58886198960154490     
   410.40000000000367      -0.21425391507865160     
   411.20000000000368       0.17104977534377186     
   412.00000000000369       0.56542178433833734     
   412.80000000000371       0.92503207636956042     
   413.60000000000372        1.1408613670146888     
   414.40000000000373        1.1189877887319664     
   415.20000000000374       0.88204612879439448     
   416.00000000000375       0.53519203166132989     
   416.80000000000376       0.15866460361858081     
   417.60000000000377      -0.22835582083987660     
   418.40000000000379      -0.62210068844164323     
   419.20000000000380      -0.96854553623230477     
   420.00000000000381       -1.1534618122062086     
   420.80000000000382       -1.0956655455544195     
   421.60000000000383      -0.83565493975675853     
   422.40000000000384      -0.48101622603781197     
   423.20000000000385      -0.10288285091729177     
   424.00000000000387       0.28590496502680762     
   424.80000000000388       0.67790737563459447     
   425.60000000000389        1.0085608889676476     
   426.40000000000390        1.1606267181484333     
   427.20000000000391        1.0679049423973326     
   428.00000000000392       0.78733573017953407     
   428.80000000000393       0.42645929648420117     
   429.60000000000394        4.6885710771142730E-002
   430.40000000000396      -0.34363749650393821     
   431.20000000000397      -0.73252973137068311     
   432.00000000000398       -1.0446737341821679     
   432.80000000000399       -1.1623090694374580     
   433.60000000000400       -1.0360493422002690     
   434.40000000000401      -0.73741114276949915     
   435.20000000000402      -0.37161347401361300     
   436.00000000000404        9.3529896024519554E-003
   436.80000000000405       0.40146274705707757     
   437.60000000000406       0.78562101418388308     
   438.40000000000407        1.0765046599194541     
   439.20000000000408        1.1585342870058781     
   440.00000000000409        1.0004654999470848     
   440.80000000000410       0.68617407103764116     
   441.60000000000412       0.31654133247032751     
   442.40000000000413       -6.5857336107451536E-002
   443.20000000000414      -0.45925561272887111     
   444.00000000000415      -0.83680473625138796     
   444.80000000000416       -1.1037104609823478     
   445.60000000000417       -1.1493983491887996     
   446.40000000000418      -0.96153338644448927     
   447.20000000000420      -0.63388436359752343     
   448.00000000000421      -0.26127919977064196     
   448.80000000000422       0.12264402023295162     
   449.60000000000423       0.51685379036334766     
   450.40000000000424       0.88568105449471290     
   451.20000000000425        1.1259945952616035     
   452.00000000000426        1.1350634484982136     
   452.80000000000427       0.91963656340389177     
   453.60000000000429       0.58076692124165941     
   454.40000000000430       0.20584122196118904     
   455.20000000000431      -0.17971708960472949     
   456.00000000000432      -0.57405602971761782     
   456.80000000000433      -0.93183479974485550     
   457.60000000000434       -1.1431164716323043     
   458.40000000000435       -1.1157514500234922     
   459.20000000000437      -0.87515319075932241     
   460.00000000000438      -0.52701093671934596     
   460.80000000000439      -0.15022394191564009     
   461.60000000000440       0.23706270805787805     
   462.40000000000441       0.63062135055760415     
   463.20000000000442       0.97484480220772440     
   464.00000000000443        1.1548990642443637     
   464.80000000000445        1.0917357270471453     
   465.60000000000446       0.82844801535431301     
   466.40000000000447       0.47277018943436755     
   467.20000000000448        9.4411168927255984E-002
   468.00000000000449      -0.29464419955949522     
   468.80000000000450      -0.68626952325610524     
   469.60000000000451       -1.0142942606834213     
   470.40000000000452       -1.1612343430700589     
   471.20000000000454       -1.0633317719757540     
   472.00000000000455      -0.77986545821786457     
   472.80000000000456      -0.41816431161934670     
   473.60000000000457       -3.8379110104528658E-002
   474.40000000000458       0.35239742375930999     
   475.20000000000459       0.74068293567548649     
   476.00000000000460        1.0497818165326447     
   476.80000000000462        1.1620862745458904     
   477.60000000000463        1.0308871537057929     
   478.40000000000464       0.72972392719248713     
   479.20000000000465       0.36328086100829671     
   480.00000000000466       -1.7898421910309381E-002
   480.80000000000467      -0.41022670340437450     
   481.60000000000468      -0.79351000003002814     
   482.40000000000470       -1.0809328508202214     
   483.20000000000471       -1.1574911612861571     
   484.00000000000472      -0.99477126581572439     
   484.80000000000473      -0.67831147092391753     
   485.60000000000474      -0.30817818788406359     
   486.40000000000475        7.4444732599420083E-002
   487.20000000000476       0.46800144196859372     
   488.00000000000477       0.84437022387146610     
   488.80000000000479        1.1074105737662738     
   489.60000000000480        1.1475553575256738     
   490.40000000000481       0.95536523912592008     
   491.20000000000482       0.62588274288934653     
   492.00000000000483       0.25288898419362760     
   492.80000000000484      -0.13127494202924483     
   493.60000000000485      -0.52555353422844564     
   494.40000000000487      -0.89286089800430357     
   495.20000000000488       -1.1289263611815288     
   496.00000000000489       -1.1324505585566511     
   496.80000000000490      -0.91305236561545688     
   497.60000000000491      -0.57265725145162494     
   498.40000000000492      -0.19742442898631868     
   499.20000000000493       0.18839071144696412     
   500.00000000000495       0.58267572312598381     
   500.80000000000496       0.93856531258160825     
   501.60000000000497        1.1452488184160245     
   502.40000000000498        1.1124070023845756     
   503.20000000000499       0.86820926550167099     
   504.00000000000500       0.51881877657924691     
   504.80000000000501       0.14177880895806771     
   505.60000000000502      -0.24577506169401669     
   506.40000000000504      -0.63912102037013341     
   507.20000000000505      -0.98106226997482704     
   508.00000000000506       -1.1562110790805507     
   508.80000000000507       -1.0877050671318411     
   509.60000000000508      -0.82119802091570959     
   510.40000000000509      -0.46451582407966008     
   511.20000000000510       -8.5934453235821162E-002
   512.00000000000512       0.30338743707172672     
   512.80000000000507       0.69460337474488754     
   513.60000000000502        1.0199365894895578     
   514.40000000000498        1.1617158988523435     
   515.20000000000493        1.0586657629506224     
   516.00000000000489       0.77235944182167227     
   516.80000000000484       0.40986300843022211     
   517.60000000000480        2.9866866529658032E-002
   518.40000000000475      -0.36115916471365872     
   519.20000000000471      -0.74879976396192949     
   520.00000000000466       -1.0547902352688960     
   520.80000000000462       -1.1617382489850778     
   521.60000000000457       -1.0256406261544142     
   522.40000000000452      -0.72200758442310398     
   523.20000000000448      -0.35494326110376112     
   524.00000000000443        2.6450041377697686E-002
   524.80000000000439       0.41898947582678642     
   525.60000000000434       0.80135385537897563     
   526.40000000000430        1.0852536224760911     
   527.20000000000425        1.1563252579487944     
   528.00000000000421       0.98900146672828515     
   528.80000000000416       0.67042559726799611     
   529.60000000000412       0.29981079911402581     
   530.40000000000407       -8.3038675679227458E-002
   531.20000000000402      -0.47674223254596076     
   532.00000000000398      -0.85188131860287941     
   532.80000000000393       -1.1109966211135163     
   533.60000000000389       -1.1455935421536112     
   534.40000000000384      -0.94913034434482924     
   535.20000000000380      -0.61786289078457490     
   536.00000000000375      -0.24449477402093034     
   536.80000000000371       0.13991245597380342     
   537.60000000000366       0.53424347882505474     
   538.40000000000362       0.89997676021819983     
   539.20000000000357        1.1317387349486017     
   540.00000000000352        1.1297241501403221     
   540.80000000000348       0.90641008531277578     
   541.60000000000343       0.56453356929002141     
   542.40000000000339       0.18900349923521625     
   543.20000000000334      -0.19707054633374899     
   544.00000000000330      -0.59127994424050956     
   544.80000000000325      -0.94522215035731805     
   545.60000000000321       -1.1472579298214938     
   546.40000000000316       -1.1089554926059597     
   547.20000000000312      -0.86121558635384965     
   548.00000000000307      -0.51061601324751182     
   548.80000000000302      -0.13332912501883376     
   549.60000000000298       0.25449270483908176     
   550.40000000000293       0.64759864473676276     
   551.20000000000289       0.98719650752478394     
   552.00000000000284        1.1573976211476391     
   552.80000000000280        1.0835747365707495     
   553.60000000000275       0.81390610929294560     
   554.40000000000271       0.45625348271912336     
   555.20000000000266        7.7452613619070632E-002
   556.00000000000261      -0.31213439433673751     
   556.80000000000257      -0.70290775469128186     
   557.60000000000252       -1.0254865246516522     
   558.40000000000248       -1.1620714068916702     
   559.20000000000243       -1.0539081764217730     
   560.00000000000239      -0.76481872941447848     
   560.80000000000234      -0.40155562879968698     
   561.60000000000230       -2.1348889978480945E-002
   562.40000000000225       0.36992231772268225     
   563.20000000000221       0.75687892773733334     
   564.00000000000216        1.0596977520256119     
   564.80000000000211        1.1612652629591993     
   565.60000000000207        1.0203110785356786     
   566.40000000000202       0.71426305336319684     
   567.20000000000198       0.34660082298845990     
   568.00000000000193       -3.5007918010884209E-002
   568.80000000000189      -0.42775053782945649     
   569.60000000000184      -0.80915120616540626     
   570.40000000000180       -1.0894658910807871     
   571.20000000000175       -1.1550370822628442     
   572.00000000000171      -0.98315744024867302     
   572.80000000000166      -0.66251726640515507     
   573.60000000000161      -0.29143923352032075     
   574.40000000000157        9.1639194381571421E-002
   575.20000000000152       0.48547732077202810     
   576.00000000000148       0.85933658269703261     
   576.80000000000143        1.1144677066460511     
   577.60000000000139        1.1435136254884426     
   578.40000000000134       0.94283003041448876     
   579.20000000000130       0.60982549948345832     
   580.00000000000125       0.23609656944281188     
   580.80000000000121      -0.14855653570635163     
   581.60000000000116      -0.54292282365400080     
   582.40000000000111      -0.90702717305219327     
   583.20000000000107       -1.1344310346405004     
   584.00000000000102       -1.1268851322577473     
   584.80000000000098      -0.89971101031451528     
   585.60000000000093      -0.55639644334679539     
   586.40000000000089      -0.18057838523138642     
   587.20000000000084       0.20575649147234704     
   588.00000000000080       0.59986775389702596     
   588.80000000000075       0.95180385025370828     
   589.60000000000070        1.1491433618898705     
   590.40000000000066        1.1053979866033017     
   591.20000000000061       0.85417337580504049     
   592.00000000000057       0.50240309360969870     
   592.80000000000052       0.12487481008243489     
   593.60000000000048      -0.26321544373983263     
   594.40000000000043      -0.65605315126507269     
   595.20000000000039      -0.99324609416606235     
   596.00000000000034       -1.1584584954859147     
   596.80000000000030       -1.0793459226310436     
   597.60000000000025      -0.80657341742545619     
   598.40000000000020      -0.44798349885358291     
   599.20000000000016       -6.8965557277543388E-002
   600.00000000000011       0.32088477123133152     
   600.80000000000007       0.71118146849407560     
   601.60000000000002        1.0309427285204906     
   602.39999999999998        1.1623009259963661     
   603.19999999999993        1.0490602849905919     
   603.99999999999989       0.75724435476393714     
   604.79999999999984       0.39324240083685669     
   605.59999999999980        1.2825092596412846E-002
   606.39999999999975      -0.37868646338511935     
   607.19999999999970      -0.76491912516787730     
   607.99999999999966       -1.0645031503826381     
   608.79999999999961       -1.1606676233095392     
   609.59999999999957       -1.0148998339848372     
   610.39999999999952      -0.70649125381525912     
   611.19999999999948      -0.33825368170667641     
   611.99999999999943        4.3572116451215892E-002
   612.79999999999939       0.43650934166572847     
   613.59999999999934       0.81690066601947597     
   614.39999999999930        1.0935685989331614     
   615.19999999999925        1.1536271744071884     
   615.99999999999920       0.97724052526819460     
   616.79999999999916       0.65458727640600289     
   617.59999999999911       0.28306354707968928     
   618.39999999999907      -0.10024631113596927     
   619.19999999999902      -0.49420602308616990     
   619.99999999999898      -0.86673457205326598     
   620.79999999999893       -1.1178229646211673     
   621.59999999999889       -1.1413163595573692     
   622.39999999999884      -0.93646562086094076     
   623.19999999999879      -0.60177124237058122     
   623.99999999999875      -0.22769436274333427     
   624.79999999999870       0.15720714382209250     
   625.59999999999866       0.55159074666874264     
   626.39999999999861       0.91401066686187238     
   627.19999999999857        1.1370026135889242     
   627.99999999999852        1.1239344402359239     
   628.79999999999848       0.89295642016437626     
   629.59999999999843       0.54824642321018036     
   630.39999999999839       0.17214903298430884     
   631.19999999999834      -0.21444843167471750     
   631.99999999999829      -0.60843819239154484     
   632.79999999999825      -0.95830895312752151     
   633.59999999999820       -1.1509047074578076     
   634.39999999999816       -1.1017355707879930     
   635.19999999999811      -0.84708384473525611     
   635.99999999999807      -0.49418044718020854     
   636.79999999999802      -0.11641578131970642     
   637.59999999999798       0.27194306929709955     
   638.39999999999793       0.66448344834025264     
   639.19999999999789       0.99920961948508813     
   639.99999999999784        1.1593935457739573     
   640.79999999999779        1.0750198278068630     
   641.59999999999775       0.79920106736551866     
   642.39999999999770       0.43970618912609122     
   643.19999999999766        6.0473190859346271E-002
   643.99999999999761      -0.32963825025424998     
   644.79999999999757      -0.71942330395157650     
   645.59999999999752       -1.0363038791507782     
   646.39999999999748       -1.1624045531009692     
   647.19999999999743       -1.0441233712899669     
   647.99999999999739      -0.74963733518218656     
   648.79999999999734      -0.38492353784245925     
   649.59999999999729       -4.2953888451859878E-003
   650.39999999999725       0.38745116353274289     
   651.19999999999720       0.77291904021863145     
   651.99999999999716        1.0692052357417596     
   652.79999999999711        1.1599456733141280     
   653.59999999999707        1.0094082200364864     
   654.39999999999702       0.69869308739296265     
   655.19999999999698       0.32990195936908145     
   655.99999999999693       -5.2142696039065461E-002
   656.79999999999688      -0.44526531922956636     
   657.59999999999684      -0.82460083784971350     
   658.39999999999679       -1.0975607154172518     
   659.19999999999675       -1.1520961083379166     
   659.99999999999670      -0.97125206040201517     
   660.79999999999666      -0.64663640656774501     
   661.59999999999661      -0.27468378501393304     
   662.39999999999657       0.10886004056108423     
   663.19999999999652       0.50292763513242300     
   663.99999999999648       0.87407383655259330     
   664.79999999999643        1.1210615608467813     
   665.59999999999638        1.1390025260259422     
   666.39999999999634       0.93003843424900068     
   667.19999999999629       0.59370077396618925     
   667.99999999999625       0.21928813814851922     
   668.79999999999620      -0.16586423215944690     
   669.59999999999616      -0.56024640475074117     
   670.39999999999611      -0.92092577122867847     
   671.19999999999607       -1.1394528603850613     
   671.99999999999602       -1.1208730345087812     
   672.79999999999598      -0.88614758547730688     
   673.59999999999593      -0.54008403989168907     
   674.39999999999588      -0.16371538292213822     
   675.19999999999584       0.22314623856553945     
   675.99999999999579       0.61699027952511742     
   676.79999999999575       0.96473600466503595     
   677.59999999999570        1.1525415968158390     
   678.39999999999566        1.0979693514422231     
   679.19999999999561       0.83994819178659519     
   679.99999999999557       0.48594848589319978     
   680.79999999999552       0.10795195316341127     
   681.59999999999548      -0.28067535686068001     
   682.39999999999543      -0.67288842524017556     
   683.19999999999538       -1.0050856839606470     
   683.99999999999534       -1.1602026541685189     
   684.79999999999529       -1.0705976690319785     
   685.59999999999525      -0.79179016615915587     
   686.39999999999520      -0.43142185380881937     
   687.19999999999516       -5.1975421008000289E-002
   687.99999999999511       0.33839449631994961     
   688.79999999999507       0.72763203186884962     
   689.59999999999502        1.0415686714082872     
   690.39999999999498        1.1623824231446778     
   691.19999999999493        1.0390987270221206     
   691.99999999999488       0.74199867106616235     
   692.79999999999484       0.37659923846831728     
   693.59999999999479       -4.2403040410382564E-003
   694.39999999999475      -0.39621596085689614     
   695.19999999999470      -0.78087734299274536     
   695.99999999999466       -1.0738028360886911     
   696.79999999999461       -1.1590997923997328     
   697.59999999999457       -1.0038375680021712     
   698.39999999999452      -0.69086943748089413     
   699.19999999999447      -0.32154576547514924     
   699.99999999999443        6.0719710503542523E-002
   700.79999999999438       0.45401788206566551     
   701.59999999999434       0.83225031459092325     
   702.39999999999429        1.1014412377348757     
   703.19999999999425        1.1504444911475331     
   703.99999999999420       0.96519338316731396     
   704.79999999999416       0.63866541733801419     
   705.59999999999411       0.26629998222939549     
   706.39999999999407      -0.11748038892842155     
   707.19999999999402      -0.51164143160154762     
   707.99999999999397      -0.88135292079142202     
   708.79999999999393       -1.1241826933558818     
   709.59999999999388       -1.1365729356205545     
   710.39999999999384      -0.92354978357864415     
   711.19999999999379      -0.58561472991614560     
   711.99999999999375      -0.21087787213294673     
   712.79999999999370       0.17452774148512795     
   713.59999999999366       0.56888893378400940     
   714.39999999999361       0.92777101576782028     
   715.19999999999357        1.1417811992466871     
   715.99999999999352        1.1177018998097634     
   716.79999999999347       0.87928576739808140     
   717.59999999999343       0.53190980598724891     
   718.39999999999338       0.15527737036837935     
   719.19999999999334      -0.23184977017440422     
   719.99999999999329      -0.62552301476391636     
   720.79999999999325      -0.97108355632185117     
   721.59999999999320       -1.1540536979898921     
   722.39999999999316       -1.0941004539144956     
   723.19999999999311      -0.83276760287617491     
   723.99999999999307      -0.47770760422263520     
   724.79999999999302       -9.9483237692706006E-002
   725.59999999999297       0.28941206590288410     
   726.39999999999293       0.68126695237957935     
   727.19999999999288        1.0108728998360390     
   727.99999999999284        1.1608857413080942     
   728.79999999999279        1.0660806768710791     
   729.59999999999275       0.78434180553675481     
   730.39999999999270       0.42313077706248259     
   731.19999999999266        4.3472154788433914E-002
   731.99999999999261      -0.34715315650865886     
   732.79999999999256      -0.73580640649878959     
   733.59999999999252       -1.0467358178844437     
   734.39999999999247       -1.1622347088742684     
   735.19999999999243       -1.0339876521237217     
   735.99999999999238      -0.73432934563582841     
   736.79999999999234      -0.36826968699787621     
   737.59999999999229        1.2782065617593208E-002
   738.39999999999225       0.40498037867682612     
   739.19999999999220       0.78879269025076026     
   739.99999999999216        1.0782948028220272     
   740.79999999999211        1.1581303957689710     
   741.59999999999206       0.99818921222204104     
   742.39999999999202       0.68302116910808641     
   743.19999999999197       0.31318519724027732     
   743.99999999999193       -6.9303207558476798E-002
   744.79999999999188      -0.46276642125723488     
   745.59999999999184      -0.83984767987615849     
   746.39999999999179       -1.1052091916272957     
   747.19999999999175       -1.1486729624937657     
   747.99999999999170      -0.95906582926589401     
   748.79999999999166      -0.63067505027578319     
   749.59999999999161      -0.25791216370280395     
   750.39999999999156       0.12610735373071902     
   751.19999999999152       0.52034666617522252     
   751.99999999999147       0.88857036485161733     
   752.79999999999143        1.1271855930028600     
   753.59999999999138        1.1340284274551022     
   754.39999999999134       0.91700097565726257     
   755.19999999999129       0.57751372702447701     
   755.99999999999125       0.20246353380521709     
   756.79999999999120      -0.18319760110633548     
   757.59999999999116      -0.57751744870984045     
   758.39999999999111      -0.93454493096951041     
   759.19999999999106       -1.1439870904158320     
   759.99999999999102       -1.1144220443979349     
   760.79999999999097      -0.87237221706805990     
   761.59999999999093      -0.52372421579973039     
   762.39999999999088      -0.14683492596124020     
   763.19999999999084       0.24055887056921776     
   763.99999999999079       0.63403537741137750     
   764.79999999999075       0.97735016622737736     
   765.59999999999070        1.1554407169491223     
   766.39999999999065        1.0901300218022820     
   767.19999999999061       0.82554325075432766     
   767.99999999999056       0.46945817935608702     
   768.79999999999052        9.1009545049729135E-002
   769.59999999999047      -0.29815293969755652     
   770.39999999999043      -0.68961788160016124     
   771.19999999999038       -1.0165698920261037     
   771.99999999999034       -1.1614427663004989     
   772.79999999999029       -1.0614700946978393     
   773.59999999999025      -0.77685706158882728     
   774.39999999999020      -0.41483322717883364     
   775.19999999999015       -3.4963300108262430E-002
   775.99999999999011       0.35591385980855916     
   776.79999999999006       0.74394516597536664     
   777.59999999999002        1.0518040497847347     
   778.39999999998997        1.1619616206189272     
   779.19999999998993        1.0287914539571448     
   779.99999999998988       0.72663032470992550     
   780.79999999998984       0.35993505364151307     
   781.59999999998979       -2.1329971802127090E-002
   782.39999999998975      -0.41374392074063254     
   783.19999999998970      -0.79666372596886970     
   783.99999999998965       -1.0826800115734163     
   784.79999999998961       -1.1570379339869754     
   785.59999999998956      -0.99246448930675668     
   786.39999999998952      -0.67514912882781486     
   787.19999999998947      -0.30482033993535790     
   787.99999999998943        7.7893228482564081E-002
   788.79999999998938       0.47151030730862498     
   789.59999999998934       0.84739150871785962     
   790.39999999998929        1.1088636320835490     
   791.19999999998925        1.1467821940201337     
   791.99999999998920       0.95287073188723626     
   792.79999999998915       0.62266602802378745     
   793.59999999998911       0.24952034486033969     
   794.39999999998906      -0.13474092326649956     
   795.19999999998902      -0.52904257149342104     
   795.99999999998897      -0.89572470508335500     
   796.79999999998893       -1.1300695240253753     
   797.59999999998888       -1.1313698683324391     
   798.39999999998884      -0.91039331048338878     
   799.19999999998879      -0.56939836330448890     
