   0.0000000000000000       0.44982391489700402     
  0.80000000000000004       0.36571137869878900     
   1.6000000000000001      -0.34592829821879356     
   2.4000000000000004       -1.0130393011082997     
   3.2000000000000002      -0.67422776675472840     
   4.0000000000000000       0.35384843086949413     
   4.7999999999999998       0.86675130653920585     
   5.5999999999999996       0.44347832349573457     
   6.3999999999999995       -8.6198277444500593E-002
   7.1999999999999993       -8.8614283695982649E-002
   7.9999999999999991       -5.7368352381729493E-003
   8.7999999999999989      -0.36176860826465451     
   9.5999999999999996      -0.67947006596742754     
   10.400000000000000      -0.22527695365159139     
   11.200000000000001       0.63859839257537299     
   12.000000000000002       0.81950694951124103     
   12.800000000000002       0.11954376048605186     
   13.600000000000003      -0.47570359296727360     
   14.400000000000004      -0.32822956411334969     
   15.200000000000005        1.1284778334726853E-002
   16.000000000000004      -0.11601705747421617     
   16.800000000000004      -0.34477544648179242     
   17.600000000000005        8.1841974615194935E-003
   18.400000000000006       0.63623470514300418     
   19.200000000000006       0.59015427109593421     
   20.000000000000007      -0.17815897388783997     
   20.800000000000008      -0.65827159279673397     
   21.600000000000009      -0.29910768272324506     
   22.400000000000009       0.20978790949861281     
   23.200000000000010       0.13226975942895361     
   24.000000000000011      -0.16985761416774833     
   24.800000000000011        2.6901421334724979E-002
   25.600000000000012       0.48712180401801231     
   26.400000000000013       0.36175269315381731     
   27.200000000000014      -0.34321458160966356     
   28.000000000000014      -0.65757117340255433     
   28.800000000000015      -0.14533441099113209     
   29.600000000000016       0.40828802755871085     
   30.400000000000016       0.26163465578621259     
   31.200000000000017      -0.16175608270559294     
   32.000000000000014       -7.6039290656004052E-002
   32.800000000000011       0.32412434698668996     
   33.600000000000009       0.22297358833086234     
   34.400000000000006      -0.37442044821043496     
   35.200000000000003      -0.55742770304775513     
   36.000000000000000        1.7026529714067817E-002
   36.799999999999997       0.52493493437589378     
   37.599999999999994       0.26756656891380615     
   38.399999999999991      -0.24940529395826716     
   39.199999999999989      -0.19735768496399936     
   39.999999999999986       0.22468576353426728     
   40.799999999999983       0.18738296465384674     
   41.599999999999980      -0.32204457307473111     
   42.399999999999977      -0.43897526361655120     
   43.199999999999974       0.12684368150661113     
   43.999999999999972       0.55124219244049688     
   44.799999999999969       0.19881658382868600     
   45.599999999999966      -0.35561471926469806     
   46.399999999999963      -0.27407421917973374     
   47.199999999999960       0.20527422045494026     
   47.999999999999957       0.22159264737170409     
   48.799999999999955      -0.24709998501182950     
   49.599999999999952      -0.35389791763897127     
   50.399999999999949       0.17001162725503249     
   51.199999999999946       0.51651504372791279     
   51.999999999999943       0.10968016800422964     
   52.799999999999940      -0.43247357728709945     
   53.599999999999937      -0.29063349563940960     
   54.399999999999935       0.24217113988737965     
   55.199999999999932       0.27826246220785977     
   55.999999999999929      -0.19348328818981003     
   56.799999999999926      -0.31906865408396168     
   57.599999999999923       0.16333842053768216     
   58.399999999999920       0.45984004789721050     
   59.199999999999918        3.7463949251434314E-002
   59.999999999999915      -0.46499716152821352     
   60.799999999999912      -0.26212044741793328     
   61.599999999999909       0.29975319422286217     
   62.399999999999906       0.32162566994510422     
   63.199999999999903      -0.17777743939726920     
   63.999999999999901      -0.32466592517363418     
   64.799999999999898       0.13562773660631539     
   65.599999999999895       0.41176397026228939     
   66.399999999999892       -2.9515832434872658E-003
   67.199999999999889      -0.46125154282592223     
   67.999999999999886      -0.21400555424861820     
   68.799999999999883       0.35013020259846972     
   69.599999999999881       0.33677161993920468     
   70.399999999999878      -0.19435154891013195     
   71.199999999999875      -0.34902818225132215     
   71.999999999999872       0.11175834502123111     
   72.799999999999869       0.38659607890946546     
   73.599999999999866       -1.4901115546748112E-002
   74.399999999999864      -0.43931443312133217     
   75.199999999999861      -0.16798474565928523     
   75.999999999999858       0.38020706867782239     
   76.799999999999855       0.32609026426334242     
   77.599999999999852      -0.22735086655856429     
   78.399999999999849      -0.37226414356991633     
   79.199999999999847       0.10456107459819841     
   79.999999999999844       0.38367942365567875     
   80.799999999999841       -1.1178274468551241E-002
   81.599999999999838      -0.41636022544333101     
   82.399999999999835      -0.13566302200796326     
   83.199999999999832       0.39001756710715746     
   83.999999999999829       0.30065107168070337     
   84.799999999999827      -0.26137772077465282     
   85.599999999999824      -0.38331988162608543     
   86.399999999999821       0.11486792133196172     
   87.199999999999818       0.39385893168149272     
   87.999999999999815       -5.2546943541981195E-003
   88.799999999999812      -0.40257993814841320     
   89.599999999999810      -0.11852508982102272     
   90.399999999999807       0.38708387756148577     
   91.199999999999804       0.27225268950958281     
   91.999999999999801      -0.28714628018452260     
   92.799999999999798      -0.38041041520606222     
   93.599999999999795       0.13634373796438148     
   94.399999999999793       0.40663243905762070     
   95.199999999999790       -5.7723343550678541E-003
   95.999999999999787      -0.40019472470400475     
   96.799999999999784      -0.11159196121295900     
   97.599999999999781       0.38044347911988485     
   98.399999999999778       0.24869995527181177     
   99.199999999999775      -0.30233382237293238     
   99.999999999999773      -0.36768162149150729     
   100.79999999999977       0.16102346642627685     
   101.59999999999977       0.41480079552171156     
   102.39999999999976       -1.5218512760413916E-002
   103.19999999999976      -0.40593260427696376     
   103.99999999999976      -0.10801362834380557     
   104.79999999999976       0.37658988158150070     
   105.59999999999975       0.23256133265455220     
   106.39999999999975      -0.30948973908676641     
   107.19999999999975      -0.35109495995332585     
   107.99999999999974       0.18304511742572016     
   108.79999999999974       0.41582008510858548     
   109.59999999999974       -3.1581763806206253E-002
   110.39999999999974      -0.41460848085463420     
   111.19999999999973      -0.10249382771158377     
   111.99999999999973       0.37805358188792260     
   112.79999999999973       0.22239491761971500     
   113.59999999999972      -0.31301693149201149     
   114.39999999999972      -0.33540637244702004     
   115.19999999999972       0.19996593571085136     
   115.99999999999972       0.41077948226842209     
   116.79999999999971       -5.1043136707580983E-002
   117.59999999999971      -0.42193222244636680     
   118.39999999999971       -9.2681553599888167E-002
   119.19999999999970       0.38409355167773229     
   119.99999999999970       0.21498382556076667     
   120.79999999999970      -0.31671618592819040     
   121.59999999999970      -0.32287837406940456     
   122.39999999999969       0.21223218102436903     
   123.19999999999969       0.40244015285264167     
   123.99999999999969       -7.0199440288887360E-002
   124.79999999999968      -0.42577058048717253     
   125.59999999999968       -7.8830471108372935E-002
   126.39999999999968       0.39236127128064252     
   127.19999999999968       0.20732085494340477     
   127.99999999999967      -0.32258315338236876     
   128.79999999999967      -0.31347309078810981     
   129.59999999999968       0.22178626269466029     
   130.39999999999969       0.39347990856123871     
   131.19999999999970       -8.7174284746649511E-002
   131.99999999999972      -0.42604278094238418     
   132.79999999999973       -6.2599239670848794E-002
   133.59999999999974       0.40048044852753051     
   134.39999999999975       0.19767907120770339     
   135.19999999999976      -0.33080065830726740     
   135.99999999999977      -0.30583885444132330     
   136.79999999999978       0.23069205887740551     
   137.59999999999980       0.38551285457023060     
   138.39999999999981      -0.10167852233362462     
   139.19999999999982      -0.42387979517505220     
   139.99999999999983       -4.5826878551054606E-002
   140.79999999999984       0.40696548544231242     
   141.59999999999985       0.18573637493036038     
   142.39999999999986      -0.34043095028903508     
   143.19999999999987      -0.29838541911391181     
   143.99999999999989       0.24029042577914062     
   144.79999999999990       0.37892571207606673     
   145.59999999999991      -0.11444413473052062     
   146.39999999999992      -0.42068109225324246     
   147.19999999999993       -2.9761703178221688E-002
   147.99999999999994       0.41140855835156548     
   148.79999999999995       0.17210791400520029     
   149.59999999999997      -0.35024540641689239     
   150.39999999999998      -0.28999772070960605     
   151.19999999999999       0.25098643645005958     
   152.00000000000000       0.37325063755378080     
   152.80000000000001      -0.12650859651263879     
   153.60000000000002      -0.41746872899136994     
   154.40000000000003       -1.4842112983621758E-002
   155.20000000000005       0.41417674262378373     
   156.00000000000006       0.15771913678474203     
   156.80000000000007      -0.35931373004085676     
   157.60000000000008      -0.28026553565413181     
   158.40000000000009       0.26248508485955246     
   159.20000000000010       0.36770766812997202     
   160.00000000000011      -0.13868400634679956     
   160.80000000000013      -0.41465782689820802     
   161.60000000000014       -8.7795219642777811E-004
   162.40000000000015       0.41594286186962737     
   163.20000000000016       0.14332702259592400     
   164.00000000000017      -0.36722926497410502     
   164.80000000000018      -0.26934601670473979     
   165.60000000000019       0.27419553193561585     
   166.40000000000020       0.36163773800200649     
   167.20000000000022      -0.15133617407718025     
   168.00000000000023      -0.41215546597837716     
   168.80000000000024        1.2605346839466902E-002
   169.60000000000025       0.41729857460480219     
   170.40000000000026       0.12930852974417528     
   171.20000000000027      -0.37403929579103734     
   172.00000000000028      -0.25766792335472327     
   172.80000000000030       0.28557733655346501     
   173.60000000000031       0.35470639481877680     
   174.40000000000032      -0.16442781605925577     
   175.20000000000033      -0.40961205038820303     
   176.00000000000034        2.6059313421404884E-002
   176.80000000000035       0.41856201647917446     
   177.60000000000036       0.11568335807081565     
   178.40000000000038      -0.38003207026923275     
   179.20000000000039      -0.24565780948055801     
   180.00000000000040       0.29632085019578591     
   180.80000000000041       0.34689729123267665     
   181.60000000000042      -0.17769773011631174     
   182.40000000000043      -0.40666473487146226     
   183.20000000000044        3.9743601752676327E-002
   184.00000000000045       0.41977122138247380     
   184.80000000000047       0.10226334220526440     
   185.60000000000048      -0.38552222081736093     
   186.40000000000049      -0.23358317202246454     
   187.20000000000050       0.30636331287950597     
   188.00000000000051       0.33838713198699394     
   188.80000000000052      -0.19084976677784299     
   189.60000000000053      -0.40308312193445595     
   190.40000000000055        5.3701868549262455E-002
   191.20000000000056       0.42078747074055634     
   192.00000000000057        8.8818102782845354E-002
   192.80000000000058      -0.39071697677255568     
   193.60000000000059      -0.22152273722764604     
   194.40000000000060       0.31580413365052784     
   195.20000000000061       0.32940010741897674     
   196.00000000000063      -0.20367521953255086     
   196.80000000000064      -0.39880288260757502     
   197.60000000000065        6.7830428460826986E-002
   198.40000000000066       0.42142266450088478     
   199.20000000000067        7.5186855313515266E-002
   200.00000000000068      -0.39568007512317177     
   200.80000000000069      -0.20942143189407658     
   201.60000000000070       0.32479428708035296     
   202.40000000000072       0.32010601302868147     
   203.20000000000073      -0.21609013914274666     
   204.00000000000074      -0.39388194056074355     
   204.80000000000075        8.1974168514897028E-002
   205.60000000000076       0.42153187832438660     
   206.40000000000077        6.1316392219476823E-002
   207.20000000000078      -0.40036589405278339     
   208.00000000000080      -0.19717328379443061     
   208.80000000000081       0.33345293154696559     
   209.60000000000082       0.31058239143218991     
   210.40000000000083      -0.22810936460750553     
   211.20000000000084      -0.38842875050829234     
   212.00000000000085        9.6001540625705817E-002
   212.80000000000086       0.42105047663461531     
   213.60000000000088        4.7241935300578297E-002
   214.40000000000089      -0.40468110423512677     
   215.20000000000090      -0.18468879916523007     
   216.00000000000091       0.34183156372721324     
   216.80000000000092       0.30082804391302298     
   217.60000000000093      -0.23979394605800197     
   218.40000000000094      -0.38254184558753546     
   219.20000000000095       0.10983887107404794     
   220.00000000000097       0.41998508181351107     
   220.80000000000098        3.3042346185319704E-002
   221.60000000000099      -0.40853865669551559     
   222.40000000000100      -0.17192764157188123     
   223.20000000000101       0.34991931303009893     
   224.00000000000102       0.29080102983429090     
   224.80000000000103      -0.25120326738631604     
   225.60000000000105      -0.37627893845424465     
   226.40000000000106       0.12346812058597345     
   227.20000000000107       0.41838138027987548     
   228.00000000000108        1.8797648923266519E-002
   228.80000000000109      -0.41188673445011836     
   229.60000000000110      -0.15889880196197864     
   230.40000000000111       0.35766997072712509     
   231.20000000000113       0.28045629029570818     
   232.00000000000114      -0.26236815746669084     
   232.80000000000115      -0.36965485673932608     
   233.60000000000116       0.13690441633197181     
   234.40000000000117       0.41629085155517409     
   235.20000000000118        4.5640944846941922E-003
   236.00000000000119      -0.41471221082791404     
   236.80000000000121      -0.14564194636024874     
   237.60000000000122       0.36503124699131384     
   238.40000000000123       0.26976868568077550     
   239.20000000000124      -0.27328638838054531     
   240.00000000000125      -0.36265690099215037     
   240.80000000000126       0.15017048862239096     
   241.60000000000127       0.41374956835316029     
   242.40000000000128       -9.6311469880113187E-003
   243.20000000000130      -0.41702808309074113     
   244.00000000000131      -0.13220502360725961     
   244.80000000000132       0.37196414737380556     
   245.60000000000133       0.25873881727589931     
   246.40000000000134      -0.28393282045647639     
   247.20000000000135      -0.35526439069157834     
   248.00000000000136       0.16327908350368547     
   248.80000000000138       0.41077204872125306     
   249.60000000000139       -2.3781951597237838E-002
   250.40000000000140      -0.41885645768966195     
   251.20000000000141      -0.11862825736859484     
   252.00000000000142       0.37844925549277192     
   252.80000000000143       0.24738669097317301     
   253.60000000000144      -0.29427413249972800     
   254.40000000000146      -0.34746316201207483     
   255.20000000000147       0.17622669864611440     
   256.00000000000148       0.40735613770087309     
   256.80000000000149       -3.7890581810631874E-002
   257.60000000000150      -0.42021546271075716     
   258.40000000000151      -0.10493792371937694     
   259.20000000000152       0.38448306628840667     
   260.00000000000153       0.23574078250616376     
   260.80000000000155      -0.30428057951370641     
   261.60000000000156      -0.33925161546962190     
   262.40000000000157       0.18899625170848267     
   263.20000000000158       0.40349238798506426     
   264.00000000000159       -5.1957196821703966E-002
   264.80000000000160      -0.42111342172253458     
   265.60000000000161       -9.1148141589074139E-002
   266.40000000000163       0.39006998104007740     
   267.20000000000164       0.22382861901088319     
   268.00000000000165      -0.31393155167723125     
   268.80000000000166      -0.33063957711366415     
   269.60000000000167       0.20156389054808227     
   270.40000000000168       0.39917245380765543     
   271.20000000000169       -6.5974626542089077E-002
   272.00000000000171      -0.42154944194232608     
   272.80000000000172       -7.7266595381292213E-002
   273.60000000000173       0.39521485739364498     
   274.40000000000174       0.21167182449913013     
   275.20000000000175      -0.32321543910547612     
   276.00000000000176      -0.32164344547042134     
   276.80000000000177       0.21390559917480101     
   277.60000000000178       0.39439370944642582     
   278.40000000000180       -7.9928184825515780E-002
   279.20000000000181      -0.42151747957714852     
   280.00000000000182       -6.3300334514504619E-002
   280.80000000000183       0.39991872629850084     
   281.60000000000184       0.19928562548090478     
   282.40000000000185      -0.33212626682639157     
   283.20000000000186      -0.31228104450045369     
   284.00000000000188       0.22600116944596393     
   284.80000000000189       0.38915992456484605     
   285.60000000000190       -9.3798468364327203E-002
   286.40000000000191      -0.42101085995397397     
   287.20000000000192       -4.9259396063883243E-002
   288.00000000000193       0.40417797439727127     
   288.80000000000194       0.18668111209897428     
   289.60000000000196      -0.34065975481672761     
   290.40000000000197      -0.30256826735186509     
   291.20000000000198       0.23783514177761483     
   292.00000000000199       0.38347940456115615     
   292.80000000000200      -0.10756481629920234     
   293.60000000000201      -0.42002533459130098     
   294.40000000000202       -3.5157781132079235E-002
   295.20000000000203       0.40798584124252779     
   296.00000000000205       0.17386821947028458     
   296.80000000000206      -0.34881055468025995     
   297.60000000000207      -0.29251802978473412     
   298.40000000000208       0.24939564279794285     
   299.20000000000209       0.37736237560942643     
   300.00000000000210      -0.12120783666703100     
   300.80000000000211      -0.41856012682194238     
   301.60000000000213       -2.1012524421206991E-002
   302.40000000000214       0.41133468347739083     
   303.20000000000215       0.16085797998167900     
   304.00000000000216      -0.35657122472511554     
   304.80000000000217      -0.28214095087861091     
   305.60000000000218       0.26067245811030104     
   306.40000000000219       0.37081892910927206     
   307.20000000000221      -0.13471043610202393     
   308.00000000000222      -0.41661741703833804     
   308.80000000000223       -6.8420116232341677E-003
   309.60000000000224       0.41421781969910793     
   310.40000000000225       0.14766348861312040     
   311.20000000000226      -0.36393260402209215     
   312.00000000000227      -0.27144676562349157     
   312.80000000000229       0.27165540436258595     
   313.60000000000230       0.36385807029185646     
   314.40000000000231      -0.14805759879568914     
   315.20000000000232      -0.41420112308043799     
   316.00000000000233        7.3355020351083544E-003
   316.80000000000234       0.41663043120535614     
   317.60000000000235       0.13429975057224308     
   318.40000000000236      -0.37088485543014083     
   319.20000000000238      -0.26044561564829710     
   320.00000000000239       0.28233350052886136     
   320.80000000000240       0.35648776367417689     
   321.60000000000241      -0.16123553396879253     
   322.40000000000242      -0.41131573810161115     
   323.20000000000243        2.1502698795594410E-002
   324.00000000000244       0.41856957583820975     
   324.80000000000246       0.12078293543101137     
   325.60000000000247      -0.37741850077723665     
   326.40000000000248      -0.24914877192004733     
   327.20000000000249       0.29269492181800238     
   328.00000000000250       0.34871553285315049     
   328.80000000000251      -0.17423079013621035     
   329.60000000000252      -0.40796564355037790     
   330.40000000000254        3.5643315225779570E-002
   331.20000000000255       0.42003368613738901     
   332.00000000000256       0.10712956660139156     
   332.80000000000257      -0.38352506042146101     
   333.60000000000258      -0.23756874867425348     
   334.40000000000259       0.30272742785313544     
   335.20000000000260       0.34054914764900346     
   336.00000000000261      -0.18702969398449043     
   336.80000000000263      -0.40415495665585022     
   337.60000000000264        4.9741823227104742E-002
   338.40000000000265       0.42102196250359564     
   339.20000000000266        9.3355975801849733E-002
   340.00000000000267      -0.38919722422451930     
   340.80000000000268      -0.22571901725416071     
   341.60000000000269       0.31241890607878525     
   342.40000000000271       0.33199709572714303     
   343.20000000000272      -0.19961819634078676     
   344.00000000000273      -0.39988774247406700     
   344.80000000000274        6.3782988180058731E-002
   345.60000000000275       0.42153393810436368     
   346.40000000000276        7.9478111450826949E-002
   347.20000000000277      -0.39442869047111062     
   348.00000000000279      -0.21361359275168454     
   348.80000000000280       0.32175777914263659     
   349.60000000000281       0.32306874609401542     
   350.40000000000282      -0.21198201734319749     
   351.20000000000283      -0.39516835311675735     
   352.00000000000284        7.7751531601150892E-002
   352.80000000000285       0.42156930933972220     
   353.60000000000286        6.5511617128282185E-002
   354.40000000000288      -0.39921387804331493     
   355.20000000000289      -0.20126669922415563     
   356.00000000000290       0.33073318310713606     
   356.80000000000291       0.31377426850349227     
   357.60000000000292      -0.22410691424744328     
   358.40000000000293      -0.39000170849108790     
   359.20000000000294        9.1631989481282317E-002
   360.00000000000296       0.42112798433277904     
   360.80000000000297        5.1472028591201202E-002
   361.60000000000298      -0.40354767846288925     
   362.40000000000299      -0.18869260199356452     
   363.20000000000300       0.33933495014437298     
   364.00000000000301       0.30412443871733075     
   364.80000000000302      -0.23597892308759860     
   365.60000000000304      -0.38439343359074279     
   366.40000000000305       0.10540874407747353     
   367.20000000000306       0.42021023850682909     
   368.00000000000307        3.7374956663074221E-002
   368.80000000000308      -0.40742532847151097     
   369.60000000000309      -0.17590559411717391     
   370.40000000000310       0.34755348968266075     
   371.20000000000312       0.29413044797461196     
   372.00000000000313      -0.24758449823968598     
   372.80000000000314      -0.37834985790922038     
   373.60000000000315       0.11906614998331966     
   374.40000000000316       0.41881687207709939     
   375.20000000000317        2.3236184846334162E-002
   376.00000000000318      -0.41084240342150152     
   376.80000000000319      -0.16292007055040986     
   377.60000000000321       0.35537966090691825     
   378.40000000000322       0.28380378316276678     
   379.20000000000323      -0.25891054496795796     
   380.00000000000324      -0.37187793265755786     
   380.80000000000325       0.13258867266176388     
   381.60000000000326       0.41694930776386624     
   382.40000000000327        9.0716731906351211E-003
   383.20000000000329      -0.41379488523155017     
   384.00000000000330      -0.14975061800662637     
   384.80000000000331       0.36280469342101718     
   385.60000000000332       0.27315618887604232     
   386.40000000000333      -0.26994438291469958     
   387.20000000000334      -0.36498512912899184     
   388.00000000000335       0.14596098733814689     
   388.80000000000337       0.41460961568258980     
   389.60000000000338       -5.1025006329207256E-003
   390.40000000000339      -0.41627924946156125     
   391.20000000000340      -0.13641207283470286     
   392.00000000000341       0.36982017034694264     
   392.80000000000342       0.26219968637014057     
   393.60000000000343      -0.28067368875296161     
   394.40000000000344      -0.35767936179767912     
   395.20000000000346       0.15916802318964007     
   396.00000000000347       0.41180048542396275     
   396.80000000000348       -1.9270221158023737E-002
   397.60000000000349      -0.41829253190673116     
   398.40000000000350      -0.12291953147677637     
   399.20000000000351       0.37641805812380374     
   400.00000000000352       0.25094661308787392     
   400.80000000000354      -0.29108645374133957     
   401.60000000000355      -0.34996895171056142     
   402.40000000000356       0.17219496489542419     
   403.20000000000357       0.40852517678457495     
   404.00000000000358       -3.3415403615822459E-002
   404.80000000000359      -0.41983235936166302     
   405.60000000000360      -0.10928832257715615     
   406.40000000000362       0.38259075593470443     
   407.20000000000363       0.23940965375191298     
   408.00000000000364      -0.30117097107693230     
   408.80000000000365      -0.34186262362434505     
   409.60000000000366       0.18502723467155480     
   410.40000000000367       0.40478747522273617     
   411.20000000000368       -4.7522036721856731E-002
   412.00000000000369      -0.42089694905634378     
   412.80000000000371       -9.5533960510914562E-002
   413.60000000000372       0.38833114146025144     
   414.40000000000373       0.22760184931281269     
   415.20000000000374      -0.31091585022299428     
   416.00000000000375      -0.33336952008139914     
   416.80000000000376       0.19765047547912445     
   417.60000000000377       0.40059166506564242     
   418.40000000000379       -6.1574201167896414E-002
   419.20000000000380      -0.42148509100277443     
   420.00000000000381       -8.1672098744270116E-002
   420.80000000000382       0.39363260071124995     
   421.60000000000383       0.21553658409731155     
   422.40000000000384      -0.32031004623608406     
   423.20000000000385      -0.32449921611683585     
   424.00000000000387       0.21005054679788293     
   424.80000000000388       0.39594252100839000     
   425.60000000000389       -7.5556073783255739E-002
   426.40000000000390      -0.42159612767327531     
   427.20000000000391       -6.7718493648010136E-002
   428.00000000000392       0.39848904072441316     
   428.80000000000393       0.20322755947450843     
   429.60000000000394      -0.32934289140193618     
   430.40000000000396      -0.31526172479318648     
   431.20000000000397       0.22221353465950744     
   432.00000000000398       0.39084531105162390     
   432.80000000000399       -8.9451928455487273E-002
   433.60000000000400      -0.42122994004267139     
   434.40000000000401       -5.3688980863239755E-002
   435.20000000000402       0.40289489071756063     
   436.00000000000404       0.19068876379072405     
   436.80000000000405      -0.33800412090554099     
   437.60000000000406      -0.30566749124639958     
   438.40000000000407       0.23412577139672508     
   439.20000000000408       0.38530580237976586     
   440.00000000000409      -0.10324614131429227     
   440.80000000000410      -0.42038694247344843     
   441.60000000000412       -3.9599460616151438E-002
   442.40000000000413       0.40684509908265637     
   443.20000000000414       0.17793444543147779     
   444.00000000000415      -0.34628388996316811     
   444.80000000000416      -0.29572737812879135     
   445.60000000000417       0.24577385870869506     
   446.40000000000418       0.37933026399225678     
   447.20000000000420      -0.11692320273972601     
   448.00000000000421      -0.41906808420472330     
   448.80000000000422       -2.5465886492141543E-002
   449.60000000000423       0.41033513178503284     
   450.40000000000424       0.16497909158861920     
   451.20000000000425      -0.35417278409879593     
   452.00000000000426      -0.28545264721975283     
   452.80000000000427       0.25714468902725363     
   453.60000000000429       0.37292546359938372     
   454.40000000000430      -0.13046773493358355     
   455.20000000000431      -0.41727485335363751     
   456.00000000000432       -1.1304253206360526E-002
   456.80000000000433       0.41336097456057741     
   457.60000000000434       0.15183741187402233     
   458.40000000000435      -0.36166182604483321     
   459.20000000000437      -0.27485494124102816     
   460.00000000000438       0.26822546288163063     
   460.80000000000439       0.36609865938288133     
   461.60000000000440      -0.14386451206581430     
   462.40000000000441      -0.41500927983644709     
   463.20000000000442        2.8694187786321712E-003
   464.00000000000443       0.41591913854203338     
   464.80000000000445       0.13852432427201805     
   465.60000000000446      -0.36874248244354585     
   466.40000000000447      -0.26394626794052101     
   467.20000000000448       0.27900370241575401     
   468.00000000000449       0.35885758878289631     
   468.80000000000450      -0.15709848015714745     
   469.60000000000451      -0.41227393529452716     
   470.40000000000452        1.7039101756948782E-002
   471.20000000000454       0.41800666748361709     
   472.00000000000455       0.12505494094882436     
   472.80000000000456      -0.37540667211304085     
   473.60000000000457      -0.25273898657537175     
   474.40000000000458       0.28946726257074185     
   475.20000000000459       0.35121045654527228     
   476.00000000000460      -0.17015477503849952     
   476.80000000000462      -0.40907192982129215     
   477.60000000000463        3.1188781116615327E-002
   478.40000000000464       0.41962114460678762     
   479.20000000000465       0.11144455241561535     
   480.00000000000466      -0.38164677613868336     
   480.80000000000467      -0.24124579575962457     
   481.60000000000468       0.29960434165238270     
   482.40000000000470       0.34316592345612146     
   483.20000000000471      -0.18301873804436036     
   484.00000000000472      -0.40540690636341281     
   484.80000000000473        4.5302475969209888E-002
   485.60000000000474       0.42076069775216590     
   486.40000000000475        9.7708609696680382E-002
   487.20000000000476      -0.38745564906266350     
   488.00000000000477      -0.22947972135805950     
   488.80000000000479       0.30940349246830667     
   489.60000000000480       0.33473309617860791     
   490.40000000000481      -0.19567593000082262     
   491.20000000000482      -0.40128303397542503     
   492.00000000000483        5.9364258960210026E-002
   492.80000000000484       0.42142400240816258     
   493.60000000000485        8.3862704976305658E-002
   494.40000000000487      -0.39282663013031804     
   495.20000000000488      -0.21745410344724680     
   496.00000000000489       0.31885363445131132     
   496.80000000000490       0.32592151785963130     
   497.60000000000491      -0.20811214438508552     
   498.40000000000492      -0.39670500084439037     
   499.20000000000493        7.3358274811878565E-002
   500.00000000000495       0.42161028286493191     
   500.80000000000496        6.9922551511914566E-002
   501.60000000000497      -0.39775355375114080     
   502.40000000000498      -0.20518258193654726     
   503.20000000000499       0.32794406657761566     
   504.00000000000500       0.31674115886733140     
   504.80000000000501      -0.22031342038915996     
   505.60000000000502      -0.39167800751166099     
   506.40000000000504        8.7268757695252441E-002
   507.20000000000505       0.42131931204062822     
   508.00000000000506        5.5903963501751752E-002
   508.80000000000507      -0.40223075874939129     
   509.60000000000508      -0.19267908092805444     
   510.40000000000509       0.33666448060399257     
   511.20000000000510       0.30720240708247259     
   512.00000000000512      -0.23226605626938990     
   512.80000000000507      -0.38620776028808090     
   513.60000000000502       0.10108004779787910     
   514.40000000000498       0.42055141049880218     
   515.20000000000493        4.1822836300727362E-002
   516.00000000000489      -0.40625309636297591     
   516.80000000000484      -0.17995779215062074     
   517.60000000000480       0.34500497415061510     
   518.40000000000475       0.29731605741301648     
   519.20000000000471      -0.24395662302490095     
   520.00000000000466      -0.38030046461857370     
   520.80000000000462       0.11477660747068869     
   521.60000000000457       0.41930744497100569     
   522.40000000000452        2.7695127077278725E-002
   523.20000000000448      -0.40981593717387699     
   524.00000000000443      -0.16703315783122402     
   524.80000000000439       0.35295606332807489     
   525.60000000000434       0.28709330046605186     
   526.40000000000430      -0.25537197824265434     
   527.20000000000425      -0.37396281811487764     
   528.00000000000421       0.12834303719852147     
   528.80000000000416       0.41758882647042234     
   529.60000000000412        1.3536835817463178E-002
   530.40000000000407      -0.41291517719894860     
   531.20000000000402      -0.15391985325661867     
   532.00000000000398       0.36050869480378261     
   532.80000000000393       0.27654571048374549     
   533.60000000000389      -0.26649927989725458     
   534.40000000000384      -0.36720200307127537     
   535.20000000000380       0.14176409146299551     
   536.00000000000375       0.41539750792864449     
   536.80000000000371       -6.3601346723368701E-004
   537.60000000000366      -0.41554724329267634     
   538.40000000000362      -0.14063276912380251     
   539.20000000000357       0.36765425734145885     
   540.00000000000352       0.26568523269604194     
   540.80000000000348      -0.27732599995517604     
   541.60000000000343      -0.36002567840249750     
   542.40000000000339       0.15502469445279571     
   543.20000000000334       0.41273598124278554     
   544.00000000000330       -1.4807391428986794E-002
   544.80000000000325      -0.41770909790973387     
   545.60000000000321      -0.12718699367451625     
   546.40000000000316       0.37438459289429760     
   547.20000000000312       0.25452417021281309     
   548.00000000000307      -0.28783993772455568     
   548.80000000000302      -0.35244197104588681     
   549.60000000000298       0.16810995552401864     
   550.40000000000293       0.40960727364586907     
   551.20000000000289       -2.8961281987678777E-002
   552.00000000000284      -0.41939824318434576     
   552.80000000000280      -0.11359779456168589     
   553.60000000000275       0.38069200731021152     
   554.40000000000271       0.24307517050451505     
   555.20000000000266      -0.29802923297128631     
   556.00000000000261      -0.34445946691079710     
   556.80000000000257       0.18100518433297741     
   557.60000000000252       0.40601494337897204     
   558.40000000000248       -4.3081700797994671E-002
   559.20000000000243      -0.42061272424679752     
   560.00000000000239       -9.9880600409662124E-002
   560.80000000000234       0.38656928065312351     
   561.60000000000230       0.23135121145837684     
   562.40000000000225      -0.30788237885843178     
   563.20000000000221      -0.33608720144982313     
   564.00000000000216       0.19369590561286426     
   564.80000000000211       0.40196307470285209     
   565.60000000000207       -5.7152713494101115E-002
   566.40000000000202      -0.42135113170448663     
   567.20000000000198       -8.6050982071320004E-002
   568.00000000000193       0.39200967709083995     
   568.80000000000189       0.21936558696379238     
   569.60000000000184      -0.31738823476109879     
   570.40000000000180      -0.32733464988995570     
   571.20000000000175       0.20616787361346195     
   572.00000000000171       0.39745627231999286     
   572.80000000000166       -7.1158453627883367E-002
   573.60000000000161      -0.42161260324901567     
   574.40000000000157       -7.2124633630023471E-002
   575.20000000000152       0.39700695426902338     
   576.00000000000148       0.20713189198008014     
   576.80000000000143      -0.32653603898126277     
   577.60000000000139      -0.31821171712255447     
   578.40000000000134       0.21840708625415584     
   579.20000000000130       0.39249965528280595     
   580.00000000000125       -8.5083140242213418E-002
   580.80000000000121      -0.42139682438914228     
   581.60000000000116       -5.8117353222943924E-002
   582.40000000000111       0.40155537208431935     
   583.20000000000107       0.19466400705930087     
   584.00000000000102      -0.33531542135226799     
   584.80000000000098      -0.30872872722282385     
   585.60000000000093       0.23039979904831831     
   586.40000000000089       0.38709885044922770     
   587.20000000000084       -9.8911095050573106E-002
   588.00000000000080      -0.42070402833812398     
   588.80000000000075       -4.4045023772427638E-002
   589.60000000000070       0.40564970078246015     
   590.40000000000066       0.18197608232446100     
   591.20000000000061      -0.34371641569637640     
   592.00000000000057      -0.29889641255863342     
   592.80000000000052       0.24213253884993857     
   593.60000000000048       0.38125998552559370     
   594.40000000000043      -0.11262675922022991     
   595.20000000000039      -0.41953499509828257     
   596.00000000000034       -2.9923593706279006E-002
   596.80000000000030       0.40928522832636388     
   597.60000000000025       0.16908252092604523     
   598.40000000000020      -0.35172947208323890     
   599.20000000000016      -0.28872590245010582     
   600.00000000000011       0.25359211745786020     
   600.80000000000007       0.37498968171717445     
   601.60000000000002      -0.12621470977055210     
   602.39999999999998      -0.41789104978781250     
   603.19999999999993       -1.5769057735681158E-002
   603.99999999999989       0.41245776699743653     
   604.79999999999984       0.15599796201321564     
   605.59999999999980      -0.35934546883571977     
   606.39999999999975      -0.27822871135270361     
   607.19999999999970       0.26476564509697281     
   607.99999999999966       0.36829504599473917     
   608.79999999999961      -0.13965967560402570     
   609.59999999999957      -0.41577406025188224     
   610.39999999999952       -1.5974377482099733E-003
   611.19999999999948       0.41516365920528847     
   611.99999999999943       0.14273726326373082     
   612.79999999999939      -0.36655572422801996     
   613.59999999999934      -0.26741672654261328     
   614.39999999999930       0.27564054378718217     
   615.19999999999925       0.36118366297921078     
   615.99999999999920      -0.15294655318923112     
   616.79999999999916      -0.41318643399456662     
   617.59999999999911        1.2575236138377799E-002
   618.39999999999907       0.41739978249036541     
   619.19999999999902       0.12931548301716195     
   619.99999999999898      -0.37335200782764538     
   620.79999999999893      -0.25630219529491949     
   621.59999999999889       0.28620456060217991     
   622.39999999999884       0.35366358644641849     
   623.19999999999879      -0.16606042191045678     
   623.99999999999875      -0.41013111446366379     
   624.79999999999870        2.6732944318958229E-002
   625.59999999999866       0.41916355370444475     
   626.39999999999861       0.11574786205508980     
   627.19999999999857      -0.37972655143324102     
   627.99999999999852      -0.24489771154461543     
   628.79999999999848       0.29644578082095435     
   629.59999999999843       0.34574333045342753     
   630.39999999999839      -0.17898655910313255     
   631.19999999999834      -0.40661157672388476     
   631.99999999999829        4.0859696201158535E-002
   632.79999999999825       0.42045293235972503     
   633.59999999999820       0.10204980507622985     
   634.39999999999816      -0.38567205955824602     
   635.19999999999811      -0.23321620202467674     
   635.99999999999807       0.30635264096749959     
   636.79999999999802       0.33743186008369891     
   637.59999999999798      -0.19171045479423393     
   638.39999999999793      -0.40263182255102048     
   639.19999999999789        5.4939548428253659E-002
   639.99999999999784       0.42126642314136725     
   640.79999999999779        8.8236861914286702E-002
   641.59999999999775      -0.39118171941288349     
   642.39999999999770      -0.22127091187816428     
   643.19999999999766       0.31591394173388243     
   643.99999999999761       0.32873858180957843     
   644.79999999999757      -0.20421782616915435     
   645.59999999999752      -0.39819637498309163     
   646.39999999999748        6.8956622791055799E-002
   647.19999999999743       0.42160307758136434     
   647.99999999999739        7.4324708550862539E-002
   648.79999999999734      -0.39624921033126576     
   649.59999999999729      -0.20907538974018985     
   650.39999999999725       0.32511886077583435     
   651.19999999999720       0.31967333346242671     
   651.99999999999716      -0.21649463179257161     
   652.79999999999711      -0.39331027236559973     
   653.59999999999707        8.2895123802468385E-002
   654.39999999999702       0.42146249490322441     
   655.19999999999698        6.0329127982353847E-002
   655.99999999999693      -0.40086871259227663     
   656.79999999999688      -0.19664347229478157     
   657.59999999999684       0.33395696536069747     
   658.39999999999679       0.31024637379710612     
   659.19999999999675      -0.22852708561001550     
   659.99999999999670      -0.38797906192243020     
   660.79999999999666        9.6739355916614700E-002
   661.59999999999661       0.42084482205140061     
   662.39999999999657        4.6265990997817030E-002
   663.19999999999652      -0.40503491558618648     
   663.99999999999648      -0.18398926831501916     
   664.79999999999643       0.34241822484337525     
   665.59999999999638       0.30046837163597345     
   666.39999999999634      -0.24030167075726622     
   667.19999999999629      -0.38220879288420673     
   667.99999999999625       0.11047374037823288     
   668.79999999999620       0.41975075292645719     
   669.59999999999616        3.2151236929883420E-002
   670.39999999999611      -0.40874302527920459     
   671.19999999999607      -0.17112714220150696     
   671.99999999999602       0.35049302293695461     
   672.79999999999598       0.29035039457129647     
   673.59999999999593      -0.25180515320565250     
   674.39999999999588      -0.37600600919952720     
   675.19999999999584       0.12408283170056533     
   675.99999999999579       0.41818152685599425     
   676.79999999999575        1.8000854438776692E-002
   677.59999999999570      -0.41198877093661990     
   678.39999999999566      -0.15807169704450497     
   679.19999999999561       0.35817216973715549     
   679.99999999999557       0.27990389720691256     
   680.79999999999552      -0.26302459526324617     
   681.59999999999548      -0.36937774184701239     
   682.39999999999543       0.13755133377444900     
   683.19999999999538       0.41613892633181654     
   683.99999999999534        3.8308623855762836E-003
   684.79999999999529      -0.41476841107089263     
   685.59999999999525      -0.14483775723874054     
   686.39999999999520       0.36544691345850938     
   687.19999999999516       0.26914070892094061     
   687.99999999999511      -0.27394736895136557     
   688.79999999999507      -0.36233150076463960     
   689.59999999999502       0.15086411561735613     
   690.39999999999498       0.41362527404951316     
   691.19999999999493       -1.0342709149471274E-002
   691.99999999999488      -0.41707873858535893     
   692.79999999999484      -0.13144035068755744     
   693.59999999999479       0.37230895183171220     
   694.39999999999475       0.25807302112960701     
   695.19999999999470      -0.28456116926937475     
   695.99999999999466      -0.35487526640328748     
   696.79999999999461       0.16400622677918875     
   697.59999999999457       0.41064342928931952     
   698.39999999999452       -2.4503837654554994E-002
   699.19999999999447      -0.41891708509573555     
   699.99999999999443      -0.11789469064103519     
   700.79999999999438       0.37875044311135930     
   701.59999999999434       0.24671337403966612     
   702.39999999999429      -0.29485402735298316     
   703.19999999999425      -0.34701748090752971     
   703.99999999999420       0.17696291242318385     
   704.79999999999416       0.40719678367457168     
   705.59999999999411       -3.8636526736508914E-002
   706.39999999999407      -0.42028132441522081     
   707.19999999999402      -0.10421615721316835     
   707.99999999999397       0.38476401664238158     
   708.79999999999393       0.23507464287728774     
   709.59999999999388      -0.30481432352823423     
   710.39999999999384      -0.33876703892366500     
   711.19999999999379       0.18971962810469001     
   711.99999999999375       0.40328925634815782     
   712.79999999999370       -5.2724824392409886E-002
   713.59999999999366      -0.42116987519691929     
   714.39999999999361       -9.0420278631742679E-002
   715.19999999999357       0.39034278292966657     
   715.99999999999352       0.22317002358568450     
   716.79999999999347      -0.31443080025471681     
   717.59999999999343      -0.33013327802658377     
   718.39999999999338       0.20226205427536992     
   719.19999999999334       0.39892528860429766     
   719.99999999999329       -6.6752840972397920E-002
   720.79999999999325      -0.42158170273706602     
   721.59999999999320       -7.6522712276112681E-002
   722.39999999999316       0.39548034315904373     
   723.19999999999311       0.21101301799144367     
   723.99999999999307      -0.32369257494416226     
   724.79999999999302      -0.32112596875620864     
   725.59999999999297       0.21457611053741416     
   726.39999999999293       0.39410983800980859     
   727.19999999999288       -8.0704766806967476E-002
   727.99999999999284      -0.42151631994553940     
   728.79999999999279       -6.2539225559407163E-002
   729.59999999999275       0.40017079811832185     
   730.39999999999270       0.19861741844151376     
   731.19999999999266      -0.33258915263739902     
   731.99999999999261      -0.31175530425056208     
   732.79999999999256       0.22664796967711731     
   733.59999999999252       0.38884837205017164     
   734.39999999999247       -9.4564889479174519E-002
   735.19999999999243      -0.42097378749953507     
   735.99999999999238       -4.8485676716363557E-002
   736.79999999999234       0.40440875646758989     
   737.59999999999229       0.18599729192059944     
   738.39999999999225      -0.34111043851134504     
   739.19999999999220      -0.30203188945677534     
   739.99999999999216       0.23846407150481791     
   740.79999999999211       0.38314686132804904     
   741.59999999999206      -0.10831761073163559     
   742.39999999999202      -0.41995471320262756     
   743.19999999999197       -3.4377995555720797E-002
   743.99999999999193       0.40818934231601334     
   744.79999999999188       0.17316696366674056     
   745.59999999999184      -0.34924675018448337     
   746.39999999999179      -0.29196672990414335     
   747.19999999999175       0.25001113652502965     
   747.99999999999170       0.37701177233945116     
   748.79999999999166      -0.12194746300215420     
   749.59999999999161      -0.41846025057359426     
   750.39999999999156       -2.0232164235456707E-002
   751.19999999999152       0.41150820206306898     
   751.99999999999147       0.16014100030514644     
   752.79999999999143      -0.35698882978363577     
   753.59999999999138      -0.28157122001900087     
   754.39999999999134       0.26127617946076315     
   755.19999999999129       0.37045005984941798     
   755.99999999999125      -0.13543912558997023     
   756.79999999999120      -0.41649209669816190     
   757.59999999999116       -6.0641981205239448E-003
   758.39999999999111       0.41436151046912806     
   759.19999999999106       0.14693419253140472     
   759.99999999999102      -0.36432785572695858     
   760.79999999999097      -0.27085713096197173     
   761.59999999999093       0.27224652264970151     
   762.39999999999088       0.36346915888012343     
   763.19999999999084      -0.14877744046257024     
   763.99999999999079      -0.41405248937768796     
   764.79999999999075        8.1098732249640926E-003
   765.59999999999070       0.41674597592860657     
   766.39999999999065       0.13356153737913162     
   767.19999999999061      -0.37125545417720635     
   767.99999999999056      -0.25983659797191239     
   768.79999999999052       0.28290980932492094     
   769.59999999999047       0.35607697632249219     
   770.39999999999043      -0.16194742771431397     
   771.19999999999038      -0.41114420361061083     
   771.99999999999034        2.2274024859437025E-002
   772.79999999999029       0.41865884492201744     
   773.59999999999025       0.12003822011225562     
   774.39999999999020      -0.37776371011466925     
   775.19999999999015      -0.24852210719942869     
   775.99999999999011       0.29325401679046814     
   776.79999999999006       0.34828188217619421     
   777.59999999999002      -0.17493430069747301     
   778.39999999998997      -0.40777054744740282     
   779.19999999998993        3.6412255053463793E-002
   779.99999999998988       0.42009790563346616     
   780.79999999998984       0.10637959579048401     
   781.59999999998979      -0.38384517797544088     
   782.39999999998975      -0.23692648201840116     
   783.19999999998970       0.30326746949120409     
   783.99999999998965       0.34009270041520212     
   784.79999999998961      -0.18772348084788759     
   785.59999999998956      -0.40393535725592145     
   786.39999999998952        5.0508603608876268E-002
   787.19999999998947       0.42106149072734572     
   787.99999999998943        9.2601170558001544E-002
   788.79999999998938      -0.38949289180383095     
   789.59999999998934      -0.22506286880910154     
   790.39999999998929       0.31293885197332949     
   791.19999999998925       0.33151869947578094     
   791.99999999998920      -0.20030061222944207     
   792.79999999998915      -0.39964299243546075     
   793.59999999998911        6.4547169872175791E-002
   794.39999999998906       0.42154847928242667     
   795.19999999998902        7.8718582709779605E-002
   795.99999999998897      -0.39470037486363296     
   796.79999999998893      -0.21294472220745805     
   797.59999999998888       0.32225722172468574     
   798.39999999998884       0.32256958235573169     
   799.19999999998879      -0.21265157582621025     
