   0.0000000000000000       0.84212895038919333     
  0.80000000000000004        1.4884508545807666     
   1.6000000000000001        1.1628068421637794     
   2.4000000000000004      -0.11799619586726973     
   3.2000000000000002       -1.7063928308078515     
   4.0000000000000000       -2.2820457406461738     
   4.7999999999999998       -1.1488516786504215     
   5.5999999999999996       0.74190583299658908     
   6.3999999999999995        2.3186692845937644     
   7.1999999999999993        2.1536654570429592     
   7.9999999999999991       0.63577726100179399     
   8.7999999999999989       -1.0360522891351194     
   9.5999999999999996       -2.0472398934451284     
   10.400000000000000       -1.7314904422718977     
   11.200000000000001      -0.64199244544365497     
   12.000000000000002       0.42194630937030064     
   12.800000000000002        1.1313196626174133     
   13.600000000000003        1.3512044440066595     
   14.400000000000004        1.1262974212438466     
   15.200000000000005       0.66458517118910376     
   16.000000000000004        9.4163589943246362E-002
   16.800000000000004      -0.57976754637555339     
   17.600000000000005       -1.2511039217864690     
   18.400000000000006       -1.5325451887978967     
   19.200000000000006       -1.1160162812078944     
   20.000000000000007      -0.14419621734592425     
   20.800000000000008        1.0634249832454135     
   21.600000000000009        1.9144726981892028     
   22.400000000000009        1.6642665086286557     
   23.200000000000010       0.53316186474641425     
   24.000000000000011      -0.85901384244010148     
   24.800000000000011       -1.9089475468749713     
   25.600000000000012       -1.8388595727695760     
   26.400000000000013      -0.81420073315523767     
   27.200000000000014       0.45536646089422961     
   28.000000000000014        1.5010209393819691     
   28.800000000000015        1.7954424334678531     
   29.600000000000016        1.2076068220722045     
   30.400000000000016       0.23614632701110572     
   31.200000000000017      -0.73357616622160993     
   32.000000000000014       -1.4465841204532945     
   32.800000000000011       -1.5608152710580869     
   33.600000000000009       -1.0334605928139664     
   34.400000000000006      -0.16591066945035304     
   35.200000000000003       0.79552075047303328     
   36.000000000000000        1.5542683130804225     
   36.799999999999997        1.6269805441156329     
   37.599999999999994       0.94240049998830022     
   38.399999999999991      -0.12718647088858503     
   39.199999999999989       -1.2353868588836823     
   39.999999999999986       -1.8458870897685025     
   40.799999999999983       -1.4749241546148733     
   41.599999999999980      -0.44119489081799768     
   42.399999999999977       0.76163825639812188     
   43.199999999999974        1.6958353747387067     
   43.999999999999972        1.7605454350702616     
   44.799999999999969       0.96266542714894443     
   45.599999999999966      -0.15904112351946698     
   46.399999999999963       -1.2182106412604643     
   47.199999999999960       -1.7623140069358518     
   47.999999999999957       -1.4336024235346025     
   48.799999999999955      -0.53378530705850935     
   49.599999999999952       0.51390919883830899     
   50.399999999999949        1.4108552381102077     
   51.199999999999946        1.7048993827720131     
   51.999999999999943        1.2008538184455184     
   52.799999999999940       0.24814092122047016     
   53.599999999999937      -0.80782294143706079     
   54.399999999999935       -1.6169522091384421     
   55.199999999999932       -1.6659411094076622     
   55.999999999999929      -0.93522066789421032     
   56.799999999999926       0.14256544806759419     
   57.599999999999923        1.2170945684586734     
   58.399999999999920        1.7996485647677103     
   59.199999999999918        1.4606552204121670     
   59.999999999999915       0.49511440892804759     
   60.799999999999912      -0.64037564671872216     
   61.599999999999909       -1.5726192892891091     
   62.399999999999906       -1.7548094496099451     
   63.199999999999903       -1.0826402733493574     
   63.999999999999901       -2.2030120889258598E-002
   64.799999999999898        1.0524763516610280     
   65.599999999999895        1.7254996570311480     
   66.399999999999892        1.5480937880802865     
   67.199999999999889       0.70166676057322108     
   67.999999999999886      -0.37019603008193769     
   68.799999999999883       -1.3477937529958242     
   69.599999999999881       -1.7550623354958104     
   70.399999999999878       -1.3048693880556010     
   71.199999999999875      -0.34090962263464319     
   71.999999999999872       0.74643768329541416     
   72.799999999999869        1.6014056078789296     
   73.599999999999866        1.6998972395299279     
   74.399999999999864       0.99340967626408283     
   75.199999999999861       -7.3124548966028047E-002
   75.999999999999858       -1.1449881928863435     
   76.799999999999855       -1.7684810719937896     
   77.599999999999852       -1.5017329369581991     
   78.399999999999849      -0.58809247516599950     
   79.199999999999847       0.52180287689114935     
   79.999999999999844        1.4807658024538828     
   80.799999999999841        1.7656595919040288     
   81.599999999999838        1.1842738702706512     
   82.399999999999835       0.15847074187599031     
   83.199999999999832      -0.92844621666447291     
   83.999999999999829       -1.6856159813875085     
   84.799999999999827       -1.6204623141290122     
   85.599999999999824      -0.82418799019500688     
   86.399999999999821       0.25043960367686191     
   87.199999999999818        1.2712039181604475     
   87.999999999999815        1.7682280439224942     
   88.799999999999812        1.3877965697135028     
   89.599999999999810       0.44115528994243070     
   90.399999999999807      -0.65596402898981898     
   91.199999999999804       -1.5550314782921637     
   91.999999999999801       -1.7302260234995415     
   92.799999999999798       -1.0739271299411848     
   93.599999999999795       -2.4306692908721228E-002
   94.399999999999793        1.0548676995951058     
   95.199999999999790        1.7381709477319824     
   95.999999999999787        1.5563868324158454     
   96.799999999999784       0.69007941727156608     
   97.599999999999781      -0.40695793764238819     
   98.399999999999778       -1.3969324471335307     
   99.199999999999775       -1.7750368398061489     
   99.999999999999773       -1.2744693759728789     
   100.79999999999977      -0.27767440963588164     
   101.59999999999977       0.81730984992585021     
   102.39999999999976        1.6390211349983392     
   103.19999999999976        1.6730979423783428     
   103.99999999999976       0.92992364553731721     
   104.79999999999976      -0.13738117004655437     
   105.59999999999975       -1.1856614065982698     
   106.39999999999975       -1.7625633562373031     
   107.19999999999975       -1.4611913682010034     
   107.99999999999974      -0.54476286774624572     
   108.79999999999974       0.55361413365812839     
   109.59999999999974        1.4934265917156895     
   110.39999999999974        1.7542133108035840     
   111.19999999999973        1.1599827381265539     
   111.99999999999973       0.13061919927684440     
   112.79999999999973      -0.95720737345588902     
   113.59999999999972       -1.7024590783856222     
   114.39999999999972       -1.6104833096868043     
   115.19999999999972      -0.79255233432158889     
   115.99999999999972       0.29416334341388362     
   116.79999999999971        1.3125346302428280     
   117.59999999999971        1.7772279649824407     
   118.39999999999971        1.3566887191328376     
   119.19999999999970       0.38992770745028071     
   119.99999999999970      -0.70910031048881650     
   120.79999999999970       -1.5845349118663070     
   121.59999999999970       -1.7133505085772986     
   122.39999999999969       -1.0280473136655897     
   123.19999999999969        2.6084081030375295E-002
   123.99999999999969        1.0937299710031669     
   124.79999999999968        1.7441502320792566     
   125.59999999999968        1.5276575790801399     
   126.39999999999968       0.64895924732509158     
   127.19999999999968      -0.44624020583103818     
   127.99999999999967       -1.4222421559235401     
   128.79999999999967       -1.7700594397768374     
   129.59999999999968       -1.2451067340585626     
   130.39999999999969      -0.23934973550658256     
   131.19999999999970       0.85536887388408522     
   131.99999999999972        1.6591475169865704     
   132.79999999999973        1.6590955832295959     
   133.59999999999974       0.89301562021106384     
   134.39999999999975      -0.18231016084529605     
   135.19999999999976       -1.2247196939043947     
   135.99999999999977       -1.7704539473501115     
   136.79999999999978       -1.4322731090928400     
   137.59999999999980      -0.49887789815281747     
   138.39999999999981       0.60072569260782860     
   139.19999999999982        1.5222248606571718     
   139.99999999999983        1.7434717284786991     
   140.79999999999984        1.1212104930963285     
   141.59999999999985        8.4617384484805491E-002
   142.39999999999986      -0.99697261777006552     
   143.19999999999987       -1.7151694215961206     
   143.99999999999989       -1.5873594903367052     
   144.79999999999990      -0.75214993377415962     
   145.59999999999991       0.33665594698661538     
   146.39999999999992        1.3438318425957041     
   147.19999999999993        1.7768487455423498     
   147.99999999999994        1.3266876357242194     
   148.79999999999995       0.34824537372255504     
   149.59999999999997      -0.75065307536917159     
   150.39999999999998       -1.6077147001837684     
   151.19999999999999       -1.7002981262996029     
   152.00000000000000      -0.99057146976032118     
   152.80000000000001        7.0938273158701604E-002
   153.60000000000002        1.1328000359961503     
   154.40000000000003        1.7542076092440166     
   155.20000000000005        1.5014846252969316     
   156.00000000000006       0.60564004739075528     
   156.80000000000007      -0.49146795545749900     
   157.60000000000008       -1.4526006930690687     
   158.40000000000009       -1.7640049039771362     
   159.20000000000010       -1.2099323722504123     
   160.00000000000011      -0.19483630147435238     
   160.80000000000013       0.89641377961105229     
   161.60000000000014        1.6765739020367354     
   162.40000000000015        1.6398516047964267     
   163.20000000000016       0.85338371821663084     
   164.00000000000017      -0.22609935249837743     
   164.80000000000018       -1.2594184209311128     
   165.60000000000019       -1.7741599135058514     
   166.40000000000020       -1.4034969833191355     
   167.20000000000022      -0.45641249514989346     
   168.00000000000023       0.64377222886805907     
   168.80000000000024        1.5483303332611023     
   169.60000000000025        1.7331592022089657     
   170.40000000000026        1.0847013433745336     
   171.20000000000027        4.0049587330084568E-002
   172.00000000000028       -1.0368863631779552     
   172.80000000000030       -1.7284397973591457     
   173.60000000000031       -1.5640868165460682     
   174.40000000000032      -0.71036971749618305     
   175.20000000000033       0.38137552012998766     
   176.00000000000034        1.3763057395620972     
   176.80000000000035        1.7749728224238648     
   177.60000000000036        1.2940502907502238     
   178.40000000000038       0.30441161939314498     
   179.20000000000039      -0.79281141155715451     
   180.00000000000040       -1.6289789058445303     
   180.80000000000041       -1.6845712326795890     
   181.60000000000042      -0.95200094946875091     
   182.40000000000043       0.11518669742370191     
   183.20000000000044        1.1698199773606768     
   184.00000000000045        1.7618401784378475     
   184.80000000000047        1.4747732174662596     
   185.60000000000048       0.56336506113808060     
   186.40000000000049      -0.53526250209597481     
   187.20000000000050       -1.4814626884402853     
   188.00000000000051       -1.7571173640085280     
   188.80000000000052       -1.1749589077255096     
   189.60000000000053      -0.15058125307936665     
   190.40000000000055       0.93737692154340979     
   191.20000000000056        1.6933194962844702     
   192.00000000000057        1.6196274478876960     
   192.80000000000058       0.81285236874805022     
   193.60000000000059      -0.27070767108282445     
   194.40000000000060       -1.2940062957855090     
   195.20000000000061       -1.7762901666068764     
   196.00000000000063       -1.3731793650412625     
   196.80000000000064      -0.41310371775615828     
   197.60000000000065       0.68679429279158266     
   198.40000000000066        1.5729528305860567     
   199.20000000000067        1.7209758324412383     
   200.00000000000068        1.0474631234687126     
   200.80000000000069       -4.2807617243181273E-003
   201.60000000000070       -1.0756986880919648     
   202.40000000000072       -1.7399068364352104     
   203.20000000000073       -1.5398935054417249     
   204.00000000000074      -0.66871379243727869     
   204.80000000000075       0.42558431461212665     
   205.60000000000076        1.4077092724750191     
   206.40000000000077        1.7717960638605295     
   207.20000000000078        1.2609011709501470     
   208.00000000000080       0.26050332539420884     
   208.80000000000081      -0.83477117881261220     
   209.60000000000082       -1.6491645427826849     
   210.40000000000083       -1.6675751096755032     
   211.20000000000084      -0.91272435025167464     
   212.00000000000085       0.15975053216222612     
   212.80000000000086        1.2063505008834159     
   213.60000000000088        1.7679032438837317     
   214.40000000000089        1.4468488163814519     
   215.20000000000090       0.52063215945384156     
   216.00000000000091      -0.57891702128861067     
   216.80000000000092       -1.5090987874287598     
   217.60000000000093       -1.7485918278043617     
   218.40000000000094       -1.1392820851420020     
   219.20000000000095      -0.10636093702364136     
   220.00000000000097       0.97765211262338259     
   220.80000000000098        1.7085123885039009     
   221.60000000000099        1.5982651716388065     
   222.40000000000100       0.77206908327223112     
   223.20000000000101      -0.31513918890380233     
   224.00000000000102       -1.3277133008684330     
   224.80000000000103       -1.7769487961135864     
   225.60000000000105       -1.3420711980280648     
   226.40000000000106      -0.36961114912600945     
   227.20000000000107       0.72959893352655425     
   228.00000000000108        1.5964157419632823     
   228.80000000000109        1.7073941608870584     
   229.60000000000110        1.0095607885411337     
   230.40000000000111       -4.8763717052750399E-002
   231.20000000000113       -1.1139557136397584     
   232.00000000000114       -1.7498380129628734     
   232.80000000000115       -1.5145395891775291     
   233.60000000000116      -0.62667795337731103     
   234.40000000000117       0.46967421436382861     
   235.20000000000118        1.4380602093521697     
   236.00000000000119        1.7670380776604557     
   236.80000000000121        1.2269902984430106     
   237.60000000000122       0.21651784569034227     
   238.40000000000123      -0.87625082635903051     
   239.20000000000124       -1.6679349555793830     
   240.00000000000125       -1.6493020472330018     
   240.80000000000126      -0.87301622164332937     
   241.60000000000127       0.20427067078998495     
   242.40000000000128        1.2421186121669137     
   243.20000000000130        1.7724408406988519     
   244.00000000000131        1.4179885629696871     
   244.80000000000132       0.47765534467172155     
   245.60000000000133      -0.62238553984004752     
   246.40000000000134       -1.5356145591298684     
   247.20000000000135       -1.7385935238504409     
   248.00000000000136       -1.1029145610298923     
   248.80000000000138       -6.2025079584830722E-002
   249.60000000000139        1.0174111504274819     
   250.40000000000140        1.7222203736901707     
   251.20000000000141        1.5756978450293366     
   252.00000000000142       0.73088177922101494     
   252.80000000000143      -0.35950014203408065     
   253.60000000000144       -1.3605005774960275     
   254.40000000000146       -1.7760363452255290     
   255.20000000000147       -1.3101231648627940     
   256.00000000000148      -0.32596858433142084     
   256.80000000000149       0.77205217565764017     
   257.60000000000150        1.6185725844652377     
   258.40000000000151        1.6924363852984137     
   259.20000000000152       0.97111694626852563     
   260.00000000000153       -9.3267477308954128E-002
   260.80000000000155       -1.1515476074953979     
   261.60000000000156       -1.7582430645577558     
   262.40000000000157       -1.4881423063492967     
   263.20000000000158      -0.58434194019391716     
   264.00000000000159       0.51362788183914532     
   264.80000000000160        1.4673746936219731     
   265.60000000000161        1.7607595863985748     
   266.40000000000163        1.1923327953340195     
   267.20000000000164       0.17240645906880414     
   268.00000000000165      -0.91728750352452648     
   268.80000000000166       -1.6852879755601538     
   269.60000000000167       -1.6297490067973719     
   270.40000000000168      -0.83284585876833372     
   271.20000000000169       0.24876709225397320     
   272.00000000000171        1.2770789829504214     
   272.80000000000172        1.7754131972200913     
   273.60000000000173        1.3882040065022512     
   274.40000000000174       0.43446834361657349     
   275.20000000000175      -0.66559823814507801     
   276.00000000000176       -1.5609303020854495     
   276.80000000000177       -1.7271450728364566     
   277.60000000000178       -1.0659200093848633     
   278.40000000000180       -1.7626711589244337E-002
   279.20000000000181        1.0565961524079410     
   280.00000000000182        1.7344328892966416     
   280.80000000000183        1.5519892159308537     
   281.60000000000184       0.68933231273046980     
   282.40000000000185      -0.40377671428397255     
   283.20000000000186       -1.3923494384753856     
   284.00000000000188       -1.7735749475277394     
   284.80000000000189       -1.2773588831972944     
   285.60000000000190      -0.28216933948330736     
   286.40000000000191       0.81414481341129030     
   287.20000000000192        1.6393951821782102     
   288.00000000000193        1.6761196864053376     
   288.80000000000194       0.93214158143543902     
   289.60000000000196      -0.13778770963599452     
   290.40000000000197       -1.1884322093749873     
   291.20000000000198       -1.7650987799768192     
   292.00000000000199       -1.4607318792196704     
   292.80000000000200      -0.54173634113636049     
   293.60000000000201       0.55740366373877293     
   294.40000000000202        1.4955967352921227     
   295.20000000000203        1.7529771810774317     
   296.00000000000205        1.1569707704474530     
   296.80000000000206       0.12819652600958809     
   297.60000000000207      -0.95783947956928928     
   298.40000000000208       -1.7011998598581377     
   299.20000000000209       -1.6089606241620589     
   300.00000000000210      -0.79224546628902004     
   300.80000000000211       0.29322625864648055     
   301.60000000000213        1.3112005943039042     
   302.40000000000214        1.7768253095286666     
   303.20000000000215        1.3575251899797744     
   304.00000000000216       0.39108236050130774     
   304.80000000000217      -0.70853187608122015     
   305.60000000000218       -1.5850076050809765     
   306.40000000000219       -1.7142667422587308     
   307.20000000000221       -1.0283216354990272     
   308.00000000000222        2.6823276908689797E-002
   308.80000000000223        1.0951680894441795     
   309.60000000000224        1.7451276717545872     
   310.40000000000225        1.5271751135018770     
   311.20000000000226       0.64745009108274720     
   312.00000000000227      -0.44794062801797785     
   312.80000000000229       -1.4232132108088000     
   313.60000000000230       -1.7695742260341185     
   314.40000000000231       -1.2438136614144994     
   315.20000000000232      -0.23823389384756677     
   316.00000000000233       0.85584069702885923     
   316.80000000000234        1.6588507565921293     
   317.60000000000235        1.6584795252057478     
   318.40000000000236       0.89266466894334995     
   319.20000000000238      -0.18231140364397858     
   320.00000000000239       -1.2245748020216047     
   320.80000000000240       -1.7703997816824362     
   321.60000000000241       -1.4323425230079863     
   322.40000000000242      -0.49888079904988514     
   323.20000000000243       0.60097610284996295     
   324.00000000000244        1.5226842138064247     
   324.80000000000246        1.7437077167312232     
   325.60000000000247        1.1209318969216513     
   326.40000000000248        8.3901369100601642E-002
   327.20000000000249      -0.99786961519474771     
   328.00000000000250       -1.7156437695680018     
   328.80000000000251       -1.5869733661201644     
   329.60000000000252      -0.75124450049740643     
   330.40000000000254       0.33762716913586921     
   331.20000000000255        1.3444414420198545     
   332.00000000000256        1.7766799307357677     
   332.80000000000257        1.3259864244753565     
   333.60000000000258       0.34751754415332337     
   334.40000000000259      -0.75115355823419239     
   335.20000000000260       -1.6078077669017061     
   336.00000000000261       -1.6999869542792507     
   336.80000000000263      -0.99014883893030692     
   337.60000000000264        7.1312247172168441E-002
   338.40000000000265        1.1330913592317655     
   339.20000000000266        1.7542908342725305     
   340.00000000000267        1.5012921045332410     
   340.80000000000268       0.60525943611402999     
   341.60000000000269      -0.49196842155799736     
   342.40000000000271       -1.4530493251649388     
   343.20000000000272       -1.7640454037342952     
   344.00000000000273       -1.2095173827382051     
   344.80000000000274      -0.19417764467171739     
   345.60000000000275       0.89710415008153044     
   346.40000000000276        1.6769065522969724     
   347.20000000000277        1.6395501032973101     
   348.00000000000279       0.85271584657587463     
   348.80000000000280      -0.22682195050006060     
   349.60000000000281       -1.2599362855981957     
   350.40000000000282       -1.7741419213092939     
   351.20000000000283       -1.4030096579441040     
   352.00000000000284      -0.45579733510826248     
   352.80000000000285       0.64431562010089749     
   353.60000000000286        1.5485952263307650     
   354.40000000000288        1.7329727158080828     
   355.20000000000289        1.0842455429697782     
   356.00000000000290        3.9534072842291712E-002
   356.80000000000291       -1.0373421694774672     
   357.60000000000292       -1.7285977869609837     
   358.40000000000293       -1.5638242970570224     
   359.20000000000294      -0.70987013394501064     
   360.00000000000296       0.38194962327343784     
   360.80000000000297        1.3767602318304002     
   361.60000000000298        1.7749820194980483     
   362.40000000000299        1.2936195963771060     
   363.20000000000300       0.30379172139940269     
   364.00000000000301      -0.79342954117353914     
   364.80000000000302       -1.6292928244443803     
   365.60000000000304       -1.6843354695693298     
   366.40000000000305      -0.95143116584921328     
   367.20000000000306       0.11582606404300322     
   368.00000000000307        1.1703286389639014     
   368.80000000000308        1.7619109898240337     
   369.60000000000309        1.4743770408012422     
   370.40000000000310       0.56278483898807019     
   371.20000000000312      -0.53583425122872963     
   372.00000000000313       -1.4818150081311803     
   372.80000000000314       -1.7570030947650719     
   373.60000000000315       -1.1745000171447435     
   374.40000000000316      -0.15001511630678199     
   375.20000000000317       0.93789975978705020     
   376.00000000000318        1.6935331695882607     
   376.80000000000319        1.6193668891994950     
   377.60000000000321       0.81232384645885514     
   378.40000000000322      -0.27130237706152949     
   379.20000000000323       -1.2944772755307492     
   380.00000000000324       -1.7763236152361510     
   380.80000000000325       -1.3727673299692149     
   381.60000000000326      -0.41250648540303758     
   382.40000000000327       0.68739126442170639     
   383.20000000000329        1.5732883332722416     
   384.00000000000330        1.7207960216402820     
   384.80000000000331        1.0469411216228375     
   385.60000000000332       -4.8920111759893636E-003
   386.40000000000333       -1.0762207271495865     
   387.20000000000334       -1.7400429118876843     
   388.00000000000335       -1.5395508977177528     
   388.80000000000337      -0.66814916322466678     
   389.60000000000338       0.42617166703369147     
   390.40000000000339        1.4081150488164109     
   391.20000000000340        1.7717394354405944     
   392.00000000000341        1.2604560222832617     
   392.80000000000342       0.25992162617181980     
   393.60000000000343      -0.83532555999347879     
   394.40000000000344       -1.6494270812727494     
   395.20000000000346       -1.6673440446156773     
   396.00000000000347      -0.91219790350917229     
   396.80000000000348       0.16035019988853327     
   397.60000000000349        1.2068422391786660     
   398.40000000000350        1.7679796108850616     
   399.20000000000351        1.4464659733894993     
   400.00000000000352       0.52004961627903701     
   400.80000000000354      -0.57951069522677134     
   401.60000000000355       -1.5094673868316482     
   402.40000000000356       -1.7484645254710507     
   403.20000000000357       -1.1387912687751027     
   404.00000000000358      -0.10576036316705917     
   404.80000000000359       0.97819166997366125     
   405.60000000000360        1.7087040277052004     
   406.40000000000362        1.5979663896311669     
   407.20000000000363       0.77151711099430975     
   408.00000000000364      -0.31573436183642301     
   408.80000000000365       -1.3281576369911343     
   409.60000000000366       -1.7769460654809197     
   410.40000000000367       -1.3416487799234453     
   411.20000000000368      -0.36902762811787859     
   412.00000000000369       0.73017099577910050     
   412.80000000000371        1.5967233684994795     
   413.60000000000372        1.7072039676189077     
   414.40000000000373        1.0090479561230037     
   415.20000000000374       -4.9363540853028853E-002
   416.00000000000375       -1.1144686529402801     
   416.80000000000376       -1.7499631868411090     
   417.60000000000377       -1.5141904642363717     
   418.40000000000379      -0.62610747255780319     
   419.20000000000380       0.47026976324079894     
   420.00000000000381        1.4384633967065734     
   420.80000000000382        1.7669626782702219     
   421.60000000000383        1.2265264249802992     
   422.40000000000384       0.21592311714563017     
   423.20000000000385      -0.87680668660054195     
   424.00000000000387       -1.6681771546106328     
   424.80000000000388       -1.6490462111051072     
   425.60000000000389      -0.87247827505095432     
   426.40000000000390       0.20486924717198618     
   427.20000000000391        1.2425938748146306     
   428.00000000000392        1.7724910583839348     
   428.80000000000393        1.4175942200934932     
   429.60000000000394       0.47707595154798943     
   430.40000000000396      -0.62296890042114450     
   431.20000000000397       -1.5359639638517328     
   432.00000000000398       -1.7384496090471522     
   432.80000000000399       -1.1024206056724677     
   433.60000000000400       -6.1426957959677786E-002
   434.40000000000401        1.0179438142680644     
   435.20000000000402        1.7223955228665151     
   436.00000000000404        1.5753857029953924     
   436.80000000000405       0.73032351344663671     
   437.60000000000406      -0.36009817069590888     
   438.40000000000407       -1.3609364377725837     
   439.20000000000408       -1.7760131325190978     
   440.00000000000409       -1.3096864435653319     
   440.80000000000410      -0.32537907735773142     
   441.60000000000412       0.77262172483070035     
   442.40000000000413        1.6188617033176647     
   443.20000000000414        1.6922252425337860     
   444.00000000000415       0.97059539740568712     
   444.80000000000416       -9.3866861501271659E-002
   445.60000000000417       -1.1520489783245573     
   446.40000000000418       -1.7583457009108516     
   447.20000000000420       -1.4877799334919033     
   448.00000000000421      -0.58376995351602068     
   448.80000000000422       0.51421882042908440     
   449.60000000000423        1.4677624578137332     
   450.40000000000424        1.7606649337322036     
   451.20000000000425        1.1918610110649723     
   452.00000000000426       0.17181121337263505     
   452.80000000000427      -0.91783753757556918     
   453.60000000000429       -1.6855122364729440     
   454.40000000000430       -1.6294769290966633     
   455.20000000000431      -0.83230128885872356     
   456.00000000000432       0.24936673935386322     
   456.80000000000433        1.2775445478020040     
   457.60000000000434        1.7754424744410862     
   458.40000000000435        1.3877962885514696     
   459.20000000000437       0.43388490958070847     
   460.00000000000438      -0.66617863269952116     
   460.80000000000439       -1.5612629169569350     
   461.60000000000440       -1.7269809104463028     
   462.40000000000441       -1.0654173932090818     
   463.20000000000442       -1.7028217644130317E-002
   464.00000000000443        1.0571199281579793     
   464.80000000000445        1.7345871144553902     
   465.60000000000446        1.5516622205381476     
   466.40000000000447       0.68877021708152819     
   467.20000000000448      -0.40437258902236484     
   468.00000000000449       -1.3927720311252734     
   468.80000000000450       -1.7735313326138045     
   469.60000000000451       -1.2769119970692249     
   470.40000000000452      -0.28157810584641940     
   471.20000000000454       0.81470949873664422     
   472.00000000000455        1.6396665826866321     
   472.80000000000456        1.6758906688136346     
   473.60000000000457       0.93161279336781966     
   474.40000000000458      -0.13838777473841601     
   475.20000000000459       -1.1889242855687465     
   476.00000000000460       -1.7651805149463113     
   476.80000000000462       -1.4603556947777419     
   477.60000000000463      -0.54116044653465023     
   478.40000000000464       0.55799219615644802     
   479.20000000000465        1.4959693268529330     
   480.00000000000466        1.7528620919357070     
   480.80000000000467        1.1564896039253909     
   481.60000000000468       0.12760023205063020     
   482.40000000000470      -0.95838239841456319     
   483.20000000000471       -1.7014043046273748     
   484.00000000000472       -1.6086722650977339     
   484.80000000000473      -0.79169560459817034     
   485.60000000000474       0.29382499622491520     
   486.40000000000475        1.3116544938144061     
   487.20000000000476        1.7768337241735312     
   488.00000000000477        1.3571058418474591     
   488.80000000000479       0.39049643302350756     
   489.60000000000480      -0.70910840244881979     
   490.40000000000481       -1.5853234431736274     
   491.20000000000482       -1.7140835556386544     
   492.00000000000483       -1.0278109653841681     
   492.80000000000484        2.7422577148831895E-002
   493.60000000000485        1.0956835172098531     
   494.40000000000487        1.7452613412106539     
   495.20000000000488        1.5268333364015965     
   496.00000000000489       0.64688355190755864     
   496.80000000000490      -0.44853486177653901     
   497.60000000000491       -1.4236221678427743     
   498.40000000000492       -1.7695098452073119     
   499.20000000000493       -1.2433564467621863     
   500.00000000000495      -0.23764101275507232     
   500.80000000000496       0.85639967304784892     
   501.60000000000497        1.6591034380603267     
   502.40000000000498        1.6582329501534998     
   503.20000000000499       0.89212942931105288     
   504.00000000000500      -0.18291132057457160     
   504.80000000000501       -1.2250565980707158     
   505.60000000000502       -1.7704605863719240     
   506.40000000000504       -1.4319534469442892     
   507.20000000000505      -0.49830169322544227     
   508.00000000000506       0.60156174602664469     
   508.80000000000507        1.5230412940769458     
   509.60000000000508        1.7435727448732805     
   510.40000000000509        1.1204417637874813     
   511.20000000000510        8.3303947671559575E-002
   512.00000000000512      -0.99840530830752594     
   512.80000000000507       -1.7158282721200326     
   513.60000000000502       -1.5866690582992644     
   514.40000000000498      -0.75068938977316224     
   515.20000000000493       0.33822499083387669     
   516.00000000000489        1.3448831627360716     
   516.80000000000484        1.7766673540933653     
   517.60000000000480        1.3255557095294217     
   518.40000000000475       0.34692936370997174     
   519.20000000000471      -0.75172560962008950     
   520.00000000000466       -1.6081061094191200     
   520.80000000000462       -1.6997850985275806     
   521.60000000000457      -0.98963066529122479     
   522.40000000000452        7.1911952060151441E-002
   523.20000000000448        1.1335977908005159     
   524.00000000000443        1.7544038002475633     
   524.80000000000439        1.5009361931641219     
   525.60000000000434       0.60468890738075820     
   526.40000000000430      -0.49256066843718016     
   527.20000000000425       -1.4534441655264703     
   528.00000000000421       -1.7639605288558013     
   528.80000000000416       -1.2090502351849528     
   529.60000000000412      -0.19358321277387058     
   530.40000000000407       0.89765707330713873     
   531.20000000000402        1.6771401614130510     
   532.00000000000398        1.6392863793383960     
   532.80000000000393       0.85217443379495006     
   533.60000000000389      -0.22742157559764042     
   534.40000000000384       -1.2604072766660761     
   535.20000000000380       -1.7741816922660276     
   536.00000000000375       -1.4026081045045375     
   536.80000000000371      -0.45521531344619603     
   537.60000000000366       0.64489790117237167     
   538.40000000000362        1.5489361610862964     
   539.20000000000357        1.7328181589175915     
   540.00000000000352        1.0837468974250610     
   540.80000000000348        3.8935777890668266E-002
   541.60000000000343       -1.0378701019168046     
   542.40000000000339       -1.7287620834471982     
   543.20000000000334       -1.5635045942736632     
   544.00000000000330      -0.70931017395710816     
   544.80000000000325       0.38254624928394554     
   545.60000000000321        1.3771892508366763     
   546.40000000000316        1.7749485706241694     
   547.20000000000312        1.2931779318908627     
   548.00000000000307       0.30320147984314416     
   548.80000000000302      -0.79399670629063634     
   549.60000000000298       -1.6295731953014658     
   550.40000000000293       -1.6841153372509539     
   551.20000000000289      -0.95090584698226654     
   552.00000000000284       0.11642600478277021     
   552.80000000000280        1.1708255657544266     
   553.60000000000275        1.7620030949507532     
   554.40000000000271        1.4740074712120221     
   555.20000000000266       0.56221065050239882     
   556.00000000000261      -0.53642412666503547     
   556.80000000000257       -1.4821951287920334     
   557.60000000000252       -1.7568979390976323     
   558.40000000000248       -1.1740233599311487     
   559.20000000000243      -0.14941935143963292     
   560.00000000000239       0.93844613529033616     
   560.80000000000234        1.6937473346828231     
   561.60000000000230        1.6190865189362753     
   562.40000000000225       0.81177665575070568     
   563.20000000000221      -0.27190147722367242     
   564.00000000000216       -1.2949369407175135     
   564.80000000000211       -1.7763423610800857     
   565.60000000000207       -1.3723537477745320     
   566.40000000000202      -0.41192180134282119     
   567.20000000000198       0.68796977470138843     
   568.00000000000193        1.5736125782670571     
   568.80000000000189        1.7206222101292368     
   569.60000000000184        1.0464343469033797     
   570.40000000000180       -5.4910068086937436E-003
   571.20000000000175       -1.0767404039839676     
   572.00000000000171       -1.7401867585140010     
   572.80000000000166       -1.5392163000786665     
   573.60000000000161      -0.66758471323790625     
   574.40000000000157       0.42676678110212585     
   575.20000000000152        1.4085307881873010     
   576.00000000000148        1.7716852381518973     
   576.80000000000143        1.2600038336559789     
   577.60000000000139       0.25932955126289614     
   578.40000000000134      -0.83588736815853326     
   579.20000000000130       -1.6496890171773146     
   580.00000000000125       -1.6671060819644428     
   580.80000000000121      -0.91166583622578190     
   581.60000000000116       0.16095017774802112     
   582.40000000000111        1.2073291551722207     
   583.20000000000107        1.7680507637799074     
   584.00000000000102        1.4460832244625947     
   584.80000000000098       0.51947206895226061     
   585.60000000000093      -0.58009782512942520     
   586.40000000000089       -1.5098322136912778     
   587.20000000000084       -1.7483393366234594     
   588.00000000000080       -1.1383054963761741     
   588.80000000000075      -0.10516344942090283     
   589.60000000000070       0.97873101146581076     
   590.40000000000066        1.7088984075838596     
   591.20000000000061        1.5976698686382504     
   592.00000000000057       0.77096452397827986     
   592.80000000000052      -0.31633267718697455     
   593.60000000000048       -1.3286054269849086     
   594.40000000000043       -1.7769438207275805     
   595.20000000000039       -1.3412236139994791     
   596.00000000000034      -0.36844053814034761     
   596.80000000000030       0.73074529495550367     
   597.60000000000025        1.5970303933242660     
   598.40000000000020        1.7070112746461239     
   599.20000000000016        1.0085334480385435     
   600.00000000000011       -4.9963056997626598E-002
   600.80000000000007       -1.1149795805628839     
   601.60000000000002       -1.7500863907076631     
   602.39999999999998       -1.5138414714598190     
   603.19999999999993      -0.62553887278389020     
   603.99999999999989       0.47086303931585727     
   604.79999999999984        1.4388652815497724     
   605.59999999999980        1.7668878913087305     
   606.39999999999975        1.2260641211989274     
   607.19999999999970       0.21532941627983937     
   607.99999999999966      -0.87736266297174348     
   608.79999999999961       -1.6684202216524997     
   609.59999999999957       -1.6487908801540505     
   610.39999999999952      -0.87193985275260932     
   611.19999999999948       0.20546904641021413     
   611.99999999999943        1.2430702584384590     
   612.79999999999939        1.7725412022974396     
   613.59999999999934        1.4171987632510121     
   614.39999999999930       0.47649533751947848     
   615.19999999999925      -0.62355288610006654     
   615.99999999999920       -1.5363129285679369     
   616.79999999999916       -1.7383046742018957     
   617.59999999999911       -1.1019261143311259     
   618.39999999999907       -6.0829075483752826E-002
   619.19999999999902        1.0184756351761306     
   619.99999999999898        1.7225698206789120     
   620.79999999999893        1.5750735335280108     
   621.59999999999889       0.72976590048993839     
   622.39999999999884      -0.36069542590521331     
   623.19999999999879       -1.3613717960128497     
   623.99999999999875       -1.7759899669551971     
   624.79999999999870       -1.3092501252733211     
   625.59999999999866      -0.32478982099190778     
   626.39999999999861       0.77319136040678993     
   627.19999999999857        1.6191509990953674     
   627.99999999999852        1.6920140697129722     
   628.79999999999848       0.97007355185344113     
   629.59999999999843       -9.4466710504654383E-002
   630.39999999999839       -1.1525506554429703     
   631.19999999999834       -1.7584481085457209     
   631.99999999999829       -1.4874170402562219     
   632.79999999999825      -0.58319753257837681     
   633.59999999999820       0.51480990970767759     
   634.39999999999816        1.4681499101491764     
   635.19999999999811        1.7605697534223301     
   635.99999999999807        1.1913889962602870     
   636.79999999999802       0.17121608360519192     
   637.59999999999798      -0.91838720312430100     
   638.39999999999793       -1.6857360382564162     
   639.19999999999789       -1.6292047091191104     
   639.99999999999784      -0.83175690014418258     
   640.79999999999779       0.24996613028671077     
   641.59999999999775        1.2780098684120005     
   642.39999999999770        1.7754715894398805     
   643.19999999999766        1.3873885829393919     
   643.99999999999761       0.43330150503387233     
   644.79999999999757      -0.66675905773470567     
   645.59999999999752       -1.5615954619921730     
   646.39999999999748       -1.7268165513920901     
   647.19999999999743       -1.0649145784064331     
   647.99999999999739       -1.6429545286608116E-002
   648.79999999999734        1.0576437382493162     
   649.59999999999729        1.7347410744691771     
   650.39999999999725        1.5513349071931382     
   651.19999999999720       0.68820793886464671     
   651.99999999999716      -0.40496848779779571     
   652.79999999999711       -1.3931943920523122     
   653.59999999999707       -1.7734873522696502     
   654.39999999999702       -1.2764649484440296     
   655.19999999999698      -0.28098690894453182     
   655.99999999999693       0.81527400818029938     
   656.79999999999688        1.6399376684416274     
   657.59999999999684        1.6756614449037597     
   658.39999999999679       0.93108400549012549     
   659.19999999999675      -0.13898776059697471     
   659.99999999999670       -1.1894162043930772     
   660.79999999999666       -1.7652620123242084     
   661.59999999999661       -1.4599793869579456     
   662.39999999999657      -0.54058451827884935     
   663.19999999999652       0.55858072917491430     
   663.99999999999648        1.4963417691258849     
   664.79999999999643        1.7527467508768340     
   665.59999999999638        1.1560082779604275     
   666.39999999999634       0.12700386226786420     
   667.19999999999629      -0.95892527002075467     
   667.99999999999625       -1.7016084833230973     
   668.79999999999620       -1.6083836481591396     
   669.59999999999616      -0.79114563265528726     
   670.39999999999611       0.29442373167944824     
   671.19999999999607        1.3121082102257331     
   671.99999999999602        1.7768418268428441     
   672.79999999999598        1.3566863353215524     
   673.59999999999593       0.38991049907903452     
   674.39999999999588      -0.70968483460903165     
   675.19999999999584       -1.5856390272784910     
   675.99999999999579       -1.7139001278744284     
   676.79999999999575       -1.0273002223929126     
   677.59999999999570        2.8021859643978519E-002
   678.39999999999566        1.0961988228715942     
   679.19999999999561        1.7453947490844404     
   679.99999999999557        1.5264913818741821     
   680.79999999999552       0.64631695703402547     
   681.59999999999548      -0.44912908680163510     
   682.39999999999543       -1.4240309587196793     
   683.19999999999538       -1.7694451920302223     
   683.99999999999534       -1.2428990815332559     
   684.79999999999529      -0.23704808870284411     
   685.59999999999525       0.85695858554218707     
   686.39999999999520        1.6593558642086581     
   687.19999999999516        1.6579861274020038     
   687.99999999999511       0.89159409291961866     
   688.79999999999507      -0.18351123554978921     
   689.59999999999502       -1.2255382425527594     
   690.39999999999498       -1.7705210980203006     
   691.19999999999493       -1.4315642003935691     
   691.99999999999488      -0.49772255645965813     
   692.79999999999484       0.60214733360705108     
   693.59999999999479        1.5233981535174146     
   694.39999999999475        1.7434375119542171     
   695.19999999999470        1.1199515237127213     
   695.99999999999466        8.2706520602165545E-002
   696.79999999999461      -0.99894089994835400     
   697.59999999999457       -1.7160125102126627     
   698.39999999999452       -1.5863645445791617     
   699.19999999999447      -0.75013421013551340     
   699.99999999999443       0.33882280471873438     
   700.79999999999438        1.3453247232378547     
   701.59999999999434        1.7766544969364837     
   702.39999999999429        1.3251248389590204     
   703.19999999999425       0.34634114690689422     
   703.99999999999420      -0.75229760275554214     
   704.79999999999416       -1.6084042121643800     
   705.59999999999411       -1.6995829891483198     
   706.39999999999407      -0.98911238963644699     
   707.19999999999402        7.2511660725320337E-002
   707.99999999999397        1.1341040938323803     
   708.79999999999393        1.7545164825732396     
   709.59999999999388        1.5005800952253319     
   710.39999999999384       0.60411833114968938     
   711.19999999999379      -0.49315288128460133     
   711.99999999999375       -1.4538388091947745     
   712.79999999999370       -1.7638753810234498     
   713.59999999999366       -1.2085829602576474     
   714.39999999999361      -0.19298876374330809     
   715.19999999999357       0.89820991192286348     
   715.99999999999352        1.6773735131970491     
   716.79999999999347        1.6390224292592395     
   717.59999999999343       0.85163293979753352     
   718.39999999999338      -0.22802119770019003     
   719.19999999999334       -1.2608781212076008     
   719.99999999999329       -1.7742211802054253     
   720.79999999999325       -1.4022063840750181     
   721.59999999999320      -0.45463325180652692     
   722.39999999999316       0.64548013559597106     
   723.19999999999311        1.5492768740807641     
   723.99999999999307        1.7326633387235080     
   724.79999999999302        1.0832481388934880     
   725.59999999999297        3.8337472839997444E-002
   726.39999999999293       -1.0383979248876958     
   727.19999999999288       -1.7289261046909390     
   727.99999999999284       -1.5631846878236710     
   728.79999999999279      -0.70875015259545471     
   729.59999999999275       0.38314285547750737     
   730.39999999999270        1.3776180940418015     
   731.19999999999266        1.7749148419334269     
   731.99999999999261        1.2927361239450328     
   732.79999999999256       0.30261121271333136     
   733.59999999999252      -0.79456380264531101     
   734.39999999999247       -1.6298533216027418     
   735.19999999999243       -1.6838949621068264     
   735.99999999999238      -0.95038043415835183     
   736.79999999999234       0.11702594830287427     
   737.59999999999229        1.1713223619180124     
   738.39999999999225        1.7620949183704004     
   739.19999999999220        1.4736377201787687     
   739.99999999999216       0.56163641399615094     
   740.79999999999211      -0.53701396801541912     
   741.59999999999206       -1.4825750469364163     
   742.39999999999202       -1.7567925112231300     
   743.19999999999197       -1.1735465770580040     
   743.99999999999193      -0.14882357015854142     
   744.79999999999188       0.93899241866099037     
   745.59999999999184        1.6939612349299513     
   746.39999999999179        1.6188059278969931     
   747.19999999999175       0.81122939035323971     
   747.99999999999170      -0.27250056804621714     
   748.79999999999166       -1.2953964493508241     
   749.59999999999161       -1.7763608240082804     
   750.39999999999156       -1.3719400069278578     
   751.19999999999152      -0.41133708334744301     
   751.99999999999147       0.68854823134099408     
   752.79999999999143        1.5739365950048205     
   753.59999999999138        1.7204481417696527     
   754.39999999999134        1.0459274651739821     
   755.19999999999129       -6.0900109980963624E-003
   755.99999999999125       -1.0772599665038431     
   756.79999999999120       -1.7403303281833098     
   757.59999999999116       -1.5388815049136457     
   758.39999999999111      -0.66702020485469471     
   759.19999999999106       0.42736187270368742     
   759.99999999999102        1.4089463445819659     
   760.79999999999097        1.7716307620974097     
   761.59999999999093        1.2595515059826157     
   762.39999999999088       0.25873745322494979     
   763.19999999999084      -0.83644910068440037     
   763.99999999999079       -1.6499507014814248     
   764.79999999999075       -1.6668678822295599     
   765.59999999999070      -0.91113368089715074     
   766.39999999999065       0.16155015448781851     
   767.19999999999061        1.2078159326687663     
   767.99999999999056        1.7681216339560635     
   768.79999999999052        1.4457003013053038     
   769.59999999999047       0.51889447843099890     
   770.39999999999043      -0.58068491541893830     
   771.19999999999038       -1.5101968306710003     
   771.99999999999034       -1.7482138797437987     
   772.79999999999029       -1.1378196037903827     
   773.59999999999025      -0.10456652131696598     
   774.39999999999020       0.97927025494593267     
   775.19999999999015        1.7090925187293924     
   775.99999999999011        1.5973731333517167     
   776.79999999999006       0.77041186672602335     
   777.59999999999002      -0.31693098013636201     
   778.39999999998997       -1.3290530531243079     
   779.19999999998993       -1.7769412934554052     
   779.99999999998988       -1.3407982949507193     
   780.79999999998984      -0.36785341747164035     
   781.59999999998979       0.73131953423557450     
   782.39999999998975        1.5973371825195541     
   783.19999999998970        1.7068183299479995     
   783.99999999998965        1.0080188385213935     
   784.79999999998961       -5.0562578829618010E-002
   785.59999999998956       -1.1154903868598383     
   786.39999999998952       -1.7502093153009533     
   787.19999999998947       -1.5134922881394963     
   787.99999999998943      -0.62497021937661290     
   788.79999999998938       0.47145628831195840     
   789.59999999998934        1.4392669757912597     
   790.39999999998929        1.7668128281658015     
   791.19999999998925        1.2256016838615733     
   791.99999999998920       0.21473569483565824     
   792.79999999998915      -0.87791855752027681     
   793.59999999998911       -1.6686630316341182     
   794.39999999998906       -1.6485353183743465     
   795.19999999998902      -0.87140134746647258     
   795.99999999998897       0.20606884170332096     
   796.79999999998893        1.2435464965092080     
   797.59999999998888        1.7725910628687855     
   798.39999999998884        1.4168031383329376     
   799.19999999998879       0.47591468411511062     
