   0.0000000000000000       0.43982010692740758     
  0.80000000000000004       0.35877854578204776     
   1.6000000000000001       0.52884064123357510     
   2.4000000000000004       0.73697268051898601     
   3.2000000000000002       0.72889613465690450     
   4.0000000000000000       0.38736853518587233     
   4.7999999999999998      -0.21068485831590722     
   5.5999999999999996      -0.86067458225623250     
   6.3999999999999995       -1.2721212200201810     
   7.1999999999999993       -1.2383786063862225     
   7.9999999999999991      -0.88679063685973414     
   8.7999999999999989      -0.54024727571896003     
   9.5999999999999996      -0.41986929071583134     
   10.400000000000000      -0.53359832999619694     
   11.200000000000001      -0.70967725676159765     
   12.000000000000002      -0.71768051529450760     
   12.800000000000002      -0.42976748530237585     
   13.600000000000003       0.10910254338907543     
   14.400000000000004       0.73084293835947345     
   15.200000000000005        1.1825826352329631     
   16.000000000000004        1.2436020028090617     
   16.800000000000004       0.96501075138326253     
   17.600000000000005       0.62712648571803353     
   18.400000000000006       0.46579808625551766     
   19.200000000000006       0.52826441300973226     
   20.000000000000007       0.68176206634218928     
   20.800000000000008       0.71397681647206801     
   21.600000000000009       0.48193735684623062     
   22.400000000000009       -1.6170203415323270E-003
   23.200000000000010      -0.59982369262300905     
   24.000000000000011       -1.0900761135232542     
   24.800000000000011       -1.2416883417741271     
   25.600000000000012       -1.0360796426045060     
   26.400000000000013      -0.70817410399362846     
   27.200000000000014      -0.50703610082949047     
   28.000000000000014      -0.51983824176625570     
   28.800000000000015      -0.65262408233034463     
   29.600000000000016      -0.71041228308587956     
   30.400000000000016      -0.53475567119102541     
   31.200000000000017      -0.10590361676198307     
   32.000000000000014       0.46799132254684367     
   32.800000000000011       0.99051332739889797     
   33.600000000000009        1.2275654145548640     
   34.400000000000006        1.0984636109403492     
   35.200000000000003       0.78689489320726747     
   36.000000000000000       0.54969812003156315     
   36.799999999999997       0.51313408188158727     
   37.599999999999994       0.62282455589954611     
   38.399999999999991       0.70312262738546583     
   39.199999999999989       0.58260815759182827     
   39.999999999999986       0.20931599838413278     
   40.799999999999983      -0.33666601660383561     
   41.599999999999980      -0.88268878286746633     
   42.399999999999977       -1.1981354052157962     
   43.199999999999974       -1.1498648695692792     
   43.999999999999972      -0.86415139481102776     
   44.799999999999969      -0.59708022450426212     
   45.599999999999966      -0.51153715430039270     
   46.399999999999963      -0.59367901919281352     
   47.199999999999960      -0.69055944421836779     
   47.999999999999957      -0.62219455491471853     
   48.799999999999955      -0.30564673093600025     
   49.599999999999952       0.20757272166923391     
   50.399999999999949       0.76718660880889256     
   51.199999999999946        1.1519735519659944     
   51.999999999999943        1.1878126783158041     
   52.799999999999940       0.93914427738004413     
   53.599999999999937       0.65056608146980943     
   54.399999999999935       0.51736951021708122     
   55.199999999999932       0.56687870791122974     
   55.999999999999929       0.67267937165196534     
   56.799999999999926       0.65179726665030902     
   57.599999999999923       0.39276668490370936     
   58.399999999999920       -8.2512492227259870E-002
   59.199999999999918      -0.64560367522295192     
   59.999999999999915       -1.0890256908964375     
   60.799999999999912       -1.2100584987635106     
   61.599999999999909       -1.0100580650337929     
   62.399999999999906      -0.71020520586251279     
   63.199999999999903      -0.53210745767296896     
   63.999999999999901      -0.54421327815694520     
   64.799999999999898      -0.65038644783204136     
   65.599999999999895      -0.67080928645113147     
   66.399999999999892      -0.46918126445431008     
   67.199999999999889       -3.6804792563297273E-002
   67.999999999999886       0.52001861460959620     
   68.799999999999883        1.0103008417372648     
   69.599999999999881        1.2148450692570298     
   70.399999999999878        1.0745066896995379     
   71.199999999999875       0.77509139960351447     
   71.999999999999872       0.55652152291091206     
   72.799999999999869       0.52738310151672119     
   73.599999999999866       0.62514960991284840     
   74.399999999999864       0.67942557077635179     
   75.199999999999861       0.53390195987802858     
   75.999999999999858       0.14883361932609102     
   76.799999999999855      -0.39265252086837160     
   77.599999999999852      -0.91757581518476838     
   78.399999999999849       -1.2010820729063549     
   79.199999999999847       -1.1298550248159296     
   79.999999999999844      -0.84361195843834524     
   80.799999999999841      -0.59076755296852079     
   81.599999999999838      -0.51787909574100999     
   82.399999999999835      -0.59874442251033511     
   83.199999999999832      -0.67843964584743655     
   83.999999999999829      -0.58637477903297752     
   84.799999999999827      -0.25221674210795625     
   85.599999999999824       0.26567681406412030     
   86.399999999999821       0.81312973189872984     
   87.199999999999818        1.1684377679200264     
   87.999999999999815        1.1734655573183133     
   88.799999999999812       0.91362103737308875     
   89.599999999999810       0.63445086257945216     
   90.399999999999807       0.51691198849533437     
   91.199999999999804       0.57308017611277406     
   91.999999999999801       0.66910184377452775     
   92.799999999999798       0.62644112880100289     
   93.599999999999795       0.34578646097262444     
   94.399999999999793      -0.14112490899998603     
   95.199999999999790      -0.69951894554102001     
   95.999999999999787       -1.1173513993266790     
   96.799999999999784       -1.2029058932352852     
   97.599999999999781      -0.98257953582444790     
   98.399999999999778      -0.68667720201384630     
   99.199999999999775      -0.52537072512018257     
   99.999999999999773      -0.55007753599418474     
   100.79999999999977      -0.65300743088442592     
   101.59999999999977      -0.65431459682602522     
   102.39999999999976      -0.42856504176171339     
   103.19999999999976        2.0862388283657052E-002
   103.99999999999976       0.57939415691895368     
   104.79999999999976        1.0489760440314240     
   105.59999999999975        1.2161370420277124     
   106.39999999999975        1.0476884412890726     
   107.19999999999975       0.74609430307674129     
   107.99999999999974       0.54378952906640132     
   108.79999999999974       0.53156989801219989     
   109.59999999999974       0.63199704905217235     
   110.39999999999974       0.67056621229001334     
   111.19999999999973       0.49978032175378162     
   111.99999999999973        9.3420877142846082E-002
   112.79999999999973      -0.45535977245526349     
   113.59999999999972      -0.96506738739980924     
   114.39999999999972       -1.2116802633831547     
   115.19999999999972       -1.1060263763909739     
   115.99999999999972      -0.81092589733245690     
   116.79999999999971      -0.57231451915215215     
   117.59999999999971      -0.51921795209489963     
   118.39999999999971      -0.60806519780047075     
   119.19999999999970      -0.67611267510974560     
   119.99999999999970      -0.55889816660859515     
   120.79999999999970      -0.20021367408558605     
   121.59999999999970       0.32987922988611068     
   122.39999999999969       0.86783874513405213     
   123.19999999999969        1.1887431294397235     
   123.99999999999969        1.1546931680866310     
   124.79999999999968       0.87900640272335218     
   125.59999999999968       0.61067538384854059     
   126.39999999999968       0.51444041974713506     
   127.19999999999968       0.58327848115891701     
   127.99999999999967       0.67219902768228046     
   128.79999999999967       0.60566036773527687     
   129.59999999999968       0.29818427096174233     
   130.39999999999969      -0.20522729287767133     
   131.19999999999970      -0.75980368279308830     
   131.99999999999972       -1.1472843436060889     
   132.79999999999973       -1.1909613258419065     
   133.59999999999974      -0.94782987545994668     
   134.39999999999975      -0.65817093473658361     
   135.19999999999976      -0.51836279836844767     
   135.99999999999977      -0.55970173780194865     
   136.79999999999978      -0.66036644230417296     
   137.59999999999980      -0.64011589454972817     
   138.39999999999981      -0.38618279040378989     
   139.19999999999982        8.3477866173535475E-002
   139.99999999999983       0.64362292513105379     
   140.79999999999984        1.0880082500809487     
   141.59999999999985        1.2124373546927631     
   142.39999999999986        1.0146243815001277     
   143.19999999999987       0.71366950709239507     
   143.99999999999989       0.53177650927549980     
   144.79999999999990       0.53932498607593415     
   145.59999999999991       0.64240056196289674     
   146.39999999999992       0.66264137819080504     
   147.19999999999993       0.46325456957514899     
   147.99999999999994        3.3493110179907970E-002
   148.79999999999995      -0.52196735024714369     
   149.59999999999997       -1.0122934595225468     
   150.39999999999998       -1.2172254780899572     
   151.19999999999999       -1.0764538975471982     
   152.00000000000000      -0.77561905983292256     
   152.80000000000001      -0.55509957495232765     
   153.60000000000002      -0.52398783385719916     
   154.40000000000003      -0.62026416833720666     
   155.20000000000005      -0.67395159298185692     
   156.00000000000006      -0.52867003577046190     
   156.80000000000007      -0.14400438061621446     
   157.60000000000008       0.39740906807111198     
   158.40000000000009       0.92207081196932272     
   159.20000000000010        1.2040719300794398     
   160.00000000000011        1.1303418952980906     
   160.80000000000013       0.84206530014529291     
   161.60000000000014       0.58834005345317730     
   162.40000000000015       0.51530815945409070     
   163.20000000000016       0.59602394723660335     
   164.00000000000017       0.67509845604293539     
   164.80000000000018       0.58196457835722659     
   165.60000000000019       0.24656778479777974     
   166.40000000000020      -0.27235182723363427     
   167.20000000000022      -0.81967249184396829     
   168.00000000000023       -1.1724623502767011     
   168.80000000000024       -1.1734104865272978     
   169.60000000000025      -0.91068433676828198     
   170.40000000000026      -0.63107143548212585     
   171.20000000000027      -0.51462463492715993     
   172.00000000000028      -0.57177893783420808     
   172.80000000000030      -0.66745319609518949     
   173.60000000000031      -0.62297547030615974     
   174.40000000000032      -0.33988697844393212     
   175.20000000000033       0.14900137249842987     
   176.00000000000034       0.70767365852944120     
   176.80000000000035        1.1226533484050170     
   177.60000000000036        1.2030333364364074     
   178.40000000000038       0.97883991246993207     
   179.20000000000039       0.68242535803246684     
   180.00000000000040       0.52295323484336798     
   180.80000000000041       0.54958995745778183     
   181.60000000000042       0.65266684587980051     
   182.40000000000043       0.65186779454520671     
   183.20000000000044       0.42286205582394354     
   184.00000000000045       -2.9361372423819976E-002
   184.80000000000047      -0.58874234450499630     
   185.60000000000048       -1.0556342570025965     
   186.40000000000049       -1.2169987206187911     
   187.20000000000050       -1.0436704365676246     
   188.00000000000051      -0.74109814505853999     
   188.80000000000052      -0.54094906445056856     
   189.60000000000053      -0.53140564203352725     
   190.40000000000055      -0.63261007815120984     
   191.20000000000056      -0.66914899436038255     
   192.00000000000057      -0.49460888337665088     
   192.80000000000058       -8.4763498522712200E-002
   193.60000000000059       0.46551031928151793     
   194.40000000000060       0.97302843693738761     
   195.20000000000061        1.2136672459769822     
   196.00000000000063        1.1022023466469166     
   196.80000000000064       0.80536589139780523     
   197.60000000000065       0.56886883912740549     
   198.40000000000066       0.51898752138930249     
   199.20000000000067       0.60930076517568488     
   200.00000000000068       0.67567292665678447     
   200.80000000000069       0.55449338388115110     
   201.60000000000070       0.19176573174149136     
   202.40000000000072      -0.34047817141246395     
   203.20000000000073      -0.87695314766492838     
   204.00000000000074       -1.1920975206783264     
   204.80000000000075       -1.1514821102953332     
   205.60000000000076      -0.87310970967353296     
   206.40000000000077      -0.60654005617676476     
   207.20000000000078      -0.51384428607572052     
   208.00000000000080      -0.58482981521741706     
   208.80000000000081      -0.67263027063137115     
   209.60000000000082      -0.60217003200183561     
   210.40000000000083      -0.29023330758926563     
   211.20000000000084       0.21596263274381861     
   212.00000000000085       0.76986081357678593     
   212.80000000000086        1.1521145487946383     
   213.60000000000088        1.1887224316694138     
   214.40000000000089       0.94185996665180383     
   215.20000000000090       0.65334557887509925     
   216.00000000000091       0.51718166330367066     
   216.80000000000092       0.56128960662182192     
   217.60000000000093       0.66151966726483746     
   218.40000000000094       0.63761284793655248     
   219.20000000000095       0.37894957470962815     
   220.00000000000097       -9.4079557146308612E-002
   220.80000000000098      -0.65438093319900759     
   221.60000000000099       -1.0943085441857185     
   222.40000000000100       -1.2114612636637623     
   223.20000000000101       -1.0088681720953052     
   224.00000000000102      -0.70822464950598718     
   224.80000000000103      -0.52986288551144733     
   225.60000000000105      -0.54070150834157671     
   226.40000000000106      -0.64409698277825767     
   227.20000000000107      -0.66113477652945929     
   228.00000000000108      -0.45690325207594540     
   228.80000000000109       -2.3255829723063226E-002
   229.60000000000110       0.53317643334352249     
   230.40000000000111        1.0199667059766619     
   231.20000000000113        1.2177254937413202     
   232.00000000000114        1.0712077515645106     
   232.80000000000115       0.76968468578485727     
   233.60000000000116       0.55237116492252392     
   234.40000000000117       0.52494013975060505     
   235.20000000000118       0.62230727035582334     
   236.00000000000119       0.67339662409658618     
   236.80000000000121       0.52331480869280877     
   237.60000000000122       0.13432656620949601     
   238.40000000000123      -0.40882743519428544     
   239.20000000000124      -0.93095228731224877     
   240.00000000000125       -1.2061777654538617     
   240.80000000000126       -1.1258973884342633     
   241.60000000000127      -0.83582101641048356     
   242.40000000000128      -0.58477443653814309     
   243.20000000000130      -0.51566106792201838     
   244.00000000000131      -0.59820978618091236     
   244.80000000000132      -0.67540484249115718     
   245.60000000000133      -0.57767389229344834     
   246.40000000000134      -0.23761260232938369     
   247.20000000000135       0.28375455894479379     
   248.00000000000136       0.82955268395808224     
   248.80000000000138        1.1762186075317271     
   249.60000000000139        1.1700400967854165     
   250.40000000000140       0.90435002780377771     
   251.20000000000141       0.62670115883318700     
   252.00000000000142       0.51424200049111102     
   252.80000000000143       0.57390461076629662     
   253.60000000000144       0.66849330711722066     
   254.40000000000146       0.61977511417842035     
   255.20000000000147       0.33178913785690123     
   256.00000000000148      -0.16018380206924748     
   256.80000000000149      -0.71831854442650922     
   257.60000000000150       -1.1280237158399991     
   258.40000000000151       -1.2009757816627742     
   259.20000000000152      -0.97266562068493800     
   260.00000000000153      -0.67733312848148319     
   260.80000000000155      -0.52173867639579763     
   261.60000000000156      -0.55146105085469688     
   262.40000000000157      -0.65428408760785284     
   263.20000000000158      -0.64974349688600874     
   264.00000000000159      -0.41572979187467873     
   264.80000000000160        4.0139586154815277E-002
   265.60000000000161       0.59991036636497741     
   266.40000000000163        1.0625111000147762     
   267.20000000000164        1.2164442998059224     
   268.00000000000165        1.0379248848020493     
   268.80000000000166       0.73541239555674687     
   269.60000000000167       0.53884704144211859     
   270.40000000000168       0.53284333133691086     
   271.20000000000169       0.63462756947472898     
   272.00000000000171       0.66804871584228498     
   272.80000000000172       0.48852379591633077     
   273.60000000000173        7.4552990024790988E-002
   274.40000000000174      -0.47696538568483282     
   275.20000000000175      -0.98124646243200830     
   276.00000000000176       -1.2147449105068233     
   276.80000000000177       -1.0971603039296467     
   277.60000000000178      -0.79925671079015226     
   278.40000000000180      -0.56586607944954659     
   279.20000000000181      -0.51983501339713700     
   280.00000000000182      -0.61152970238237636     
   280.80000000000183      -0.67550918660209947     
   281.60000000000184      -0.54950867358402411     
   282.40000000000185      -0.18226649791915650     
   283.20000000000186       0.35199799411253341     
   284.00000000000188       0.88630520296760074     
   284.80000000000189        1.1948661054425944     
   285.60000000000190        1.1474109309702945     
   286.40000000000191       0.86678434378045344     
   287.20000000000192       0.60266643719683155     
   288.00000000000193       0.51397184662093198     
   288.80000000000194       0.58707702278590168     
   289.60000000000196       0.67328322069486346     
   290.40000000000197       0.59830842770565451     
   291.20000000000198       0.28156962377080302     
   292.00000000000199      -0.22734255351992888     
   292.80000000000200      -0.78011390449803009     
   293.60000000000201       -1.1565599395507244     
   294.40000000000202       -1.1858677156309902     
   295.20000000000203      -0.93555671415071595     
   296.00000000000205      -0.64867380923143048     
   296.80000000000206      -0.51649024508973151     
   297.60000000000207      -0.56336450924413550     
   298.40000000000208      -0.66284160268196524     
   299.20000000000209      -0.63486513724417615     
   300.00000000000210      -0.37122657786540358     
   300.80000000000211       0.10513340227713269     
   301.60000000000213       0.66529110444260620     
   302.40000000000214        1.1003472161877856     
   303.20000000000215        1.2100317036870079     
   304.00000000000216        1.0028479302601256     
   304.80000000000217       0.70286895798184668     
   305.60000000000218       0.52828724877659805     
   306.40000000000219       0.54242315106525807     
   307.20000000000221       0.64591843163115126     
   308.00000000000222       0.65945908569052902     
   308.80000000000223       0.45020568853543486     
   309.60000000000224        1.2695887490361213E-002
   310.40000000000225      -0.54450149038244466     
   311.20000000000226       -1.0274548474610588     
   312.00000000000227       -1.2178781001095593     
   312.80000000000229       -1.0657433409065500     
   313.60000000000230      -0.76379898439703864     
   314.40000000000231      -0.54988306465072712     
   315.20000000000232      -0.52614424392896653     
   316.00000000000233      -0.62444405030473082     
   316.80000000000234      -0.67271840622882439     
   317.60000000000235      -0.51770421988641657     
   318.40000000000236      -0.12441013141845980     
   319.20000000000238       0.42033637802741897     
   320.00000000000239       0.93969881423701607     
   320.80000000000240        1.2080058529256752     
   321.60000000000241        1.1212612924869358     
   322.40000000000242       0.82959639401941243     
   323.20000000000243       0.58138536782953798     
   324.00000000000244       0.51620624576830876     
   324.80000000000246       0.60047009933364703     
   325.60000000000247       0.67561789919022530     
   326.40000000000248       0.57318521177436532     
   327.20000000000249       0.22847121284339073     
   328.00000000000250      -0.29523294387416271     
   328.80000000000251      -0.83933403872239509     
   329.60000000000252       -1.1797449440318155     
   330.40000000000254       -1.1664910031266862     
   331.20000000000255      -0.89801071306398850     
   332.00000000000256      -0.62246377304084244     
   332.80000000000257      -0.51401446170413201     
   333.60000000000258      -0.57609575743965036     
   334.40000000000259      -0.66946243435893227     
   335.20000000000260      -0.61641384684206391     
   336.00000000000261      -0.32353637459145979     
   336.80000000000263       0.17143556514444386     
   337.60000000000264       0.72889347300036422     
   338.40000000000265        1.1332000818588397     
   339.20000000000266        1.1987439615886641     
   340.00000000000267       0.96646250596719452     
   340.80000000000268       0.67234113250083116     
   341.60000000000269       0.52065585498994615     
   342.40000000000271       0.55339612394731386     
   343.20000000000272       0.65584969022711925     
   344.00000000000273       0.64748393708120366     
   344.80000000000274       0.40846053576178210     
   345.60000000000275       -5.0987074409068078E-002
   346.40000000000276      -0.61103341929360688     
   347.20000000000277       -1.0692241206358972     
   348.00000000000279       -1.2157164129756146     
   348.80000000000280       -1.0321263866761390     
   349.60000000000281      -0.72979945683146563     
   350.40000000000282      -0.53686102734803975     
   351.20000000000283      -0.53434822909051594     
   352.00000000000284      -0.63661191449283594     
   352.80000000000285      -0.66683309451914319     
   353.60000000000286      -0.48231193588553545     
   354.40000000000288       -6.4269234007588216E-002
   355.20000000000289       0.48839798425725622     
   356.00000000000290       0.98932846467185287     
   356.80000000000291        1.2156501190051077     
   357.60000000000292        1.0920411066856717     
   358.40000000000293       0.79319470120175439     
   359.20000000000294       0.56296693550488675     
   360.00000000000296       0.52075522698518040     
   360.80000000000297       0.61374387313333367     
   361.60000000000298       0.67524777782959888     
   362.40000000000299       0.54440366698898335     
   363.20000000000300       0.17268783595541731     
   364.00000000000301      -0.36351588524924466     
   364.80000000000302      -0.89554811388030986     
   365.60000000000304       -1.1974661107281452     
   366.40000000000305       -1.1432392819053101     
   367.20000000000306      -0.86048046249966248     
   368.00000000000307      -0.59888457584287269     
   368.80000000000308      -0.51417802683875502     
   369.60000000000309      -0.58932771739672662     
   370.40000000000310      -0.67385585297987771     
   371.20000000000312      -0.59433191601264213     
   372.00000000000313      -0.27281948948323986     
   372.80000000000314       0.23873931930546421     
   373.60000000000315       0.79028411362269790     
   374.40000000000316        1.1608449313874663     
   375.20000000000317        1.1828914861986082     
   376.00000000000318       0.92924854193018502     
   376.80000000000319       0.64408078356840637     
   377.60000000000321       0.51588232882873852     
   378.40000000000322       0.56546061162118810     
   379.20000000000323       0.66410108607466001     
   380.00000000000324       0.63200850428063293     
   380.80000000000325       0.36341029933573599     
   381.60000000000326      -0.11622118596246112     
   382.40000000000327      -0.67614373436978426     
   383.20000000000329       -1.1062383402453291     
   384.00000000000330       -1.2084633895266181     
   384.80000000000331      -0.99679578291049276     
   385.60000000000332      -0.69757689348192187     
   386.40000000000333      -0.52679793246382056     
   387.20000000000334      -0.54418254081336581     
   388.00000000000335      -0.64769594398257047     
   388.80000000000337      -0.65768206604290536     
   389.60000000000338      -0.44340905619606907     
   390.40000000000339       -2.0866068985533337E-003
   391.20000000000340       0.55579291370836426     
   392.00000000000341        1.0348125104539490     
   392.80000000000342        1.2178799263784355     
   393.60000000000343        1.0602201093683472     
   394.40000000000344       0.75795922132830096     
   395.20000000000346       0.54748125814649240     
   396.00000000000347       0.52740081331611532     
   396.80000000000348       0.62655580955437107     
   397.60000000000349       0.67194860790061306     
   398.40000000000350       0.51199054150641476     
   399.20000000000351       0.11443069333516726     
   400.00000000000352      -0.43183374991706108     
   400.80000000000354      -0.94833518374744963     
   401.60000000000355       -1.2096773596650587     
   402.40000000000356       -1.1165404876457863     
   403.20000000000357      -0.82339734403631204     
   404.00000000000358      -0.57807921214995239     
   404.80000000000359      -0.51681622721292997     
   405.60000000000360      -0.60272429859056675     
   406.40000000000362      -0.67575146087623106     
   407.20000000000363      -0.56859173804662744     
   408.00000000000364      -0.21925490677414833     
   408.80000000000365       0.30671981019530709     
   409.60000000000366       0.84902761148332440     
   410.40000000000367        1.1831155432477405     
   411.20000000000368        1.1628334996256660     
   412.00000000000369       0.89167416982525249     
   412.80000000000371       0.61830232899525150     
   413.60000000000372       0.51386128740732240     
   414.40000000000373       0.57829920838841797     
   415.20000000000374       0.67036635321761384     
   416.00000000000375       0.61294875382194702     
   416.80000000000376       0.31519855768149491     
   417.60000000000377      -0.18271388390832732     
   418.40000000000379      -0.73940382669780302     
   419.20000000000380       -1.1382279800734683     
   420.00000000000381       -1.1963835237247789     
   420.80000000000382      -0.96023751022885540     
   421.60000000000383      -0.66741448253940949     
   422.40000000000384      -0.51965386043714779     
   423.20000000000385      -0.55536087935415146     
   424.00000000000387      -0.65736617367413186     
   424.80000000000388      -0.64512438216741608     
   425.60000000000389      -0.40109799098761656     
   426.40000000000390        6.1877300958995851E-002
   427.20000000000391       0.62211483180807359     
   428.00000000000392        1.0758015911000784     
   428.80000000000393        1.2148445168368844     
   429.60000000000394        1.0262803692841924     
   430.40000000000396       0.72423772395580754     
   431.20000000000397       0.53495889216619508     
   432.00000000000398       0.53589854851772556     
   432.80000000000399       0.63856447072523426     
   433.60000000000400       0.66552424494054752     
   434.40000000000401       0.47600071410897848     
   435.20000000000402        5.3928389248922903E-002
   436.00000000000404      -0.49981075488026189     
   436.80000000000405      -0.99729230891985177     
   437.60000000000406       -1.2164018506579239     
   438.40000000000407       -1.0868488222121355     
   439.20000000000408      -0.78716638514608772     
   440.00000000000409      -0.56015104480773625     
   440.80000000000410      -0.52173441557708666     
   441.60000000000412      -0.61594422096350121     
   442.40000000000413      -0.67490279578942136     
   443.20000000000414      -0.53919570224964497     
   444.00000000000415      -0.16303951838873459     
   444.80000000000416       0.37503414692947062     
   445.60000000000417       0.90469337023811125     
   446.40000000000418        1.1999097490252661     
   447.20000000000420        1.1389702353265698     
   448.00000000000421       0.85418971545615907     
   448.80000000000422       0.59518152384025891     
   449.60000000000423       0.51445413426637554     
   450.40000000000424       0.59158260418602493     
   451.20000000000425       0.67435724456778001     
   452.00000000000426       0.59025158671617151     
   452.80000000000427       0.26398887212335054     
   453.60000000000429      -0.25015487969372885     
   454.40000000000430      -0.80037890875894768     
   455.20000000000431       -1.1649773124378209     
   456.00000000000432       -1.1797961154878673     
   456.80000000000433      -0.92293045523124273     
   457.60000000000434      -0.63955831276369723     
   458.40000000000435      -0.51535237896572816     
   459.20000000000437      -0.56757838086089607     
   460.00000000000438      -0.66530393701793988     
   460.80000000000439      -0.62905009222812514     
   461.60000000000440      -0.35550448083104069     
   462.40000000000441       0.12734442863633366     
   463.20000000000442       0.68694366298914566     
   464.00000000000443        1.1119867429321912     
   464.80000000000445        1.2067581409513430     
   465.60000000000446       0.99070899595444861     
   466.40000000000447       0.69234342278633598     
   467.20000000000448       0.52539141269432421     
   468.00000000000449       0.54597990309386835     
   468.80000000000450       0.64943314319170686     
   469.60000000000451       0.65580827920049023     
   470.40000000000452       0.43651577796205310     
   471.20000000000454       -8.5730747028740506E-003
   472.00000000000455      -0.56705377016116809     
   472.80000000000456       -1.0420424870104537     
   473.60000000000457       -1.2177322682856924     
   474.40000000000458       -1.0546368540754554     
   475.20000000000459      -0.75216254477654843     
   476.00000000000460      -0.54516357175127506     
   476.80000000000462      -0.52870986973851775     
   477.60000000000463      -0.62864464679542720     
   478.40000000000464      -0.67109002044998234     
   479.20000000000465      -0.50617536392466389     
   480.00000000000466      -0.10438761451593354     
   480.80000000000467       0.44332138932866910     
   481.60000000000468       0.95686276540766912     
   482.40000000000470        1.2111930298494504     
   483.20000000000471        1.1117347697833002     
   484.00000000000472       0.81722257973790557     
   484.80000000000473       0.57485477149465658     
   485.60000000000474       0.51749090256154306     
   486.40000000000475       0.60497341217791367     
   487.20000000000476       0.67580704867068919     
   488.00000000000477       0.56389447367136103     
   488.80000000000479       0.20996339646259993     
   489.60000000000480      -0.31821613018788436     
   490.40000000000481      -0.85863377809631269     
   491.20000000000482       -1.1863305713356620     
   492.00000000000483       -1.1590679562968471     
   492.80000000000484      -0.88534025231690083     
   493.60000000000485      -0.61421638882460616     
   494.40000000000487      -0.51378232779642785     
   495.20000000000488      -0.58051525499060608     
   496.00000000000489      -0.67120564876514199     
   496.80000000000490      -0.60938036675418972     
   497.60000000000491      -0.30677564757034670     
   498.40000000000492       0.19401912087224527     
   499.20000000000493       0.74984930706086361     
   500.00000000000495        1.1431070075429104     
   500.80000000000496        1.1938950552548564     
   501.60000000000497       0.95399130369108442     
   502.40000000000498       0.66255337098934219     
   503.20000000000499       0.51873260303104352     
   504.00000000000500       0.55735513617402666     
   504.80000000000501       0.65883343392348825     
   505.60000000000502       0.64266494734059809     
   506.40000000000504       0.39364224968918693     
   507.20000000000505       -7.2810213780571342E-002
   508.00000000000506      -0.63315387612422191     
   508.80000000000507       -1.0822425947967274     
   509.60000000000508       -1.2138291205072094     
   510.40000000000509       -1.0203880478860898     
   511.20000000000510      -0.71872793360840359     
   512.00000000000512      -0.53314070325713603     
   512.80000000000507      -0.53749385154069207     
   513.60000000000502      -0.64048464060754751     
   514.40000000000498      -0.66412189560108692     
   515.20000000000493      -0.46959023755402773     
   516.00000000000489       -4.3530769544477710E-002
   516.80000000000484       0.51120272180397497     
   517.60000000000480        1.0051366594684426     
   518.40000000000475        1.2170003149968682     
   519.20000000000471        1.0815849736376728     
   520.00000000000466       0.78117297341193448     
   520.80000000000462       0.55741871045863367     
   521.60000000000457       0.52277205229148815     
   522.40000000000452       0.61812981349744167     
   523.20000000000448       0.67447361072328460     
   524.00000000000443       0.53388480015167017     
   524.80000000000439       0.15332200421545156     
   525.60000000000434      -0.38655167851455235     
   526.40000000000430      -0.91373933427626342     
   527.20000000000425       -1.2021967934990527     
   528.00000000000421       -1.1346054066276410     
   528.80000000000416      -0.84791371245000902     
   529.60000000000412      -0.59155787111209779     
   530.40000000000407      -0.51479967914864178     
   531.20000000000402      -0.59384054822402454     
   532.00000000000398      -0.67478644842775903     
   532.80000000000393      -0.58606729883566500     
   533.60000000000389      -0.25507828631427321     
   534.40000000000384       0.26158808796140298     
   535.20000000000380       0.81039647353005817     
   536.00000000000375        1.1689563673694552     
   536.80000000000371        1.1765831094193975     
   537.60000000000366       0.91660437113524784     
   538.40000000000362       0.63510729926176879     
   539.20000000000357       0.51490003894983494     
   540.00000000000352       0.56971659608729897     
   540.80000000000348       0.66644894900816154     
   541.60000000000343       0.62598954760783354     
   542.40000000000339       0.34750961597866981     
   543.20000000000334      -0.13850199171567235     
   544.00000000000330      -0.69768901186699228     
   544.80000000000325       -1.1175912418858789     
   545.60000000000321       -1.2049171699848193     
   546.40000000000316      -0.98458968445349393     
   547.20000000000312      -0.68716976905086447     
   548.00000000000307      -0.52406754388732291     
   548.80000000000302      -0.54781403658397343     
   549.60000000000298      -0.65112863295902978     
   550.40000000000293      -0.65383712873497479     
   551.20000000000289      -0.42952625439639358     
   552.00000000000284        1.9282068885898118E-002
   552.80000000000280       0.57828221479117725     
   553.60000000000275        1.0491432036210140     
   554.40000000000271        1.2174358933090272     
   555.20000000000266        1.0489957671347301     
   556.00000000000261       0.74641049290275485     
   556.80000000000257       0.54293013140510560     
   557.60000000000252       0.53007032059008508     
   558.40000000000248       0.63070904761525004     
   559.20000000000243       0.67014179271633767     
   560.00000000000239       0.50025893026418533     
   560.80000000000234        9.4281901916212718E-002
   561.60000000000230      -0.45479754720929860     
   562.40000000000225      -0.96527970144152553     
   563.20000000000221       -1.2125530888956348     
   564.00000000000216       -1.1068462801201715     
   564.80000000000211      -0.81107393082327262     
   565.60000000000207      -0.57171248174078904     
   566.40000000000202      -0.51822935489073785     
   567.20000000000198      -0.60721587486053108     
   568.00000000000193      -0.67578356550695529     
   568.80000000000189      -0.55909345511633857     
   569.60000000000184      -0.20059758580844206     
   570.40000000000180       0.32972027975301127     
   571.20000000000175       0.86815051361785045     
   572.00000000000171        1.1893896776350890     
   572.80000000000166        1.1551963285263338     
   573.60000000000161       0.87901103422602811     
   574.40000000000157       0.61020671460472298     
   575.20000000000152       0.51377689042745955     
   576.00000000000148       0.58274234595177288     
   576.80000000000143       0.67197900881161599     
   577.60000000000139       0.60570848345871242     
   578.40000000000134       0.29826842487162086     
   579.20000000000130      -0.20534978618510136     
   580.00000000000125      -0.76022783510221559     
   580.80000000000121       -1.1478362652955860     
   581.60000000000116       -1.1912801862326809     
   582.40000000000111      -0.94772613075040524     
   583.20000000000107      -0.65775888727662868     
   584.00000000000102      -0.51789165586970254     
   584.80000000000098      -0.55937742343498720     
   585.60000000000093      -0.66024999287244635     
   586.40000000000089      -0.64010517347185314     
   587.20000000000084      -0.38609394076664894     
   588.00000000000080        8.3784461852325687E-002
   588.80000000000075       0.64414851674231377     
   589.60000000000070        1.0885457627683692     
   590.40000000000066        1.2126713984556021     
   591.20000000000061        1.0144517439262943     
   592.00000000000057       0.71327149483914254     
   592.80000000000052       0.53140633677021953     
   593.60000000000048       0.53913281227939558     
   594.40000000000043       0.64237083865038580     
   595.20000000000039       0.66262532334235269     
   596.00000000000034       0.46308094689680834     
   596.80000000000030        3.3077582577860642E-002
   597.60000000000025      -0.52257196259713834     
   598.40000000000020       -1.0128597882775712     
   599.20000000000016       -1.2174461323315138     
   600.00000000000011       -1.0762518527213416     
   600.80000000000007      -0.77521617669698861     
   601.60000000000002      -0.55477013981620482     
   602.39999999999998      -0.52386701012888137     
   603.19999999999993      -0.62029901622538097     
   603.99999999999989      -0.67395924170092536     
   604.79999999999984      -0.52847117797045029     
   605.59999999999980      -0.14353635567397677     
   606.39999999999975       0.39806670582331799     
   607.19999999999970       0.92268404265537018     
   607.99999999999966        1.2043272621562255     
   608.79999999999961        1.1301469408777125     
   609.59999999999957       0.84165443020418851     
   610.39999999999952       0.58801416873912071     
   611.19999999999948       0.51521377236028942     
   611.99999999999943       0.59609992169110437     
   612.79999999999939       0.67514224951746571     
   613.59999999999934       0.58177902067384135     
   614.39999999999930       0.24608864676255193     
   615.19999999999925      -0.27303732656027002     
   615.99999999999920      -0.82033473098531617     
   616.79999999999916       -1.1727815210138599     
   617.59999999999911       -1.1732543392707027     
   618.39999999999907      -0.91027247293328784     
   619.19999999999902      -0.63072863633439213     
   619.99999999999898      -0.51452468849819577     
   620.79999999999893      -0.57187369351093020     
   621.59999999999889      -0.66753471497336825     
   622.39999999999884      -0.62282657473724279     
   623.19999999999879      -0.33942646105597596     
   623.99999999999875       0.14969241242363790     
   624.79999999999870       0.70837769988949462     
   625.59999999999866        1.1230507305830706     
   626.39999999999861        1.2029419443690996     
   627.19999999999857       0.97844015575127741     
   627.99999999999852       0.68205715835977032     
   628.79999999999848       0.52282600522192124     
   629.59999999999843       0.54968350201380034     
   630.39999999999839       0.65278086949596248     
   631.19999999999834       0.65176804826774393     
   631.99999999999829       0.42244105889176220     
   632.79999999999825       -3.0039066489333577E-002
   633.59999999999820      -0.58947624886658656     
   634.39999999999816       -1.0561131237404817     
   635.19999999999811       -1.2169917526611471     
   635.99999999999807       -1.0432991809372514     
   636.79999999999802      -0.74070460926818793     
   637.59999999999798      -0.54078094404418253     
   638.39999999999793      -0.53148090746379484     
   639.19999999999789      -0.63274739058106888     
   639.99999999999784      -0.66910309004027391     
   640.79999999999779      -0.49424159936013684     
   641.59999999999775       -8.4114711655704555E-002
   642.39999999999770       0.46626036075104321     
   643.19999999999766       0.97358414768497670     
   643.99999999999761        1.2137578980822026     
   644.79999999999757        1.1018772659848362     
   645.59999999999752       0.80495323132825314     
   646.39999999999748       0.56865269511399896     
   647.19999999999743       0.51903055023927447     
   647.99999999999739       0.60945004389634760     
   648.79999999999734       0.67567992446803593     
   649.59999999999729       0.55418879887860606     
   650.39999999999725       0.19115847958586579     
   651.19999999999720      -0.34123055255600226     
   651.99999999999716      -0.87757579246067730     
   652.79999999999711       -1.1922926138810150     
   653.59999999999707       -1.1512206578769864     
   654.39999999999702      -0.87268859294026724     
   655.19999999999698      -0.60627400684829347     
   655.99999999999693      -0.51384419766233702     
   656.79999999999688      -0.58497887241191271     
   657.59999999999684      -0.67268512771105060     
   658.39999999999679      -0.60193295986777451     
   659.19999999999675      -0.28967774007595065     
   659.99999999999670       0.21670433103069503     
   660.79999999999666       0.77053732214163850     
   661.59999999999661        1.1524149313845178     
   662.39999999999657        1.1885406233057254     
   663.19999999999652       0.94144424109547442     
   663.99999999999648       0.65303207289883092     
   664.79999999999643       0.51713052646893787     
   665.59999999999638       0.56142622473812120     
   666.39999999999634       0.66161437595042472     
   667.19999999999629       0.63744464629645947     
   667.99999999999625       0.37845374461625991     
   668.79999999999620       -9.4798651204275441E-002
   669.59999999999616      -0.65509670291785160     
   670.39999999999611       -1.0947097822354110     
   671.19999999999607       -1.2113725979416918     
   671.99999999999602       -1.0084737881964645     
   672.79999999999598      -0.70786977738752255     
   673.59999999999593      -0.52975561485911937     
   674.39999999999588      -0.54081406628645790     
   675.19999999999584      -0.64422147993412127     
   675.99999999999579      -0.66103384160595835     
   676.79999999999575      -0.45647332419240061     
   677.59999999999570       -2.2570068303704671E-002
   678.39999999999566       0.53391653716275023     
   679.19999999999561        1.0204600056390558     
   679.99999999999557        1.2177399933790407     
   680.79999999999552        1.0708517668308215     
   681.59999999999548       0.76929767285909678     
   682.39999999999543       0.55220549348122527     
   683.19999999999538       0.52501812750572174     
   683.99999999999534       0.62245019223479647     
   684.79999999999529       0.67335873832913062     
   685.59999999999525       0.52295508880441999     
   686.39999999999520       0.13368366019600730     
   687.19999999999516      -0.40957743719565343     
   687.99999999999511      -0.93152555504600809     
   688.79999999999507       -1.2063012394486341     
   689.59999999999502       -1.1255970071287498     
   690.39999999999498      -0.83541381915518131     
   691.19999999999493      -0.58455092624769589     
   691.99999999999488      -0.51569549243802326     
   692.79999999999484      -0.59835909098066975     
   693.59999999999479      -0.67542345761983680     
   694.39999999999475      -0.57738675303633380     
   695.19999999999470      -0.23702088925122988     
   695.99999999999466       0.28450096185093732     
   696.79999999999461       0.83019161417059506     
   697.59999999999457        1.1764522577491352     
   698.39999999999452        1.1698117104165924     
   699.19999999999447       0.90393692545827575     
   699.99999999999443       0.62642317974010464     
   700.79999999999438       0.51422567558459242     
   701.59999999999434       0.57404809929869804     
   702.39999999999429       0.66855984653190481     
   703.19999999999425       0.61956090827685806     
   703.99999999999420       0.33125579219760171     
   704.79999999999416      -0.16091421304694997     
   705.59999999999411      -0.71900764535017092     
   706.39999999999407       -1.1283641521667502     
   707.19999999999402       -1.2008339763375635     
   707.99999999999397      -0.97226270792751435     
   708.79999999999393      -0.67700678251438640     
   709.59999999999388      -0.52166644338872659     
   710.39999999999384      -0.55158684526794421     
   711.19999999999379      -0.65438832135139391     
   711.99999999999375      -0.64960050011071002     
   712.79999999999370      -0.41526078572903252     
   713.59999999999366        4.0842743972577311E-002
   714.39999999999361       0.60063386553997766     
   715.19999999999357        1.0629507485665186     
   715.99999999999352        1.2164008503636832     
   716.79999999999347        1.0375494287500993     
   717.59999999999343       0.73504640626852980     
   718.39999999999338       0.53871598311573421     
   719.19999999999334       0.53294035280838270     
   719.99999999999329       0.63475806061388818     
   720.79999999999325       0.66797310454157743     
   721.59999999999320       0.48812375283429227     
   722.39999999999316        7.3887213855802991E-002
   723.19999999999311      -0.47770795502027463     
   723.99999999999307      -0.98177428515840492     
   724.79999999999302       -1.2148078756809773     
   725.59999999999297       -1.0968299865130562     
   726.39999999999293      -0.79886228820600746     
   727.19999999999288      -0.56567573014290951     
   727.99999999999284      -0.51989343231191154     
   728.79999999999279      -0.61167427740719427     
   729.59999999999275      -0.67549506247751323     
   730.39999999999270      -0.54918064582505377     
   731.19999999999266      -0.18164709637005044     
   731.99999999999261       0.35274522890749832     
   732.79999999999256       0.88690760218715159     
   733.59999999999252        1.1950391879591242     
   734.39999999999247        1.1471430095480437     
   735.19999999999243       0.86637498468479124     
   735.99999999999238       0.60241893311906836     
   736.79999999999234       0.51398344696465881     
   737.59999999999229       0.58722322087908252     
   738.39999999999225       0.67332271931635235     
   739.19999999999220       0.59805367720214342     
   739.99999999999216       0.28100445818311204     
   740.79999999999211      -0.22808119315791442     
   741.59999999999206      -0.78077568190024993     
   742.39999999999202       -1.1568422343831506     
   743.19999999999197       -1.1856781089499993     
   743.99999999999193      -0.93514787114162856     
   744.79999999999188      -0.64837393766121010     
   745.59999999999184      -0.51644869478388422     
   746.39999999999179      -0.56350001327089749     
   747.19999999999175      -0.66292512263701053     
   747.99999999999170      -0.63468297719329259     
   748.79999999999166      -0.37072235824097610     
   749.59999999999161       0.10585137434015224     
   750.39999999999156       0.66599637771378084     
   751.19999999999152        1.1007333816104001     
   751.99999999999147        1.2099340128868419     
   752.79999999999143        1.0024565075445464     
   753.59999999999138       0.70252412090991867     
   754.39999999999134       0.52818832950993222     
   755.19999999999129       0.54253623324876732     
   755.99999999999125       0.64603498784552160     
   756.79999999999120       0.65934678915169975     
   757.59999999999116       0.44976787102273508     
   758.39999999999111        1.2009480339025491E-002
   759.19999999999106      -0.54523449372769461     
   759.99999999999102       -1.0279356516692775     
   760.79999999999097       -1.2178826428194758     
   761.59999999999093       -1.0653870296530834     
   762.39999999999088      -0.76341911218126990     
   763.19999999999084      -0.54972490018370102     
   763.99999999999079      -0.52622422272517422     
   764.79999999999075      -0.62458170751701214     
   765.59999999999070      -0.67267117406716548     
   766.39999999999065      -0.51733680792097769     
   767.19999999999061      -0.12376501882581137     
   767.99999999999056       0.42108206703209206     
   768.79999999999052       0.94026194916260797     
   769.59999999999047        1.2081188661375726     
   770.39999999999043        1.1209577919227531     
   771.19999999999038       0.82919380642151741     
   771.99999999999034       0.58116862094983579     
   772.79999999999029       0.51624389475476573     
   773.59999999999025       0.60061642020423711     
   774.39999999999020       0.67562890333536241     
   775.19999999999015       0.57289052065245571     
   775.99999999999011       0.22787596342895877     
   776.79999999999006      -0.29597734599541348     
   777.59999999999002      -0.83996506307321595     
   778.39999999998997       -1.1799681154173065     
   779.19999999998993       -1.1662571577210101     
   779.99999999998988      -0.89759987667630026     
   780.79999999998984      -0.62219175367684243     
   781.59999999998979      -0.51400232232670606     
   782.39999999998975      -0.57623823187095458     
   783.19999999998970      -0.66952297155111229     
   783.99999999998965      -0.61619230775446032     
   784.79999999998961      -0.32299840080126951     
   785.59999999998956       0.17216590185300956     
   786.39999999998952       0.72957676389378290     
   787.19999999998947        1.1335304959253723     
   787.99999999998943        1.1985948193528273     
   788.79999999998938       0.96605963054360933     
   789.59999999998934       0.67201980289806995     
   790.39999999998929       0.52058847643155604     
   791.19999999998925       0.55352259887043964     
   791.99999999998920       0.65594946787634656     
   792.79999999998915       0.64733397171496077     
   793.59999999998911       0.40798604706735497     
   794.39999999998906       -5.1691763774751209E-002
   795.19999999998902      -0.61175304826336130     
   795.99999999998897       -1.0696546150866890     
   796.79999999998893       -1.2156642410641352     
   797.59999999998888       -1.0317488449110612     
   798.39999999998884      -0.72943736762622957     
   799.19999999998879      -0.53673519107996026     
