   0.0000000000000000      -0.64421332197048065     
  0.80000000000000004        1.7317426165006449     
   1.6000000000000001        2.3414092424517703     
   2.4000000000000004       0.50952781967423988     
   3.2000000000000002       -1.8592124130089718     
   4.0000000000000000       -2.3744088789271798     
   4.7999999999999998      -0.41371652543727278     
   5.5999999999999996        2.0580622941441913     
   6.3999999999999995        2.4714069803104723     
   7.1999999999999993       0.28854008299180123     
   7.9999999999999991       -2.3418678593143074     
   8.7999999999999989       -2.5593272228600048     
   9.5999999999999996       -7.3299122779833858E-002
   10.400000000000000        2.7009632082118267     
   11.200000000000001        2.5398212403051645     
   12.000000000000002      -0.28552112493599990     
   12.800000000000002       -3.0858377457021984     
   13.600000000000003       -2.2920288705886325     
   14.400000000000004       0.85746717657813054     
   15.200000000000005        3.4312210545533062     
   16.000000000000004        1.7054451478642125     
   16.800000000000004       -1.5544150273865274     
   17.600000000000005       -3.5274841687365708     
   18.400000000000006       -1.0854734611918389     
   19.200000000000006        2.1511660845027296     
   20.000000000000007        3.4141571711213885     
   20.800000000000008       0.75926094553324219     
   21.600000000000009       -2.4635484377288241     
   22.400000000000009       -3.2918550650495586     
   23.200000000000010      -0.64342890391632857     
   24.000000000000011        2.4496412038818138     
   24.800000000000011        3.1974623902311929     
   25.600000000000012       0.72902470331721947     
   26.400000000000013       -2.2046221814309073     
   27.200000000000014       -3.1560293110363893     
   28.000000000000014      -0.96789856911934313     
   28.800000000000015        1.8255918911725075     
   29.600000000000016        3.1103898578871076     
   30.400000000000016        1.3090303833262826     
   31.200000000000017       -1.3312705310059307     
   32.000000000000014       -2.9853031404723214     
   32.800000000000011       -1.7556643024629137     
   33.600000000000009       0.67066538843355561     
   34.400000000000006        2.6903147087351011     
   35.200000000000003        2.2950667435608798     
   36.000000000000000       0.16273615532023600     
   36.799999999999997       -2.1692475518887000     
   37.599999999999994       -2.7675350267576384     
   38.399999999999991      -0.91032210278176739     
   39.199999999999989        1.6772654329104819     
   39.999999999999986        3.0338375076783470     
   40.799999999999983        1.3529803699982295     
   41.599999999999980       -1.4051881787349543     
   42.399999999999977       -3.1562419144795912     
   43.199999999999974       -1.5721642540829306     
   43.999999999999972        1.2483367785615500     
   44.799999999999969        3.1788976827760109     
   45.599999999999966        1.7197502808606147     
   46.399999999999963       -1.0646295011122295     
   47.199999999999960       -3.1120211290711195     
   47.999999999999957       -1.9167714589608655     
   48.799999999999955       0.74776587110410819     
   49.599999999999952        2.9427268119296075     
   50.399999999999949        2.2229441374084287     
   51.199999999999946      -0.24098089235554188     
   51.999999999999943       -2.6287072245730476     
   52.799999999999940       -2.6111404526376307     
   53.599999999999937      -0.38781161742598025     
   54.399999999999935        2.2070327881300300     
   55.199999999999932        2.9467240548621767     
   55.999999999999929       0.88442658906938698     
   56.799999999999926       -1.9047595213147974     
   57.599999999999923       -3.1512874058977944     
   58.399999999999920       -1.1321660589755904     
   59.199999999999918        1.7769089615226967     
   59.999999999999915        3.2441880744390978     
   60.799999999999912        1.2310908148117283     
   61.599999999999909       -1.6949590018068323     
   62.399999999999906       -3.2472444933704665     
   63.199999999999903       -1.3269338981411729     
   63.999999999999901        1.5290837746689028     
   64.799999999999898        3.1820867801084285     
   65.599999999999895        1.5166444774243404     
   66.399999999999892       -1.2014505446484893     
   67.199999999999889       -3.0410065775367987     
   67.999999999999886       -1.8458793247699332     
   68.799999999999883       0.66381276971673708     
   69.599999999999881        2.7627217187985473     
   70.399999999999878        2.3053139894881891     
   71.199999999999875        8.1272354692078608E-002
   71.999999999999872       -2.2835801739126040     
   72.799999999999869       -2.7556888068598635     
   73.599999999999866      -0.80250854968821139     
   74.399999999999864        1.8009172655024792     
   75.199999999999861        3.0337573123515380     
   75.999999999999858        1.2472484353176005     
   76.799999999999855       -1.5280735569895065     
   77.599999999999852       -3.1684670922370755     
   78.399999999999849       -1.4636314619803030     
   79.199999999999847        1.3788213714230209     
   79.999999999999844        3.2010835068388008     
   80.799999999999841        1.6013564577964690     
   81.599999999999838       -1.2086935849529585     
   82.399999999999835       -3.1457580194236030     
   83.199999999999832       -1.7869044611564724     
   83.999999999999829       0.90828328508732348     
   84.799999999999827        2.9955719035471580     
   85.599999999999824        2.0871792801560169     
   86.399999999999821      -0.41299229632244705     
   87.199999999999818       -2.7049249311527008     
   87.999999999999815       -2.4914549075531061     
   88.799999999999812      -0.24754109782432598     
   89.599999999999810        2.2649992726459081     
   90.399999999999807        2.8691565444114198     
   91.199999999999804       0.82906898732237577     
   91.999999999999801       -1.8943280083757372     
   92.799999999999798       -3.1069667074076142     
   93.599999999999795       -1.1501923231586946     
   94.399999999999793        1.7187903182856590     
   95.199999999999790        3.2237917054875864     
   95.999999999999787        1.2832192580691850     
   96.799999999999784       -1.6277651587328283     
   97.599999999999781       -3.2444438615622544     
   98.399999999999778       -1.3782978115378439     
   99.199999999999775        1.4807221676695681     
   99.999999999999773        3.1890157548909697     
   100.79999999999977        1.5494766817065919     
   101.59999999999977       -1.1843450211525939     
   102.39999999999976       -3.0561794968051679     
   103.19999999999976       -1.8536313815590943     
   103.99999999999976       0.68312079874297171     
   104.79999999999976        2.7941476182231790     
   105.59999999999975        2.2904693772123386     
   106.39999999999975        2.8785887324545012E-002
   107.19999999999975       -2.3388815031858141     
   107.99999999999974       -2.7376481623816096     
   108.79999999999974      -0.74373174411754994     
   109.59999999999974        1.8600390828761595     
   110.39999999999974        3.0268716890478462     
   111.19999999999973        1.1954154512139943     
   111.99999999999973       -1.5858741727680505     
   112.79999999999973       -3.1719367222703836     
   113.59999999999972       -1.4111711225852486     
   114.39999999999972        1.4448648336181953     
   115.19999999999972        3.2134882968606506     
   115.99999999999972        1.5387182316011172     
   116.79999999999971       -1.2912028387365102     
   117.59999999999971       -3.1678808318171026     
   118.39999999999971       -1.7091103088205433     
   119.19999999999970        1.0124068984556422     
   119.99999999999970        3.0332995934807654     
   120.79999999999970        1.9949778427994493     
   121.59999999999970      -0.53990973020999089     
   122.39999999999969       -2.7669546717975888     
   123.19999999999969       -2.3987267715356548     
   123.99999999999969      -0.12229618027360667     
   124.79999999999968        2.3326013929816694     
   125.59999999999968        2.8034766186247388     
   126.39999999999968       0.75777787773247063     
   127.19999999999968       -1.9166088492890072     
   127.99999999999967       -3.0689889421689873     
   128.79999999999967       -1.1374745916261215     
   129.59999999999968        1.7003856986674504     
   130.39999999999969        3.2049739410841944     
   131.19999999999970        1.3023709165923965     
   131.99999999999972       -1.5971510355684777     
   132.79999999999973       -3.2407247924401297     
   133.59999999999974       -1.4009553698104928     
   134.39999999999975        1.4619265646083275     
   135.19999999999976        3.1955816692490258     
   135.99999999999977        1.5586275359099453     
   136.79999999999978       -1.1905017293849443     
   137.59999999999980       -3.0725819273369672     
   138.39999999999981       -1.8420796893439473     
   139.19999999999982       0.72085213026128114     
   139.99999999999983        2.8279036440263963     
   140.79999999999984        2.2602968215522514     
   141.59999999999985       -3.7379157929811946E-002
   142.39999999999986       -2.3955619877589625     
   143.19999999999987       -2.7080458056057743     
   143.99999999999989      -0.67939069584505241     
   144.79999999999990        1.9140866856487238     
   145.59999999999991        3.0117110459913254     
   146.39999999999992        1.1489645403732054     
   147.19999999999993       -1.6291123892696164     
   147.99999999999994       -3.1686021903640595     
   148.79999999999995       -1.3732036406851034     
   149.59999999999997        1.4893481487082658     
   150.39999999999998        3.2199136701490856     
   151.19999999999999        1.4960639748942590     
   152.00000000000000       -1.3486258275473970     
   152.80000000000001       -3.1837483962622661     
   153.60000000000002       -1.6533023550307431     
   154.40000000000003        1.0904181259332053     
   155.20000000000005        3.0626430988560580     
   156.00000000000006        1.9234864744701694     
   156.80000000000007      -0.64267690919974907     
   157.60000000000008       -2.8186960277422739     
   158.40000000000009       -2.3199913709312261     
   159.20000000000010       -8.5130889663949105E-003
   160.00000000000011        2.3999651227682466     
   160.80000000000013        2.7428898513836386     
   161.60000000000014       0.68038914738626621     
   162.40000000000015       -1.9530398666733775     
   163.20000000000016       -3.0338599570411442     
   164.00000000000017       -1.1104705683363114     
   164.80000000000018        1.7006212658861959     
   165.60000000000019        3.1873254773797095     
   166.40000000000020        1.3054972929318402     
   167.20000000000022       -1.5843774049567350     
   168.00000000000023       -3.2369702136566696     
   168.80000000000024       -1.4092760237005173     
   169.60000000000025        1.4580354441686492     
   170.40000000000026        3.2022150507618052     
   171.20000000000027        1.5556400969910307     
   172.00000000000028       -1.2086697095155863     
   172.80000000000030       -3.0895153689687325     
   173.60000000000031       -1.8203235778431250     
   174.40000000000032       0.76823149686028414     
   175.20000000000033        2.8622673052347118     
   176.00000000000034        2.2212903734920353     
   176.80000000000035      -0.11169816466058879     
   177.60000000000036       -2.4529896043638426     
   178.40000000000038       -2.6704184080980071     
   179.20000000000039      -0.60950289533001500     
   180.00000000000040        1.9670442185643697     
   180.80000000000041        2.9907014938823790     
   181.60000000000042        1.1036553131031637     
   182.40000000000043       -1.6651167607845103     
   183.20000000000044       -3.1607466726352298     
   184.00000000000045       -1.3427746667716978     
   184.80000000000047        1.5215270444996105     
   185.60000000000048        3.2226112796159971     
   186.40000000000049        1.4650055624835063     
   187.20000000000050       -1.3910686621127930     
   188.00000000000051       -3.1959431516950909     
   188.80000000000052       -1.6107035603120037     
   189.60000000000053        1.1525179836510369     
   190.40000000000055        3.0869449420519279     
   191.20000000000056        1.8647748791966570     
   192.00000000000057      -0.73011728591862157     
   192.80000000000058       -2.8634144357743048     
   193.60000000000059       -2.2500921051702338     
   194.40000000000060        9.6990050434164754E-002
   195.20000000000061        2.4652450983296839     
   196.00000000000063        2.6844591546618819     
   196.80000000000064       0.59890474186133424     
   197.60000000000065       -1.9980468790573731     
   198.40000000000066       -2.9995419486802204     
   199.20000000000067       -1.0743029335860683     
   200.00000000000068        1.7120886994980506     
   200.80000000000069        3.1699694947645281     
   201.60000000000070        1.2989328332674992     
   202.40000000000072       -1.5818974817531415     
   203.20000000000073       -3.2329422477341865     
   204.00000000000074       -1.4093845006457630     
   204.80000000000075        1.4623655608557866     
   205.60000000000076        3.2086326715718902     
   206.40000000000077        1.5459992637923856     
   207.20000000000078       -1.2331334733557406     
   208.00000000000080       -3.1062761916112249     
   208.80000000000081       -1.7931013883397384     
   209.60000000000082       0.82035644849888922     
   210.40000000000083        2.8960192435371672     
   211.20000000000084        2.1771785035790256     
   212.00000000000085      -0.19057805260253424     
   212.80000000000086       -2.5102274822698538     
   213.60000000000088       -2.6268918987634833     
   214.40000000000089      -0.53440018882817375     
   215.20000000000090        2.0209004268447490     
   216.00000000000091        2.9651099355987132     
   216.80000000000092        1.0571019631496865     
   217.60000000000093       -1.6979868804035072     
   218.40000000000094       -3.1494958694335793     
   219.20000000000095       -1.3159747916949400     
   220.00000000000097        1.5464870411266238     
   220.80000000000098        3.2225959139184441     
   221.60000000000099        1.4409917983713920     
   222.40000000000100       -1.4239053519327589     
   223.20000000000101       -3.2056269639670236     
   224.00000000000102       -1.5766725635787302     
   224.80000000000103        1.2040247318124266     
   225.60000000000105        3.1078199111369189     
   226.40000000000106        1.8146555817095411     
   227.20000000000107      -0.80692877190030465     
   228.00000000000108       -2.9029237693194738     
   228.80000000000109       -2.1863094114464472     
   229.60000000000110       0.19605211652177879     
   230.40000000000111        2.5276909660538061     
   231.20000000000113        2.6267601574316854     
   232.00000000000114       0.51414611127338317     
   232.80000000000115       -2.0489863234879735     
   233.60000000000116       -2.9648044548398116     
   234.40000000000117       -1.0312383415200719     
   235.20000000000118        1.7312408375401480     
   236.00000000000119        3.1522420602559516     
   236.80000000000121        1.2857790247869727     
   237.60000000000122       -1.5858283447786183     
   238.40000000000123       -3.2283207852622997     
   239.20000000000124       -1.4045352401964395     
   240.00000000000125        1.4712284041750603     
   240.80000000000126        3.2145403653187774     
   241.60000000000127        1.5328092786031853     
   242.40000000000128       -1.2605679075524105     
   243.20000000000130       -3.1224032109021316     
   244.00000000000131       -1.7632291443350030     
   244.80000000000132       0.87425344258007875     
   245.60000000000133        2.9284269930855840     
   246.40000000000134        2.1303516638278532     
   247.20000000000135      -0.27153731733126518     
   248.00000000000136       -2.5664158978224680     
   248.80000000000138       -2.5789436229941671     
   249.60000000000139      -0.45457068051192984     
   250.40000000000140        2.0766525364288757     
   251.20000000000141        2.9356355390004629     
   252.00000000000142        1.0078218709241440     
   252.80000000000143       -1.7302656413746036     
   253.60000000000144       -3.1354563142288239     
   254.40000000000146       -1.2903541354545107     
   255.20000000000147        1.5673472661551269     
   256.00000000000148        3.2203728514470891     
   256.80000000000149        1.4212636770668683     
   257.60000000000150       -1.4503268440521764     
   258.40000000000151       -3.2133756034431080     
   259.20000000000152       -1.5484846637397487     
   260.00000000000153        1.2480183311185380     
   260.80000000000155        3.1261401310997474     
   261.60000000000156        1.7706951828972679     
   262.40000000000157      -0.87585147578256972     
   263.20000000000158       -2.9383205138699160     
   264.00000000000159       -2.1270947090980852     
   264.80000000000160       0.28975901409138638     
   265.60000000000161        2.5869465338225619     
   266.40000000000163        2.5691280336438389     
   267.20000000000164       0.42662718665183164     
   268.00000000000165       -2.1043345571296044     
   268.80000000000166       -2.9288424333213934     
   269.60000000000167      -0.98235188799016782     
   270.40000000000168        1.7562450821688433     
   271.20000000000169        3.1336611567233708     
   272.00000000000171        1.2676349088493224     
   272.80000000000172       -1.5940500006947651     
   273.60000000000173       -3.2228319964994876     
   274.40000000000174       -1.3965453842140039     
   275.20000000000175        1.4824813234772063     
   276.00000000000176        3.2197075327706099     
   276.80000000000177        1.5179148546763275     
   277.60000000000178       -1.2889555087572455     
   278.40000000000180       -3.1376200863990156     
   279.20000000000181       -1.7324574508015465     
   280.00000000000182       0.92806111172325512     
   280.80000000000183        2.9590832760618473     
   281.60000000000184        2.0824230776802510     
   282.40000000000185      -0.35279491951885067     
   283.20000000000186       -2.6208341819401815     
   284.00000000000188       -2.5277186586815636     
   284.80000000000189      -0.37067029873182689     
   285.60000000000190        2.1346297807364158     
   286.40000000000191        2.9026671419719374     
   287.20000000000192       0.95490078886030005     
   288.00000000000193       -1.7635670583090239     
   288.80000000000194       -3.1189634052693980     
   289.60000000000196       -1.2643131144706972     
   290.40000000000197        1.5861123602519001     
   291.20000000000198        3.2162076896570841     
   292.00000000000199        1.4040571095756240     
   292.80000000000200       -1.4723305731153156     
   293.60000000000201       -3.2194872528324314     
   294.40000000000202       -1.5244589563822588     
   295.20000000000203        1.2863755185379553     
   296.00000000000205        3.1424119038575764     
   296.80000000000206        1.7314181202966545     
   297.60000000000207      -0.93855591723652898     
   298.40000000000208       -2.9703125752344395     
   299.20000000000209       -2.0715512005085159     
   300.00000000000210       0.37874057916245096     
   300.80000000000211        2.6428325035332714     
   301.60000000000213        2.5113392433468777     
   302.40000000000214       0.33685132996681988     
   303.20000000000215       -2.1629948824816267     
   304.00000000000216       -2.8911056776106228     
   304.80000000000217      -0.92818142755227351     
   305.60000000000218        1.7861137140647596     
   306.40000000000219        3.1138732988778046     
   307.20000000000221        1.2453237000726174     
   308.00000000000222       -1.6053877357599655     
   308.80000000000223       -3.2162636523201571     
   309.60000000000224       -1.3864351332988112     
   310.40000000000225        1.4948586193927884     
   311.20000000000226        3.2239641576927824     
   312.00000000000227        1.5024331638376380     
   312.80000000000229       -1.3170486486613195     
   313.60000000000230       -3.1517730213139163     
   314.40000000000231       -1.7018999632599638     
   315.20000000000232       0.98059798891949068     
   316.00000000000233        2.9877920748342848     
   316.80000000000234        2.0345140755553133     
   317.60000000000235      -0.43305759243915176     
   318.40000000000236       -2.6729298646938671     
   319.20000000000238       -2.4741730880611628     
   320.00000000000239      -0.28350147819542615     
   320.80000000000240        2.1946813656140671     
   321.60000000000241        2.8664223669953781     
   322.40000000000242       0.89780416366379989     
   323.20000000000243       -1.7989148632187628     
   324.00000000000244       -3.1001969890503673     
   324.80000000000246       -1.2367758843428078     
   325.60000000000247        1.6041164229639546     
   326.40000000000248        3.2102443689348270     
   327.20000000000249        1.3881932402683401     
   328.00000000000250       -1.4912193034186609     
   328.80000000000251       -3.2241177632434850     
   329.60000000000252       -1.5035177048255277     
   330.40000000000254        1.3202830993889196     
   331.20000000000255        3.1569464543788355     
   332.00000000000256        1.6959028058249674     
   332.80000000000257      -0.99609460014273843     
   333.60000000000258       -2.9993871030927144     
   334.40000000000259       -2.0191604375490275     
   335.20000000000260       0.46335639864082889     
   336.00000000000261        2.6952732838539402     
   336.80000000000263        2.4534348048013008     
   337.60000000000264       0.24540173732344162     
   338.40000000000265       -2.2240065106862414     
   339.20000000000266       -2.8512171284615975     
   340.00000000000267      -0.86902166662679292     
   340.80000000000268        1.8202995965319522     
   341.60000000000269        3.0926119579075468     
   342.40000000000271        1.2192382961506447     
   343.20000000000272       -1.6192147025257309     
   344.00000000000273       -3.2084568895414236     
   344.80000000000274       -1.3747476954740130     
   345.60000000000275        1.5076299352967977     
   346.40000000000276        3.2271857355770317     
   347.20000000000277        1.4870304927097997     
   348.00000000000279       -1.3440817508636298     
   348.80000000000280       -3.1647850860314417     
   349.60000000000281       -1.6722648009519929     
   350.40000000000282        1.0311198332081650     
   351.20000000000283        3.0144925943816370     
   352.00000000000284        1.9874108876356160     
   352.80000000000285      -0.51139715817521281     
   353.60000000000286       -2.7223227959474796     
   354.40000000000288       -2.4191334388336250     
   355.20000000000289      -0.19396703554610673     
   356.00000000000290        2.2563180063194390     
   356.80000000000291        2.8270356423908307     
   357.60000000000292       0.83625576751734987     
   358.40000000000293       -1.8369524314082912     
   359.20000000000294       -3.0792423000155003     
   360.00000000000296       -1.2069891066766016     
   360.80000000000297        1.6222897066641375     
   361.60000000000298        3.2025623857614747     
   362.40000000000299        1.3728372190067861     
   363.20000000000300       -1.5078901582401922     
   364.00000000000301       -3.2273464476014295     
   364.80000000000302       -1.4849322056503542     
   365.60000000000304        1.3505286385673942     
   366.40000000000305        3.1699448856555712     
   367.20000000000306        1.6635490568632527     
   368.00000000000307       -1.0491600945603861     
   368.80000000000308       -3.0259015239988072     
   369.60000000000309       -1.9696187217255532     
   370.40000000000310       0.54381971964064091     
   371.20000000000312        2.7442701172193362     
   372.00000000000313        2.3956047982707163     
   372.80000000000314       0.15294036095816077     
   373.60000000000315       -2.2864396681940389     
   374.40000000000316       -2.8089357864419582     
   375.20000000000317      -0.80506204710289930     
   376.00000000000318        1.8584993021329357     
   376.80000000000319        3.0696689453391617     
   377.60000000000321        1.1895114243381741     
   378.40000000000322       -1.6352519469972109     
   379.20000000000323       -3.1992949889669760     
   380.00000000000324       -1.3617139047668607     
   380.80000000000325        1.5204219680934592     
   381.60000000000326        3.2292800009485334     
   382.40000000000327        1.4720684245552129     
   383.20000000000329       -1.3696160152493371     
   384.00000000000330       -3.1766255742902771     
   384.80000000000331       -1.6439811886100721     
   385.60000000000332        1.0791823715601252     
   386.40000000000333        3.0392089175927310     
   387.20000000000334        1.9416527407239770     
   388.00000000000335      -0.58717423370560895     
   388.80000000000337       -2.7687913639520207     
   389.60000000000338       -2.3633133994028936     
   390.40000000000339      -0.10300697632195410     
   391.20000000000340        2.3188392408424261     
   392.00000000000341        2.7846183623225955     
   392.80000000000342       0.77015510568365331     
   393.60000000000343       -1.8780805171003827     
   394.40000000000344       -3.0561233300759580     
   395.20000000000346       -1.1743896844393389     
   396.00000000000347        1.6413293417274646     
   396.80000000000348        3.1932052410672398     
   397.60000000000349        1.3573471211315176     
   398.40000000000350       -1.5230131604104646     
   399.20000000000351       -3.2292097427574769     
   400.00000000000352       -1.4681669501903378     
   400.80000000000354        1.3776756838632582     
   401.60000000000355        3.1815421429226505     
   402.40000000000356        1.6339368493472124     
   403.20000000000357       -1.0982397600711478     
   404.00000000000358       -3.0501334002122777     
   404.80000000000359       -1.9227355822569732     
   405.60000000000360       0.62027723458936812     
   406.40000000000362        2.7898863349628704     
   407.20000000000363        2.3381089175693952     
   408.00000000000364        6.0168205897574101E-002
   408.80000000000365       -2.3493837424905695     
   409.60000000000366       -2.7641419938650129     
   410.40000000000367      -0.73645629642952004     
   411.20000000000368        1.9005487386677302     
   412.00000000000369        3.0448735876766202     
   412.80000000000371        1.1561051742580530     
   413.60000000000372       -1.6534595518812605     
   414.40000000000373       -3.1886922217176914     
   415.20000000000374       -1.3473442914218610     
   416.00000000000375        1.5331171790264460     
   416.80000000000376        3.2301766407622488     
   417.60000000000377        1.4576878451146031     
   418.40000000000379       -1.3934483862396756     
   419.20000000000380       -3.1872890629474688     
   420.00000000000381       -1.6172756001989814     
   420.80000000000382        1.1245564294854580     
   421.60000000000383        3.0620151725927349     
   422.40000000000384        1.8975885780295649     
   423.20000000000385      -0.65998051027661475     
   424.00000000000387       -2.8122465671938746     
   424.80000000000388       -2.3073162757152108     
   425.60000000000389       -1.1534507225472446E-002
   426.40000000000390        2.3814502735927010     
   427.20000000000391        2.7393014133061735     
   428.00000000000392       0.69952608591900756     
   428.80000000000393       -1.9225415442793405     
   429.60000000000394       -3.0308203690576700     
   430.40000000000396       -1.1385208720377376     
   431.20000000000397        1.6618048219209534     
   432.00000000000398        3.1821933793494299     
   432.80000000000399        1.3411823920981014     
   433.60000000000400       -1.5371382362756907     
   434.40000000000401       -3.2297184228443938     
   435.20000000000402       -1.4527867334881805     
   436.00000000000404        1.4021667147240620     
   436.80000000000405        3.1918296910819439     
   437.60000000000406        1.6067435948165578     
   438.40000000000407       -1.1437052145965965     
   439.20000000000408       -3.0723068838162257     
   440.00000000000409       -1.8783751207213437     
   440.80000000000410       0.69285307249094963     
   441.60000000000412        2.8322333090812606     
   442.40000000000413        2.2812256196546503     
   443.20000000000414       -3.2221456466834830E-002
   444.00000000000415       -2.4119760057970066     
   444.80000000000416       -2.7168326309264552     
   445.60000000000417      -0.66336801129839618     
   446.40000000000418        1.9463513557113057     
   447.20000000000420        3.0180759360346983     
   448.00000000000421        1.1188696010870995     
   448.80000000000422       -1.6739619384577418     
   449.60000000000423       -3.1765824176203807     
   450.40000000000424       -1.3314939089148727     
   451.20000000000425        1.5457808379238354     
   452.00000000000426        3.2298189759589628     
   452.80000000000427        1.4438699693355848     
   453.60000000000429       -1.4155443203532225     
   454.40000000000430       -3.1967804374854012     
   455.20000000000431       -1.5922295045009225     
   456.00000000000432        1.1671631168735703     
   456.80000000000433        3.0830101965991816     
   457.60000000000434        1.8554249710353456     
   458.40000000000435      -0.72958336101559773     
   459.20000000000437       -2.8526996677750680     
   460.00000000000438       -2.2516414950868913     
   460.80000000000439        7.9611537248678310E-002
   461.60000000000440        2.4433590096505888     
   462.40000000000441        2.6912653576193719     
   463.20000000000442       0.62449655958739481     
   464.00000000000443       -1.9704559766649345     
   464.80000000000445       -3.0032788113277968     
   465.60000000000446       -1.0989889146022074     
   466.40000000000447        1.6842116334703110     
   467.20000000000448        3.1695285069564032     
   468.00000000000449        1.3238575989621810     
   468.80000000000450       -1.5507491465882541     
   469.60000000000451       -3.2288661238109331     
   470.40000000000452       -1.4384095068983989     
   471.20000000000454        1.4243749599732149     
   472.00000000000455        3.2008670384833193     
   472.80000000000456        1.5817031672019839     
   473.60000000000457       -1.1858564340388029     
   474.40000000000458       -3.0926061055161944     
   475.20000000000459       -1.8364295784555200     
   476.00000000000460       0.76166408576848021     
   476.80000000000462        2.8714551739208947     
   477.60000000000463        2.2252262815484301     
   478.40000000000464      -0.12357855380776073     
   479.20000000000465       -2.4734387491377565     
   480.00000000000466       -2.6671193282264114     
   480.80000000000467      -0.58601285513230428     
   481.60000000000468        1.9958106193787213     
   482.40000000000470        2.9891336664211519     
   483.20000000000471        1.0775936714661631     
   484.00000000000472       -1.6969816104983131     
   484.80000000000473       -3.1629078100628254     
   485.60000000000474       -1.3139197826596778     
   486.40000000000475        1.5585954257828507     
   487.20000000000476        3.2281573049235464     
   488.00000000000477        1.4304910783731695     
   488.80000000000479       -1.4359772743748065     
   489.60000000000480       -3.2051044063259608     
   490.40000000000481       -1.5688317236164693     
   491.20000000000482        1.2070159359789172     
   492.00000000000483        3.1022993849170151     
   492.80000000000484        1.8152731399708146     
   493.60000000000485      -0.79586933401854076     
   494.40000000000487       -2.8902297374377959     
   495.20000000000488       -2.1967012400877151     
   496.00000000000489       0.16969000313643923     
   496.80000000000490        2.5038450070644269     
   497.60000000000491        2.6407604994835299     
   498.40000000000492       0.54530442882461116     
   499.20000000000493       -2.0218184851547396     
   500.00000000000495       -2.9734149789622002     
   500.80000000000496       -1.0554522937205404     
   501.60000000000497        1.7089856320912193     
   502.40000000000498        3.1551940123844391     
   503.20000000000499        1.3049288369892196     
   504.00000000000500       -1.5642803406993049     
   504.80000000000501       -3.2266337786757724     
   505.60000000000502       -1.4246904377600285     
   506.40000000000504        1.4446222816963388     
   507.20000000000505        3.2086880672649905     
   508.00000000000506        1.5585923095911487     
   508.80000000000507       -1.2249368624704249     
   509.60000000000508       -3.1111822634227506     
   510.40000000000509       -1.7968141094475860     
   511.20000000000510       0.82681663615952727     
   512.00000000000512        2.9077143796245171     
   512.80000000000507        2.1703679776570022     
   513.60000000000502      -0.21331480826047411     
   514.40000000000498       -2.5331081481356130     
   515.20000000000493       -2.6152251146087009     
   516.00000000000489      -0.50470089134202922     
   516.80000000000484        2.0487609930543047     
   517.60000000000480        2.9579046579912398     
   518.40000000000475        1.0320541703835855     
   519.20000000000471       -1.7227770049065692     
   520.00000000000466       -3.1476099030153262     
   520.80000000000462       -1.2943332680923787     
   521.60000000000457        1.5718012131004102     
   522.40000000000452        3.2251444301641747     
   523.20000000000448        1.4173714178505865     
   524.00000000000443       -1.4548751738749857     
   524.80000000000439       -3.2122592378956250     
   525.60000000000434       -1.5470243143672837     
   526.40000000000430        1.2441710780655191     
   527.20000000000425        3.1199831663115316     
   528.00000000000421        1.7771917095769978     
   528.80000000000416      -0.85879278038403006     
   529.60000000000412       -2.9249565776430297     
   530.40000000000407       -2.1428427654630178     
   531.20000000000402       0.25806091000537679     
   532.00000000000398        2.5623000508243954     
   532.80000000000393        2.5881162963817430     
   533.60000000000389       0.46231760867019744     
   534.40000000000384       -2.0764703074090849     
   535.20000000000380       -2.9411236855666032     
   536.00000000000375       -1.0076309528396186     
   536.80000000000371        1.7364954391094649     
   537.60000000000366        3.1391550453564738     
   538.40000000000362        1.2839971086284498     
   539.20000000000357       -1.5781156690021458     
   540.00000000000352       -3.2229929242463444     
   540.80000000000348       -1.4113207450534144     
   541.60000000000343        1.4631817722273710     
   542.40000000000339        3.2153057385469714     
   543.20000000000334        1.5372287171088448     
   544.00000000000330       -1.2611365742409124     
   544.80000000000325       -3.1281586979369189     
   545.60000000000321       -1.7594695743299078     
   546.40000000000316       0.88839792526477224     
   547.20000000000312        2.9411807936479053     
   548.00000000000307        2.1168947111855623     
   548.80000000000302      -0.30091046076723416     
   549.60000000000298       -2.5904501627325995     
   550.40000000000293       -2.5614751088202961     
   551.20000000000289      -0.41987083439371276     
   552.00000000000284        2.1049067655574381     
   552.80000000000280        2.9242473893881415     
   553.60000000000275       0.98205797565751762     
   554.40000000000271       -1.7515917303543143     
   555.20000000000266       -3.1306240756044215     
   556.00000000000261       -1.2724405907759961     
   556.80000000000257        1.5856517470933698     
   557.60000000000252        3.2207339485038746     
   558.40000000000248        1.4043108075666630     
   559.20000000000243       -1.4723824797405332     
   560.00000000000239       -3.2182345021890848     
   560.80000000000234       -1.5267344074766824     
   561.60000000000230        1.2786936836024521     
   562.40000000000225        3.1361514939546207     
   563.20000000000221        1.7412170517338286     
   564.00000000000216      -0.91833908278859822     
   564.80000000000211       -2.9570219203337760     
   565.60000000000207       -2.0903670187918992     
   566.40000000000202       0.34418081574179027     
   567.20000000000198        2.6182465953200951     
   568.00000000000193        2.5337377585334049     
   568.80000000000189       0.37604958520073817     
   569.60000000000184       -2.1340706336663278     
   570.40000000000180       -2.9062904369697415     
   571.20000000000175      -0.95532040967869314     
   572.00000000000171        1.7670317433734670     
   572.80000000000166        3.1213603371863234     
   573.60000000000161        1.2607126330152112     
   574.40000000000157       -1.5925876175370877     
   575.20000000000152       -3.2179094604130167     
   576.00000000000148       -1.3980256839690328     
   576.80000000000143        1.4802823618952641     
   577.60000000000139        3.2207168957608481     
   578.40000000000134        1.5174664668157178     
   579.20000000000130       -1.2945985825176507     
   580.00000000000125       -3.1436359611914853     
   580.80000000000121       -1.7243612095024892     
   581.60000000000116       0.94647368351686323     
   582.40000000000111        2.9720255876841528     
   583.20000000000107        2.0650366076426172     
   584.00000000000102      -0.38591837484479985     
   584.80000000000098       -2.6450653100113257     
   585.60000000000093       -2.5062772759108798     
   586.40000000000089      -0.33210350171787173     
   587.20000000000084        2.1637844378033493     
   588.00000000000080        2.8880296527712495     
   588.80000000000075       0.92747031009178693     
   589.60000000000070       -1.7836243305880508     
   590.40000000000066       -3.1118783289670673     
   591.20000000000061       -1.2479642234848571     
   592.00000000000057        1.6003928530459157     
   592.80000000000052        3.2148811600495186     
   593.60000000000048        1.3911040965863561     
   594.40000000000043       -1.4886454395773163     
   595.20000000000039       -3.2230119962152450     
   596.00000000000034       -1.5078858170643925     
   596.80000000000030        1.3106461778866221     
   597.60000000000025        3.1508828349017586     
   598.40000000000020        1.7073752242215172     
   599.20000000000016      -0.97450851781785719     
   600.00000000000011       -2.9865786111755317     
   600.80000000000007       -2.0395359589092847     
   601.60000000000002       0.42760073322667669     
   602.39999999999998        2.6713416532903231     
   603.19999999999993        2.4780871966207605     
   603.99999999999989       0.28715415198863115     
   604.79999999999984       -2.1940887919900995     
   605.59999999999980       -2.8688086596318945     
   606.39999999999975      -0.89839867225279901     
   607.19999999999970        1.8008072706044236     
   607.99999999999966        3.1017458962837083     
   608.79999999999961        1.2347691726058865     
   609.59999999999957       -1.6079889678017225     
   610.39999999999952       -3.2113479814369743     
   611.19999999999948       -1.3845522127925127     
   611.99999999999943        1.4961255313869861     
   612.79999999999939        3.2249073685077239     
   613.59999999999934        1.4991807875071053     
   614.39999999999930       -1.3254364406785792     
   615.19999999999925       -3.1576969448651355     
   615.99999999999920       -1.6914668144377112     
   616.79999999999916        1.0010978708170244     
   617.59999999999911        3.0004189559036374     
   618.39999999999907        2.0150011657441382     
   619.19999999999902      -0.46797172038829338     
   619.99999999999898       -2.6966852874693541     
   620.79999999999893       -2.4500920840565290     
   621.59999999999889      -0.24210575639509457     
   622.39999999999884        2.2247612738695115     
   623.19999999999879        2.8491438095405819     
   623.99999999999875       0.86822529043675978     
   624.79999999999870       -1.8190215816625859     
   625.59999999999866       -3.0912947496227918     
   626.39999999999861       -1.2206435161467717     
   627.19999999999857        1.6162660781365450     
   627.99999999999852        3.2075453528600129     
   628.79999999999848        1.3775364043134175     
   629.59999999999843       -1.5038201473250337     
   630.39999999999839       -3.2265683602580841     
   631.19999999999834       -1.4903912249561608     
   631.99999999999829        1.3400973025513510     
   632.79999999999825        3.1642453581371752     
   633.59999999999820        1.6756764847909544     
   634.39999999999816       -1.0273190531250156     
   635.19999999999811       -3.0137850305836658     
   635.99999999999807       -1.9905676230152942     
   636.79999999999802       0.50797003626864767     
   637.59999999999798        2.7213711112678833     
   638.39999999999793        2.4216536376191522     
   639.19999999999789       0.19639254353847813     
   639.99999999999784       -2.2558294945056279     
   640.79999999999779       -2.8286000666834719     
   641.59999999999775      -0.83682181606853434     
   642.39999999999770        1.8379704669544121     
   643.19999999999766        3.0802389471071487     
   643.99999999999761        1.2058866828208674     
   644.79999999999757       -1.6245974034026762     
   645.59999999999752       -3.2032755185510826     
   646.39999999999748       -1.3706466402036828     
   647.19999999999743        1.5109130893033345     
   647.99999999999739        3.2278565673917656     
   648.79999999999734        1.4822435881883331     
   649.59999999999729       -1.3537612217252177     
   650.39999999999725       -3.1704109963203786     
   651.19999999999720       -1.6607566201982662     
   651.99999999999716        1.0523313453213330     
   652.79999999999711        3.0265292185445216     
   653.59999999999707        1.9669582023024108     
   654.39999999999702      -0.54679416826978011     
   655.19999999999698       -2.7451628254902789     
   655.99999999999693       -2.3933951547105226     
   656.79999999999688      -0.15066685933846014     
   657.59999999999684        2.2870718448494274     
   658.39999999999679        2.8075252294845674     
   659.19999999999675       0.80432261397062144     
   659.99999999999670       -1.8578882817639339     
   660.79999999999666       -3.0687910658761082     
   661.59999999999661       -1.1902212698604910     
   662.39999999999657        1.6335272790428754     
   663.19999999999652        3.1986914483464166     
   663.99999999999648        1.3633666752352498     
   664.79999999999643       -1.5180932062418966     
   665.59999999999638       -3.2288776424745778     
   666.39999999999634       -1.4741339821335953     
   667.19999999999629        1.3671417696706636     
   667.99999999999625        3.1762980243354741     
   668.79999999999620        1.6461010089583930     
   669.59999999999616       -1.0768185357787323     
   670.39999999999611       -3.0388012614710425     
   671.19999999999607       -1.9436254730838431     
   671.99999999999602       0.58504151582166175     
   672.79999999999598        2.7682364165640316     
   673.59999999999593        2.3649176398995340     
   674.39999999999588       0.10457953493527317     
   675.19999999999584       -2.3184889155648967     
   675.99999999999579       -2.7856352256757502     
   676.79999999999575      -0.77061340227247177     
   677.59999999999570        1.8786244257679519     
   678.39999999999566        3.0567598939846632     
   679.19999999999561        1.1737896699699126     
   679.99999999999557       -1.6427029828242032     
   680.79999999999552       -3.1936630372058166     
   681.59999999999548       -1.3560311995108942     
   682.39999999999543        1.5248753086726570     
   683.19999999999538        3.2295405197219842     
   683.99999999999534        1.4664990746062287     
   684.79999999999529       -1.3797076662930554     
   685.59999999999525       -3.1818359427433558     
   686.39999999999520       -1.6321738392990637     
   687.19999999999516        1.1002597745028455     
   687.99999999999511        3.0505209224469412     
   688.79999999999507        1.9210263196304176     
   689.59999999999502      -0.62220547835180628     
   690.39999999999498       -2.7904550285410799     
   691.19999999999493       -2.3366418819450212     
   691.99999999999488       -5.8600561326401568E-002
   692.79999999999484        2.3498814023643919     
   693.59999999999479        2.7631704807072546     
   694.39999999999475       0.73582100067441036     
   695.19999999999470       -1.9002984503865767     
   695.99999999999466       -3.0442800460614183     
   696.79999999999461       -1.1564287881099797     
   697.59999999999457        1.6524645582827298     
   698.39999999999452        3.1882892174278128     
   699.19999999999447        1.3483130368944307     
   699.99999999999443       -1.5316993473771188     
   700.79999999999438       -3.2299125192865201     
   701.59999999999434       -1.4589528351561432     
   702.39999999999429        1.3919161401225859     
   703.19999999999425        3.1870902151942015     
   703.99999999999420        1.6185879928908660     
   704.79999999999416       -1.1230934460288113     
   705.59999999999411       -3.0617845780660096     
   706.39999999999407       -1.8988121708581009     
   707.19999999999402       0.65866889793918881     
   707.99999999999397        2.8119346883115366     
   708.79999999999393        2.3083222391569334     
   709.59999999999388        1.2524929531994466E-002
   710.39999999999384       -2.3812268438829638     
   711.19999999999379       -2.7399518330475732     
   711.99999999999375      -0.69985857332073831     
   712.79999999999370        1.9228363955483312     
   713.59999999999366        3.0312211886698863     
   714.39999999999361        1.1381928111197559     
   715.19999999999357       -1.6626244130421566     
   715.99999999999352       -3.1824837057010069     
   716.79999999999347       -1.3403911621413926     
   717.59999999999343        1.5382860981126281     
   718.39999999999338        3.2299328489205839     
   719.19999999999334        1.4517505897421041     
   719.99999999999329       -1.4034476361494623     
   720.79999999999325       -3.1920178518101956     
   721.59999999999320       -1.6056259124632324     
   722.39999999999316        1.1450004728461987     
   723.19999999999311        3.0725510096135933     
   723.99999999999307        1.8772695748671102     
   724.79999999999302      -0.69411496213534440     
   725.59999999999297       -2.8326013266780112     
   726.39999999999293       -2.2802437084206151     
   727.19999999999288        3.3308726554294843E-002
   727.99999999999284        2.4123569903900326     
   728.79999999999279        2.7161529180589126     
   729.59999999999275       0.66284038128483536     
   730.39999999999270       -1.9462921295841764     
   731.19999999999266       -3.0176664001716134     
   731.99999999999261       -1.1189815929665068     
   732.79999999999256        1.6734013631349689     
   733.59999999999252        3.1763095787738571     
   734.39999999999247        1.3320513204005584     
   735.19999999999243       -1.5449232444324617     
   735.99999999999238       -3.2296438856210221     
   736.79999999999234       -1.4446400653041604     
   737.59999999999229        1.4145998698695910     
   738.39999999999225        3.1966599408760530     
   739.19999999999220        1.5930371861064250     
   739.99999999999216       -1.1662650344938508     
   740.79999999999211       -3.0828838633577309     
   741.59999999999206       -1.8561752232572242     
   742.39999999999202       0.72879107714495506     
   743.19999999999197        2.8525346148247053     
   743.99999999999193        2.2522583683942328     
   744.79999999999188       -7.9012610907908787E-002
   745.59999999999184       -2.4432359934002101     
   746.39999999999179       -2.6916692036904948     
   747.19999999999175      -0.62471209451583753     
   747.99999999999170        1.9706260460030016     
   748.79999999999166        3.0035241620863342     
   749.59999999999161        1.0988024456228491     
   750.39999999999156       -1.6847049104942224     
   751.19999999999152       -3.1697084526610002     
   751.99999999999147       -1.3233792989864614     
   752.79999999999143        1.5514579023161166     
   753.59999999999138        3.2290041553002515     
   754.39999999999134        1.4377644242230758     
   755.19999999999129       -1.4251850941110726     
   755.99999999999125       -3.2009894742708580     
   756.79999999999120       -1.5809909668119908     
   757.59999999999116        1.1866938401878815     
   758.39999999999111        3.0927639340329902     
   759.19999999999106        1.8357079111129400     
   759.99999999999102      -0.76250086007993056     
   760.79999999999097       -2.8716991275915009     
   761.59999999999093       -2.2245609310541536     
   762.39999999999088       0.12434202061186239     
   763.19999999999084        2.4737285323211831     
   763.99999999999079        2.6666342172759645     
   764.79999999999075       0.58557911676329510     
   765.59999999999070       -1.9958497705356812     
   766.39999999999065       -2.9888431722964026     
   767.19999999999061       -1.0775914415511876     
   767.99999999999056        1.6966796133281332     
   768.79999999999052        3.1627191593588542     
   769.59999999999047        1.3142299200189855     
   770.39999999999043       -1.5580825976889314     
   771.19999999999038       -3.2280395724507907     
   771.99999999999034       -1.4309550469975583     
   772.79999999999029        1.4353998546401403     
   773.59999999999025        3.2050317556489745     
   774.39999999999020        1.5693237678035605     
   775.19999999999015       -1.2064722549255262     
   775.99999999999011       -3.1022342469072592     
   776.79999999999006       -1.8157246014971200     
   777.59999999999002       0.79540476162974505     
   778.39999999998997        2.8901521491489799     
   779.19999999998993        2.1970660728290712     
   779.99999999998988      -0.16935094397453554     
   780.79999999998984       -2.5037947416879480     
   781.59999999998979       -2.6409976863794453     
   782.39999999998975      -0.54542149126376316     
   783.19999999998970        2.0219310242135684     
   783.99999999998965        2.9735567693691460     
   784.79999999998961        1.0553345910198306     
   785.59999999998956       -1.7092888521438301     
   786.39999999998952       -3.1553007235257899     
   787.19999999998947       -1.3046354529702118     
   787.99999999998943        1.5647197503736598     
   788.79999999998938        3.2267210147423784     
   789.59999999998934        1.4242872644458429     
   790.39999999998929       -1.4451367853541679     
   791.19999999998925       -3.2087688972955513     
   791.99999999998920       -1.5581355036816493     
   792.79999999998915        1.2254839013313799     
   793.59999999998911        3.1112875945289273     
   794.39999999998906        1.7963371826988639     
   795.19999999998902      -0.82738135945517799     
   795.99999999998897       -2.9078814176600938     
   796.79999999998893       -2.1699091880300552     
   797.59999999998888       0.21386137984622744     
   798.39999999998884        2.5333305374700421     
   799.19999999998879        2.6148700538149554     
