   0.0000000000000000       -1.6321447686253125     
  0.80000000000000004       -2.4872372546203891     
   1.6000000000000001       -1.2548590909993942     
   2.4000000000000004       0.32134771962342268     
   3.2000000000000002        1.2493752531104807     
   4.0000000000000000        1.3678913117488569     
   4.7999999999999998       0.99114663290595140     
   5.5999999999999996       0.45605617914913765     
   6.3999999999999995      -0.23742993921202682     
   7.1999999999999993       -1.1123442636305350     
   7.9999999999999991       -1.6582424667101709     
   8.7999999999999989       -1.1575528639282584     
   9.5999999999999996       0.31416121919762574     
   10.400000000000000        1.9628606695783053     
   11.200000000000001        2.1452988028844295     
   12.000000000000002       0.45169448298310133     
   12.800000000000002       -1.8995665954208310     
   13.600000000000003       -2.7594395704739205     
   14.400000000000004      -0.88552928748832427     
   15.200000000000005        1.9414116226133760     
   16.000000000000004        3.1439923480980738     
   16.800000000000004       0.91937179896700449     
   17.600000000000005       -2.2188242490889771     
   18.400000000000006       -3.3213585923108320     
   19.200000000000006      -0.71102798820095492     
   20.000000000000007        2.5108207464840642     
   20.800000000000008        3.2743874550525423     
   21.600000000000009       0.59729226266544355     
   22.400000000000009       -2.4948692855835652     
   23.200000000000010       -3.1761474146783275     
   24.000000000000011      -0.71399058507887503     
   24.800000000000011        2.1547037294530438     
   25.600000000000012        3.1019369096902025     
   26.400000000000013        1.0551130315886770     
   27.200000000000014       -1.5657204735451220     
   28.000000000000014       -2.9424558951814150     
   28.800000000000015       -1.5858276254569048     
   29.600000000000016       0.69647885368213580     
   30.400000000000016        2.4922910441161261     
   31.200000000000017        2.2372627864261214     
   32.000000000000014       0.45006669105679364     
   32.800000000000011       -1.5950142136917402     
   33.600000000000009       -2.6094589212552251     
   34.400000000000006       -1.4882894791320473     
   35.200000000000003       0.61085026821434596     
   36.000000000000000        2.4706606326714677     
   36.799999999999997        2.2863458990949246     
   37.599999999999994       0.34324865092630175     
   38.399999999999991       -1.9732819704150617     
   39.199999999999989       -2.8043330872122127     
   39.999999999999986       -1.0833862055709729     
   40.799999999999983        1.4961593189578142     
   41.599999999999980        3.0325456238790531     
   42.399999999999977        1.5327391590896462     
   43.199999999999974       -1.1386437974199142     
   43.999999999999972       -3.0515447531231250     
   44.799999999999969       -1.8694573303110484     
   45.599999999999966       0.71628245717163752     
   46.399999999999963        2.8649488150789466     
   47.199999999999960        2.2619189538988724     
   47.999999999999957       -6.9968055532773743E-002
   48.799999999999955       -2.4123006779717975     
   49.599999999999952       -2.6906355739187555     
   50.399999999999949      -0.70767810481368487     
   51.199999999999946        1.7798317330743405     
   51.999999999999943        2.9381793936685558     
   52.799999999999940        1.3379070797896893     
   53.599999999999937       -1.1925512242281691     
   54.399999999999935       -2.9308786181362314     
   55.199999999999932       -1.8623650690257723     
   55.999999999999929       0.53715006070751015     
   56.799999999999926        2.6495233952949016     
   57.599999999999923        2.3937704565914810     
   58.399999999999920       0.28790081510266763     
   59.199999999999918       -2.0730548309147614     
   59.999999999999915       -2.8113515976378016     
   60.799999999999912       -1.0518671647970006     
   61.599999999999909        1.4580067296221819     
   62.399999999999906        2.9597271048921554     
   63.199999999999903        1.6153730398769457     
   63.999999999999901      -0.88645007649455287     
   64.799999999999898       -2.8514929116023771     
   65.599999999999895       -2.1219102766441464     
   66.399999999999892       0.19075867008358882     
   67.199999999999889        2.4603024632261810     
   67.999999999999886        2.6158993387791480     
   68.799999999999883       0.61074599599673096     
   69.599999999999881       -1.8613740598485857     
   70.399999999999878       -2.9258037106712864     
   71.199999999999875       -1.2509534174832588     
   71.999999999999872        1.3175540967423924     
   72.799999999999869        2.9854979566346476     
   73.599999999999866        1.7402200807077461     
   74.399999999999864      -0.75537953273843161     
   75.199999999999861       -2.8003467582149724     
   75.999999999999858       -2.2327007027377919     
   76.799999999999855        1.5055875954564257E-002
   77.599999999999852        2.3226358525097357     
   78.399999999999849        2.7007546047350153     
   79.199999999999847       0.79105989835209778     
   79.999999999999844       -1.6908088651787461     
   80.799999999999841       -2.9426604095102968     
   81.599999999999838       -1.4095706466651583     
   82.399999999999835        1.1217308878332459     
   83.199999999999832        2.9258327258820662     
   83.999999999999829        1.9192142520435609     
   84.799999999999827      -0.48268331924554708     
   85.599999999999824       -2.6400193942836152     
   86.399999999999821       -2.4336683702018864     
   87.199999999999818      -0.31864454418720189     
   87.999999999999815        2.0753908783060750     
   88.799999999999812        2.8350322092908273     
   89.599999999999810        1.0507114025276900     
   90.399999999999807       -1.4868484876708057     
   91.199999999999804       -2.9804769831046087     
   91.999999999999801       -1.5882033792801886     
   92.799999999999798       0.93922774302442136     
   93.599999999999795        2.8799969021434091     
   94.399999999999793        2.0786488349643921     
   95.199999999999790      -0.25879569544795533     
   95.999999999999787       -2.5003017052728738     
   96.799999999999784       -2.5759582061529156     
   97.599999999999781      -0.55677450709151843     
   98.399999999999778        1.8875122756366163     
   99.199999999999775        2.9019201634382541     
   99.999999999999773        1.2303613301247762     
   100.79999999999977       -1.3145577749187898     
   101.59999999999977       -2.9681760764750811     
   102.39999999999976       -1.7451916125154225     
   103.19999999999976       0.73117521815967157     
   103.99999999999976        2.7811867638775318     
   104.79999999999976        2.2508743840149217     
   105.59999999999975        1.8287426763565762E-002
   106.39999999999975       -2.3009539991938897     
   107.19999999999975       -2.7172475311187565     
   107.99999999999974      -0.81341599109421292     
   108.79999999999974        1.6826082734973355     
   109.59999999999974        2.9539397228704538     
   110.39999999999974        1.4143247095931821     
   111.19999999999973       -1.1309697051679217     
   111.99999999999973       -2.9379611134908790     
   112.79999999999973       -1.9100145800995743     
   113.59999999999972       0.50634753501284258     
   114.39999999999972        2.6583165992938680     
   115.19999999999972        2.4182275088433531     
   115.99999999999972       0.29002667832530626     
   116.79999999999971       -2.0962948608927428     
   117.59999999999971       -2.8245135910784809     
   118.39999999999971       -1.0317421700275611     
   119.19999999999970        1.4985027382697813     
   119.99999999999970        2.9753189157027062     
   120.79999999999970        1.5791352058439851     
   121.59999999999970      -0.94343154016884267     
   122.39999999999969       -2.8774349838703808     
   123.19999999999969       -2.0752398410871389     
   123.99999999999969       0.25945621819194908     
   124.79999999999968        2.4989855819190407     
   125.59999999999968        2.5750971749281404     
   126.39999999999968       0.55686700135278455     
   127.19999999999968       -1.8876561850355018     
   127.99999999999967       -2.9022803464645510     
   128.79999999999967       -1.2295932036258619     
   129.59999999999968        1.3170425698937303     
   130.39999999999969        2.9700369263740187     
   131.19999999999970        1.7424710311212022     
   131.99999999999972      -0.73712340771668972     
   132.79999999999973       -2.7856251653643667     
   133.59999999999974       -2.2461990217165666     
   134.39999999999975       -9.0399100446361125E-003
   135.19999999999976        2.3085863220868266     
   135.99999999999977        2.7133660401525050     
   136.79999999999978       0.80497274358113069     
   137.59999999999980       -1.6898131937434120     
   138.39999999999981       -2.9527792998852127     
   139.19999999999982       -1.4080368862825143     
   139.99999999999983        1.1375306967764340     
   140.79999999999984        2.9393335142922439     
   141.59999999999985        1.9042561217593368     
   142.39999999999986      -0.51410648838376027     
   143.19999999999987       -2.6625502827075005     
   143.99999999999989       -2.4127874790685997     
   144.79999999999990      -0.28160860490734940     
   145.59999999999991        2.1023358042356213     
   146.39999999999992        2.8214148115799085     
   147.19999999999993        1.0257121437036880     
   147.99999999999994       -1.5033229168761095     
   148.79999999999995       -2.9747376242002379     
   149.59999999999997       -1.5748323342291779     
   150.39999999999998       0.94826947201798717     
   151.19999999999999        2.8791735818195798     
   152.00000000000000        2.0710442049182571     
   152.80000000000001      -0.26588000064566053     
   153.60000000000002       -2.5034646240172340     
   154.40000000000003       -2.5714061752258144     
   155.20000000000005      -0.55020506702649064     
   156.00000000000006        1.8931791712479153     
   156.80000000000007        2.9008102027355802     
   157.60000000000008        1.2244773743050947     
   158.40000000000009       -1.3223203086608764     
   159.20000000000010       -2.9708420925813241     
   160.00000000000011       -1.7376684829688713     
   160.80000000000013       0.74376770428290495     
   161.60000000000014        2.7890642970241939     
   162.40000000000015        2.2409389403659539     
   163.20000000000016        5.2057726540200022E-004
   164.00000000000017       -2.3148134266668787     
   164.80000000000018       -2.7094632216359087     
   165.60000000000019      -0.79774451658591694     
   166.40000000000020        1.6955430810768557     
   167.20000000000022        2.9515257710669891     
   168.00000000000023        1.4029584602922500     
   168.80000000000024       -1.1427067077890700     
   169.60000000000025       -2.9404331758706652     
   170.40000000000026       -1.8996334695066655     
   171.20000000000027       0.52056887358218940     
   172.00000000000028        2.6663483335261420     
   172.80000000000030        2.4082566826699199     
   173.60000000000031       0.27411807012125289     
   174.40000000000032       -2.1081294283515373     
   175.20000000000033       -2.8188530487783821     
   176.00000000000034       -1.0199101574376495     
   176.80000000000035        1.5084802114716140     
   177.60000000000036        2.9745586479594115     
   178.40000000000038        1.5701872521006148     
   179.20000000000039      -0.95393418599506585     
   180.00000000000040       -2.8813960047491203     
   180.80000000000041       -2.0661567781472967     
   181.60000000000042       0.27343594006661798     
   182.40000000000043        2.5086037905059015     
   183.20000000000044        2.5670162931208758     
   184.00000000000045       0.54259331755932605     
   184.80000000000047       -1.8991578019743161     
   185.60000000000048       -2.8988940501039355     
   186.40000000000049       -1.2189982959010082     
   187.20000000000050        1.3275071990626413     
   188.00000000000051        2.9712929918880056     
   188.80000000000052        1.7329940022410795     
   189.60000000000053      -0.74987822333475540     
   190.40000000000055       -2.7920673861185303     
   191.20000000000056       -2.2360682381029511     
   192.00000000000057        7.2587557625269916E-003
   192.80000000000058        2.3205180668899947     
   193.60000000000059        2.7058863102351993     
   194.40000000000060       0.79102607840220029     
   195.20000000000061       -1.7010150967099285     
   196.00000000000063       -2.9504635678179465     
   196.80000000000064       -1.3980613607627927     
   197.60000000000065        1.1479201315524645     
   198.40000000000066        2.9416932452508915     
   199.20000000000067        1.8949548589504066     
   200.00000000000068      -0.52728472284536876     
   200.80000000000069       -2.6703565476990017     
   201.60000000000070       -2.4035429626840790     
   202.40000000000072      -0.26627106493773045     
   203.20000000000073        2.1141791460122445     
   204.00000000000074        2.8161339021053386     
   204.80000000000075        1.0138615541299727     
   205.60000000000076       -1.5137613347559482     
   206.40000000000077       -2.9742759444635483     
   207.20000000000078       -1.5654558636478051     
   208.00000000000080       0.95957272928586046     
   208.80000000000081        2.8835164012553731     
   209.60000000000082        2.0612880741073605     
   210.40000000000083      -0.28087145730276175     
   211.20000000000084       -2.5136137782665675     
   212.00000000000085       -2.5626613126441571     
   212.80000000000086      -0.53508527069263101     
   213.60000000000088        1.9050509284977228     
   214.40000000000089        2.8969877634260501     
   215.20000000000090        1.2135793626049609     
   216.00000000000091       -1.3326471304405731     
   216.80000000000092       -2.9717417621724485     
   217.60000000000093       -1.7283545668515075     
   218.40000000000094       0.75596315255901469     
   219.20000000000095        2.7950623673511101     
   220.00000000000097        2.2312041181601940     
   220.80000000000098       -1.5047443005389294E-002
   221.60000000000099       -2.3262334972248784     
   222.40000000000100       -2.7022835675149399     
   223.20000000000101      -0.78426230082903325     
   224.00000000000102        1.7065231537637211     
   224.80000000000103        2.9493786120454781     
   225.60000000000105        1.3931329091091031     
   226.40000000000106       -1.1531495268283787     
   227.20000000000107       -2.9429331000625449     
   228.00000000000108       -1.8902611067058273     
   228.80000000000109       0.53400091499032576     
   229.60000000000110        2.6743412293479780     
   230.40000000000111        2.3988077834299477     
   231.20000000000113       0.25840592506157511     
   232.00000000000114       -2.1202298074931418     
   232.80000000000115       -2.8133812675775314     
   233.60000000000116       -1.0077906032532979     
   234.40000000000117        1.5190412216253133     
   235.20000000000118        2.9739646268337672     
   236.00000000000119        1.5607272435941644     
   236.80000000000121      -0.96518400147673766     
   237.60000000000122       -2.8856034037983278     
   238.40000000000123       -2.0564346345060027     
   239.20000000000124       0.28827102541904948     
   240.00000000000125        2.5185865279289588     
   240.80000000000126        2.5583016953082711     
   241.60000000000127       0.52757592539767417     
   242.40000000000128       -1.9109465764394069     
   243.20000000000130       -2.8950652629696951     
   244.00000000000131       -1.2081490166436089     
   244.80000000000132        1.3377907437515559     
   245.60000000000133        2.9721747496606632     
   246.40000000000134        1.7237116513694724     
   247.20000000000135      -0.76204236104095724     
   248.00000000000136       -2.7980378884806161     
   248.80000000000138       -2.2263310666192391     
   249.60000000000139        2.2842720554614449E-002
   250.40000000000140        2.3319420869470950     
   251.20000000000141        2.6986504427284252     
   252.00000000000142       0.77746746390248100     
   252.80000000000143       -1.7120452312577199     
   253.60000000000144       -2.9482668766839302     
   254.40000000000146       -1.3881914179619184     
   255.20000000000147        1.1583707302230404     
   256.00000000000148        2.9441461319017641     
   256.80000000000149        1.8855725061728783     
   257.60000000000150      -0.54069179871145256     
   258.40000000000151       -2.6782922651867462     
   259.20000000000152       -2.3940696412761335     
   260.00000000000153      -0.25054400375327113     
   260.80000000000155        2.1262731555181782     
   261.60000000000156        2.8106067119265408     
   262.40000000000157        1.0017048060186888     
   263.20000000000158       -1.5243239020077799     
   264.00000000000159       -2.9736331083720242     
   264.80000000000160       -1.5559967191730504     
   265.60000000000161       0.97078261203376526     
   266.40000000000163        2.8876668178690643     
   267.20000000000164        2.0515844314227758     
   268.00000000000165      -0.29565559509209649     
   268.80000000000166       -2.5235350283275078     
   269.60000000000167       -2.5539251858983318     
   270.40000000000168      -0.52004767698071719     
   271.20000000000169        1.9168537159332635     
   272.00000000000171        2.8931186997463652     
   272.80000000000172        1.2026999232161648     
   273.60000000000173       -1.3429374275616088     
   274.40000000000174       -2.9725859588293280     
   275.20000000000175       -1.7190667752993218     
   276.00000000000176       0.76810724363846150     
   276.80000000000177        2.8009867314303500     
   277.60000000000178        2.2214558353985527     
   278.40000000000180       -3.0631404221639791E-002
   279.20000000000181       -2.3376343523750100     
   280.00000000000182       -2.6949931842240860     
   280.80000000000183      -0.77065116500981623     
   281.60000000000184        1.7175763939768729     
   282.40000000000185        2.9471320803927750     
   283.20000000000186        1.3832403154314128     
   284.00000000000188       -1.1635844143001224     
   284.80000000000189       -2.9453355526808815     
   285.60000000000190       -1.8808882024930573     
   286.40000000000191       0.54736190386379113     
   287.20000000000192        2.6822137534861286     
   288.00000000000193        2.3893258595394338     
   288.80000000000194       0.24267969548838275     
   289.60000000000196       -2.1323132347233886     
   290.40000000000197       -2.8078079832830669     
   291.20000000000198      -0.99560015434107707     
   292.00000000000199        1.5296116292948210     
   292.80000000000200        2.9732800074840489     
   293.60000000000201        1.5512626513154069     
   294.40000000000202      -0.97636859108201390     
   295.20000000000203       -2.8897054380652936     
   296.00000000000205       -2.0467377009024794     
   296.80000000000206       0.30302334908796080     
   297.60000000000207        2.5284574107956992     
   298.40000000000208        2.5495328604868295     
   299.20000000000209       0.51250278383688608     
   300.00000000000210       -1.9227705556752261     
   300.80000000000211       -2.8911485549885421     
   301.60000000000213       -1.1972332597706137     
   302.40000000000214        1.3480864640491070     
   303.20000000000215        2.9729756860125236     
   304.00000000000216        1.7144205043408032     
   304.80000000000217      -0.77415760932071431     
   305.60000000000218       -2.8039092028267882     
   306.40000000000219       -2.2165787939837416     
   307.20000000000221        3.8413326923250946E-002
   308.00000000000222        2.3433103048696111     
   308.80000000000223        2.6913119517166209     
   309.60000000000224       0.76381307641879093     
   310.40000000000225       -1.7231172037098783     
   311.20000000000226       -2.9459742512811307     
   312.00000000000227       -1.3782789968351907     
   312.80000000000229        1.1687912913112832     
   313.60000000000230        2.9465015312625655     
   314.40000000000231        1.8762077118417084     
   315.20000000000232      -0.55401177414118341     
   316.00000000000233       -2.6861058995595579     
   316.80000000000234       -2.3845762988078110     
   317.60000000000235      -0.23481298417335816     
   318.40000000000236        2.1383497520991455     
   319.20000000000238        2.8049848483905486     
   320.00000000000239       0.98947647392356886     
   320.80000000000240       -1.5349043950247336     
   321.60000000000241       -2.9729051436152494     
   322.40000000000242       -1.5465250374588098     
   323.20000000000243       0.98194173110388849     
   324.00000000000244        2.8917191185705695     
   324.80000000000246        2.0418947913875778     
   325.60000000000247      -0.31037365054034449     
   326.40000000000248       -2.5333532315390608     
   327.20000000000249       -2.5451252712066408     
   328.00000000000250      -0.50494191628550977     
   328.80000000000251        1.9286967102959900     
   329.60000000000252        2.8891549548488533     
   330.40000000000254        1.1917490557233936     
   331.20000000000255       -1.3532380225740690     
   332.00000000000256       -2.9733440640287352     
   332.80000000000257       -1.7097727139713119     
   333.60000000000258       0.78019372413336807     
   334.40000000000259        2.8068055038132487     
   335.20000000000260        2.2116999522477729     
   336.00000000000261       -4.6188449010290622E-002
   336.80000000000263       -2.3489697789330455     
   337.60000000000264       -2.6876067498004348     
   338.40000000000265      -0.75695299721886178     
   339.20000000000266        1.7286679027304088     
   340.00000000000267        2.9447933002970492     
   340.80000000000268        1.3733071284178058     
   341.60000000000269       -1.1739916499628715     
   342.40000000000271       -2.9476440816396456     
   343.20000000000272       -1.8715309076057696     
   344.00000000000273       0.56064145847484248     
   344.80000000000274        2.6899686864739678     
   345.60000000000275        2.3798211696538427     
   346.40000000000276       0.22694429278900241     
   347.20000000000277       -2.1443822192486941     
   348.00000000000279       -2.8021373068968587     
   348.80000000000280      -0.98333377487128937     
   349.60000000000281        1.5402022303292755     
   350.40000000000282        2.9725085000201235     
   351.20000000000283        1.5417838139348841     
   352.00000000000284      -0.98750207947177593     
   352.80000000000285       -2.8937078988947476     
   353.60000000000286       -2.0370558349330983     
   354.40000000000288       0.31770625742520542     
   355.20000000000289        2.5382223035662932     
   356.00000000000290        2.5407027414686563     
   356.80000000000291       0.49736541285097857     
   357.60000000000292       -1.9346319648658281     
   358.40000000000293       -2.8871378809485106     
   359.20000000000294       -1.1862472011091012     
   360.00000000000296        1.3583922658009833     
   360.80000000000297        2.9736911149289056     
   361.60000000000298        1.7051233014767657     
   362.40000000000299      -0.78621570230257998     
   363.20000000000300       -2.8096757038606617     
   364.00000000000301       -2.2068194347354257     
   364.80000000000302        5.3956501479691887E-002
   365.60000000000304        2.3546124465210232     
   366.40000000000305        2.6838776984088906     
   367.20000000000306       0.75007090835075330     
   368.00000000000307       -1.7342286332822048     
   368.80000000000308       -2.9435892044584446     
   369.60000000000309       -1.3683244465002755     
   370.40000000000310        1.1791857818837077     
   371.20000000000312        2.9487632719115555     
   372.00000000000313        1.8668576511232371     
   372.80000000000314      -0.56725108473010843     
   373.60000000000315       -2.6938021707526607     
   374.40000000000316       -2.3750606308297515     
   375.20000000000317      -0.21907393855520541     
   376.00000000000318        2.1504102267020437     
   376.80000000000319        2.7992653224802631     
   377.60000000000321       0.97717199552848211     
   378.40000000000322       -1.5455052103025078     
   379.20000000000323       -2.9720900375272015     
   380.00000000000324       -1.5370388824945251     
   380.80000000000325       0.99304969282440259     
   381.60000000000326        2.8956718000402355     
   382.40000000000327        2.0322209561468076     
   383.20000000000329      -0.32502091390501819     
   384.00000000000330       -2.5430644211940914     
   384.80000000000331       -2.5362656050791710     
   385.60000000000332      -0.48977364867631490     
   386.40000000000333        1.9405760664085379     
   387.20000000000334        2.8850973210190256     
   388.00000000000335        1.1807276131062556     
   388.80000000000337       -1.3635493328359400     
   389.60000000000338       -2.9740168614917151     
   390.40000000000339       -1.7004721810798857     
   391.20000000000340       0.79222364380998211     
   392.00000000000341        2.8125198719396485     
   392.80000000000342        2.2019373756920633     
   393.60000000000343       -6.1717209663965544E-002
   394.40000000000344       -2.3602379841898178     
   395.20000000000346       -2.6801249284057684     
   396.00000000000347      -0.74316679723270407     
   396.80000000000348        1.7397995385344693     
   397.60000000000349        2.9423619438051869     
   398.40000000000350        1.3633306826317422     
   399.20000000000351       -1.1843739889462173     
   400.00000000000352       -2.9498591734337523     
   400.80000000000354       -1.8621877927273993     
   401.60000000000355       0.57384079752410688     
   402.40000000000356        2.6976064178173953     
   403.20000000000357        2.3702948286785603     
   404.00000000000358       0.21120222433972113     
   404.80000000000359       -2.1564333710779167     
   405.60000000000360       -2.7963688553262074     
   406.40000000000362      -0.97099106728683648     
   407.20000000000363        1.5508134137423488     
   408.00000000000364        2.9716497134739726     
   408.80000000000365        1.5322901398736413     
   409.60000000000366      -0.99858462943848192     
   410.40000000000367       -2.8976108405448429     
   411.20000000000368       -2.0273902770043106     
   412.00000000000369       0.33231736576940207     
   412.80000000000371        2.5478793814630274     
   413.60000000000372        2.5318141997422661     
   414.40000000000373       0.48216701169914167     
   415.20000000000374       -1.9465287465347259     
   416.00000000000375       -2.8830332645224979     
   416.80000000000376       -1.1751902175571689     
   417.60000000000377        1.3687093550148322     
   418.40000000000379        2.9743213258034826     
   419.20000000000380        1.6958192714467017     
   420.00000000000381      -0.79821764446495980     
   420.80000000000382       -2.8153380763953142     
   421.60000000000383       -2.1970539112358671     
   422.40000000000384        6.9470298507705586E-002
   423.20000000000385        2.3658460721907417     
   424.00000000000387        2.6763485773739819     
   424.80000000000388       0.73624065787990500     
   425.60000000000389       -1.7453807578780232     
   426.40000000000390       -2.9411114984678441     
   427.20000000000391       -1.3583255677433381     
   428.00000000000392        1.1895565754145736     
   428.80000000000393        2.9509318573116818     
   429.60000000000394        1.8575211785125594     
   430.40000000000396      -0.58041074805013948     
   431.20000000000397       -2.7013814968614662     
   432.00000000000398       -2.3655239041914720     
   432.80000000000399      -0.20332944789701379     
   433.60000000000400        2.1624512507545028     
   434.40000000000401        2.7934478668766625     
   435.20000000000402       0.96479091886861745     
   436.00000000000404       -1.5561269233274033     
   436.80000000000405       -2.9711874849445774     
   437.60000000000406       -1.5275374770965728     
   438.40000000000407        1.0041069537893488     
   439.20000000000408        2.8995250400404884     
   440.00000000000409        2.0225639129299116     
   440.80000000000410      -0.33959536787867339     
   441.60000000000412       -2.5526669889952980     
   442.40000000000413       -2.5273488624774125     
   443.20000000000414      -0.47454589574523176     
   444.00000000000415        1.9524897253582840     
   444.80000000000416        2.8809456999919361     
   445.60000000000417        1.1696349458384712     
   446.40000000000418       -1.3738724563710736     
   447.20000000000420       -2.9746045273353858     
   448.00000000000421       -1.6911644956334038     
   448.80000000000422       0.80419779359532528     
   449.60000000000423        2.8181303826840240     
   450.40000000000424        2.1921691811682673     
   451.20000000000425       -7.7215488669558408E-002
   452.00000000000426       -2.3714363915926562     
   452.80000000000427       -2.6725487915131123     
   453.60000000000429      -0.72929249438277122     
   454.40000000000430        1.7509724246088170     
   455.20000000000431        2.9398378497533031     
   456.00000000000432        1.3533088338916797     
   456.80000000000433       -1.1947338473072076     
   457.60000000000434       -2.9519813951629956     
   458.40000000000435       -1.8528576507411918     
   459.20000000000437       0.58696109460923607     
   460.00000000000438        2.7051274816602309     
   460.80000000000439        2.3607479925797565     
   461.60000000000440       0.19545590042640626     
   462.40000000000441       -2.1684634672935159     
   463.20000000000442       -2.7905023194453813     
   464.00000000000443      -0.95857147523100794     
   464.80000000000445        1.5614458264702114     
   465.60000000000446        2.9707033085151311     
   466.40000000000447        1.5227807787900558     
   467.20000000000448       -1.0096167370027531     
   468.00000000000449       -2.9014144190774509     
   468.80000000000450       -2.0177419724145151     
   469.60000000000451       0.34685468432726108     
   470.40000000000452        2.5574270557976426     
   471.20000000000454        2.5228699292975256     
   472.00000000000455       0.46691070037437932     
   472.80000000000456       -1.9584587114608794     
   473.60000000000457       -2.8788346150725941     
   474.40000000000458       -1.1640617349149673     
   475.20000000000459        1.3790387535685782     
   476.00000000000460        2.9748664829832592     
   476.80000000000462        1.6865077811365152     
   477.60000000000463      -0.81016417398274498     
   478.40000000000464       -2.8208968533880050     
   479.20000000000465       -2.1872833290581424     
   480.00000000000466        8.4952496460832805E-002
   480.80000000000467        2.3770086243326731     
   481.60000000000468        2.6687257257456478     
   482.40000000000470       0.72232232128553875     
   483.20000000000471       -1.7565746654646524     
   484.00000000000472       -2.9385409801605453     
   484.80000000000473       -1.3482802146146549     
   485.60000000000474        1.1999061120114605     
   486.40000000000475        2.9530078590408482     
   487.20000000000476        1.8481970481673446     
   488.00000000000477      -0.59349200220025411     
   488.80000000000479       -2.7088444503309068     
   489.60000000000480       -2.3559672234518634     
   490.40000000000481      -0.18758186662843235     
   491.20000000000482        2.1744696256255729     
   492.00000000000483        2.7875321763489356     
   492.80000000000484       0.95233265758074648     
   493.60000000000485       -1.5667702154301169     
   494.40000000000487       -2.9701971402881977     
   495.20000000000488       -1.5180199230514448     
   496.00000000000489        1.0151140570844008     
   496.80000000000490        2.9032789991752690     
   497.60000000000491        2.0129245567907850     
   498.40000000000492      -0.35409508875416318     
   499.20000000000493       -2.5621594013595406     
   500.00000000000495       -2.5183777348404317     
   500.80000000000496      -0.45926183039314594     
   501.60000000000497        1.9644354022234793     
   502.40000000000498        2.8766999965236293     
   503.20000000000499        1.1584705270943423     
   504.00000000000500       -1.3842083561301282     
   504.80000000000501       -2.9751072071120377     
   505.60000000000502       -1.6818490597023943     
   506.40000000000504       0.81611686203606704     
   507.20000000000505        2.8236375482688474     
   508.00000000000506        2.1823965021392624     
   508.80000000000507       -9.2681033960827275E-002
   509.60000000000508       -2.3825624533042582     
   510.40000000000509       -2.6648795437035999     
   511.20000000000510      -0.71533016389592374     
   512.00000000000512        1.7621876001204226     
   512.80000000000507        2.9372208733266501     
   513.60000000000502        1.3432394453294134     
   514.40000000000498       -1.2050736777679294     
   515.20000000000493       -2.9540113212840104     
   516.00000000000489       -1.8435392064767275     
   516.80000000000484       0.60000364191398425     
   517.60000000000480        2.7125324849892873     
   518.40000000000475        2.3511817211378996     
   519.20000000000471       0.17970762497533288     
   520.00000000000466       -2.1804693341126704     
   520.80000000000462       -2.7845374021360438     
   521.60000000000457      -0.94607438351199979     
   522.40000000000452        1.5721001873850677     
   523.20000000000448        2.9696689359869683     
   524.00000000000443        1.5132547813408983     
   524.80000000000439       -1.0205989991956270     
   525.60000000000434       -2.9051188029310113     
   526.40000000000430       -2.0081117599663867     
   527.20000000000425       0.36131636475592366     
   528.00000000000421        2.5668638528234302     
   528.80000000000416        2.5138726119336599     
   529.60000000000412       0.45159969524490551     
   530.40000000000407       -1.9704194842466154     
   531.20000000000402       -2.8745418301761356     
   532.00000000000398       -1.1528612697122487     
   532.80000000000393        1.3893813666973367     
   533.60000000000389        2.9753267115704651     
   534.40000000000384        1.6771882671151452     
   535.20000000000380      -0.82205592795252258     
   536.00000000000375       -2.8263525242907535     
   536.80000000000371       -2.1775088512159799     
   537.60000000000366       0.10040080909176297     
   538.40000000000362        2.3880975624048637     
   539.20000000000357        2.6610104177290070     
   540.00000000000352       0.70831605863171609     
   540.80000000000348       -1.7678113406537872     
   541.60000000000343       -2.9358775139883249     
   542.40000000000339       -1.3381862637539177     
   543.20000000000334        1.2102368531425007     
   544.00000000000330        2.9549918543788820     
   544.80000000000325        1.8388839587370582     
   545.60000000000321      -0.60649619032736002     
   546.40000000000316       -2.7161916714200247     
   547.20000000000312       -2.3463916050240994     
   548.00000000000307      -0.17183344798951872     
   548.80000000000302        2.1864622046067663     
   549.60000000000298        2.7815179628196156     
   550.40000000000293       0.93979656715605464     
   551.20000000000289       -1.5774358444899115     
   552.00000000000284       -2.9691186510472551     
   552.80000000000280       -1.5084852183842696     
   553.60000000000275        1.0260716559177423     
   554.40000000000271        2.9069338541237055     
   555.20000000000266        2.0033036681650729     
   556.00000000000261      -0.36851830629102000     
   556.80000000000257       -2.5715402451486900     
   557.60000000000252       -2.5093548911579049     
   558.40000000000248      -0.44392470838125764     
   559.20000000000243        1.9764106338006875     
   560.00000000000239        2.8723601008905084     
   560.80000000000234        1.1472339147930197     
   561.60000000000230       -1.3945578813236599     
   562.40000000000225       -2.9755250057120355     
   563.20000000000221       -1.6725253429538816     
   564.00000000000216       0.82798143592302642     
   564.80000000000211        2.8290418356634390     
   565.60000000000207        2.1726205305320181     
   566.40000000000202      -0.10811152574797589     
   567.20000000000198       -2.3936136366168235     
   568.00000000000193       -2.6571185288432666     
   568.80000000000189      -0.70128005331959664     
   569.60000000000184        1.7734459910425986     
   570.40000000000180        2.9345108879370638     
   571.20000000000175        1.3331204103017256     
   572.00000000000171       -1.2153959465200379     
   572.80000000000166       -2.9559495308254546     
   573.60000000000161       -1.8342311358312759     
   574.40000000000157       0.61296982891565266     
   575.20000000000152        2.7198220987581072     
   576.00000000000148        2.3415969898830076     
   576.80000000000143       0.16395960252251074     
   577.60000000000139       -2.1924478525007456     
   578.40000000000134       -2.7784738261046273     
   579.20000000000130      -0.93349911934497065     
   580.00000000000125        1.5827772939107803     
   580.80000000000121        2.9685462407016558     
   581.60000000000116        1.5037110920966370     
   582.40000000000111       -1.0315321274861562     
   583.20000000000107       -2.9087241778046096     
   584.00000000000102       -1.9985003596927351     
   584.80000000000098       0.37570071804616134     
   585.60000000000093        2.5761884212486525     
   586.40000000000089        2.5048249004277809     
   587.20000000000084       0.43623728664843453     
   588.00000000000080       -1.9824085172786194     
   588.80000000000075       -2.8701547925213671     
   589.60000000000070       -1.1415884187124719     
   590.40000000000066        1.3997379897728264     
   591.20000000000061        2.9757020964176957     
   592.00000000000057        1.6678602303455206     
   592.80000000000052      -0.83389344434321089     
   593.60000000000048       -2.8317055338828716     
   594.40000000000043       -2.1677316976341032     
   595.20000000000039       0.11581288392339406     
   596.00000000000034        2.3991103620768297     
   596.80000000000030        2.6532040667113548     
   597.60000000000025       0.69422220750110109     
   598.40000000000020       -1.7790916466438866     
   599.20000000000016       -2.9331209819740667     
   600.00000000000011       -1.3280416284956775     
   600.80000000000007        1.2205512655667650     
   601.60000000000002        2.9568844229934870     
   602.39999999999998        1.8295805669208234     
   603.19999999999993      -0.61942474341629672     
   603.99999999999989       -2.7234238591473297     
   604.79999999999984       -2.3367979862477868     
   605.59999999999980      -0.15608635010615579     
   606.39999999999975        2.1984258967268886     
   607.19999999999970        2.7754049616445799     
   607.99999999999966       0.92718194783484797     
   608.79999999999961       -1.5881246478131041     
   609.59999999999957       -2.9679516600731439     
   610.39999999999952       -1.4989322535431386     
   611.19999999999948        1.0369805219954327     
   611.99999999999943        2.9104898003873352     
   612.79999999999939        1.9937019047262872     
   613.59999999999934      -0.38286341578303396     
   614.39999999999930       -2.5808082321205683     
   615.19999999999925       -2.5002829645805185     
   615.99999999999920      -0.42853784966372599     
   616.79999999999916        1.9884127916741083     
   617.59999999999911        2.8679258878843630     
   618.39999999999907        1.1359247418411818     
   619.19999999999902       -1.4049217758460653     
   619.99999999999898       -2.9758579881241793     
   620.79999999999893       -1.6631928756910797     
   621.59999999999889       0.83979200606312432     
   622.39999999999884        2.8343436677885423     
   623.19999999999879        2.1628425132026905     
   623.99999999999875      -0.12350457988743102     
   624.79999999999870       -2.4045874261745253     
   625.59999999999866       -2.6492672295767985     
   626.39999999999861      -0.68714259269276035     
   627.19999999999857        1.7847483937051400     
   627.99999999999852        2.9317077838606860     
   628.79999999999848        1.3229496653542079     
   629.59999999999843       -1.2257031167179291     
   630.39999999999839       -2.9577966029855358     
   631.19999999999834       -1.8249320798880573     
   631.99999999999829       0.62586112321891707     
   632.79999999999825        2.7269970474163117     
   633.59999999999820        2.3319947007762414     
   634.39999999999816       0.14821394729311210     
   635.19999999999811       -2.2043959597572651     
   635.99999999999807       -2.7723113412910827     
   636.79999999999802      -0.92084495753444928     
   637.59999999999798        1.5934780233344923     
   638.39999999999793        2.9673348642620638     
   639.19999999999789        1.4941485469122349     
   639.99999999999784       -1.0424169555862470     
   640.79999999999779       -2.9122307497302056     
   641.59999999999775       -1.9889083651168225     
   642.39999999999770       0.39000622666534701     
   643.19999999999766        2.5853995369623699     
   643.99999999999761        2.4957294049718222     
   644.79999999999757       0.42082681918829179     
   645.59999999999752       -1.9944231050773920     
   646.39999999999748       -2.8656733687248992     
   647.19999999999743       -1.1302428481751556     
   647.99999999999739        1.4101093177298438     
   648.79999999999734        2.9759926828557708     
   649.59999999999729        1.6585232283731515     
   650.39999999999725      -0.84567716866348941     
   651.19999999999720       -2.8369562836294131     
   651.99999999999716       -2.1579531408596937     
   652.79999999999711       0.13118630638983086     
   653.59999999999707        2.4100445176631298     
   654.39999999999702        2.6453082241757584     
   655.19999999999698       0.68004129262071422     
   655.99999999999693       -1.7904163088872680     
   656.79999999999688       -2.9302712822648322     
   657.59999999999684       -1.3178442717695731     
   658.39999999999679        1.2308518046647494     
   659.19999999999675        2.9586861424972599     
   659.99999999999670        1.8202855017814339     
   660.79999999999666      -0.63227916074395107     
   661.59999999999661       -2.7305417607499805     
   662.39999999999657       -2.3271872366318958     
   663.19999999999652      -0.14034264603067603     
   663.99999999999648        2.2103576675760506     
   664.79999999999643        2.7691929393555688     
   665.59999999999638       0.91448805076956918     
   666.39999999999634       -1.5988375425233887     
   667.19999999999629       -2.9666958084347304     
   667.99999999999625       -1.4893598095169405     
   668.79999999999620        1.0478415526041616     
   669.59999999999616        2.9139470552129119     
   670.39999999999611        1.9841197942157605     
   671.19999999999607      -0.39712898955907150     
   671.99999999999602       -2.5899622032750202     
   672.79999999999598       -2.4911645390845711     
   673.59999999999593      -0.41310461850210700     
   674.39999999999588        2.0004390971852262     
   675.19999999999584        2.8633972156902887     
   675.99999999999579        1.1245427049570340     
   676.79999999999575       -1.4153006883609356     
   677.59999999999570       -2.9761061802590216     
   678.39999999999566       -1.6538512404475447     
   679.19999999999561       0.85154897475484392     
   679.99999999999557        2.8395434251374247     
   680.79999999999552        2.1530637469559086     
   681.59999999999548      -0.13885775289244062     
   682.39999999999543       -2.4154813267823103     
   683.19999999999538       -2.6413272656311464     
   683.99999999999534      -0.67291840342763298     
   684.79999999999529        1.7960954588039300     
   685.59999999999525        2.9288114667048930     
   686.39999999999520        1.3127252028736922     
   687.19999999999516       -1.2359976318482511     
   687.99999999999511       -2.9595531126787904     
   688.79999999999507       -1.8156406592565051     
   689.59999999999502       0.63867905082233589     
   690.39999999999498        2.7340580983643470     
   691.19999999999493        2.3223756938729263     
   691.99999999999488       0.13247269405276629     
   692.79999999999484       -2.2163106496338281     
   693.59999999999479       -2.7660497328770135     
   694.39999999999475      -0.90811112757387624     
   695.19999999999470        1.6042033322481868     
   695.99999999999466        2.9660344479108911     
   696.79999999999461        1.4845658718205668     
   697.59999999999457       -1.0532544457314805     
   698.39999999999452       -2.9156387478065611     
   699.19999999999447       -1.9793362367229874     
   699.99999999999443       0.40423155530612931     
   700.79999999999438        2.5944961069500581     
   701.59999999999434        2.4865886801505304     
   702.39999999999429       0.40537167178276823     
   703.19999999999425       -2.0064603998228221     
   703.99999999999420       -2.8610974083052305     
   704.79999999999416       -1.1188242822898153     
   705.59999999999411        1.4204959558072787     
   706.39999999999407        2.9761984776406774     
   707.19999999999402        1.6491768663200892     
   707.99999999999397      -0.85740746229970588     
   708.79999999999393       -2.8421051336089800     
   709.59999999999388       -2.1481745003377068     
   710.39999999999384       0.14651860582882792     
   711.19999999999379        2.4208975453936095     
   711.99999999999375        2.6373245773258849     
   712.79999999999370       0.66577403385041301     
   713.59999999999366       -1.8017858995791274     
   714.39999999999361       -2.9273283274912516     
   715.19999999999357       -1.3075922183899646     
   715.99999999999352        1.2411408979625123     
   716.79999999999347        2.9603975839976924     
   717.59999999999343        1.8109973790103109     
   718.39999999999338      -0.64506099007887818     
   719.19999999999334       -2.7375461611851231     
   719.99999999999329       -2.3175601698469079     
   720.79999999999325      -0.12460433528857484     
   721.59999999999320        2.2222545387843584     
   722.39999999999316        2.7628817018953398     
   723.19999999999311       0.90171408600604908     
   723.99999999999307       -1.6095755240769107     
   724.79999999999302       -2.9653507382502018     
   725.59999999999297       -1.4797665574867100     
   726.39999999999293        1.0586557760920254     
   727.19999999999288        2.9173058601368274     
   727.99999999999284        1.9745577285573563     
   728.79999999999279      -0.41131378696998699     
   729.59999999999275       -2.5990011323415114     
   730.39999999999270       -2.4820021367867864     
   731.19999999999266      -0.39762840349106598     
   731.99999999999261        2.0124866374758468     
   732.79999999999256        2.8587739249512274     
   733.59999999999252        1.1130875527443602     
   734.39999999999247       -1.4256951836636675     
   735.19999999999243       -2.9762695700085939     
   735.99999999999238       -1.6445000624093815     
   736.79999999999234       0.86325266495628394     
   737.59999999999229        2.8446414479935678     
   738.39999999999225        2.1432855720941628     
   739.19999999999220      -0.15416854889031839     
   739.99999999999216       -2.4262928671280091     
   740.79999999999211       -2.6333003907557226     
   741.59999999999206      -0.65860830536739723     
   742.39999999999202        1.8074876764253291     
   743.19999999999197        2.9258218556655633     
   743.99999999999193        1.3024450829691048     
   744.79999999999188       -1.2462818994692044     
   745.59999999999184       -2.9612196261036594     
   746.39999999999179       -1.8063554882077097     
   747.19999999999175       0.65142517632097841     
   747.99999999999170        2.7410060515310759     
   748.79999999999166        2.3127407595899725     
   749.59999999999161       0.11673781028531360     
   750.39999999999156       -2.2281889712057512     
   751.19999999999152       -2.7596888297296824     
   751.99999999999147      -0.89529682249151277     
   752.79999999999143        1.6149542541278281     
   753.59999999999138        2.9646446353371632     
   754.39999999999134        1.4749616834535177     
   755.19999999999129       -1.0640456933277687     
   755.99999999999125       -2.9189484265398811     
   756.79999999999120       -1.9697842967507060     
   757.59999999999116       0.41837556005202003     
   758.39999999999111        2.6034771723221453     
   759.19999999999106        2.4774052126481592     
   759.99999999999102       0.38987523776508537     
   760.79999999999097       -2.0185174278304960     
   761.59999999999093       -2.8564267428498189     
   762.39999999999088       -1.1073324909626234     
   763.19999999999084        1.4308984314597479     
   763.99999999999079        2.9763194501152306     
   764.79999999999075        1.6398207867977677     
   765.59999999999070      -0.86908461244169466     
   766.39999999999065       -2.8471524049891328     
   767.19999999999061       -2.1383971352859428     
   767.99999999999056       0.16180726333757800     
   768.79999999999052        2.4316669875450811     
   769.59999999999047        2.6292549453615943     
   770.39999999999043       0.65142135231461262     
   771.19999999999038       -1.8132008232430077     
   771.99999999999034       -2.9242920429380059     
   772.79999999999029       -1.2972835665085194     
   773.59999999999025        1.2514209291249636     
   774.39999999999020        2.9620193076957806     
   775.19999999999015        1.8017148148980180     
   775.99999999999011      -0.65777180793575907     
   776.79999999999006       -2.7444378728035246     
   777.59999999999002       -2.3079175562278547     
   778.39999999998997      -0.10887335664200082     
   779.19999999998993        2.2341135863073585     
   779.99999999998988        2.7564711032603788     
   780.79999999998984       0.88885923218808771     
   781.59999999998979       -1.6203396628909077     
   782.39999999998975       -2.9639160954644161     
   783.19999999998970       -1.4701510600322962     
   783.99999999998965        1.0694243556472574     
   784.79999999998961        2.9205664831110738     
   785.59999999998956        1.9650159593654748     
   786.39999999998952      -0.42541676267784778     
   787.19999999998947       -2.6079241283232810     
   787.99999999998943       -2.4727982060967610     
   788.79999999998938      -0.38211259782603513     
   789.59999999998934        2.0245523823188036     
   790.39999999998929        2.8540558380502699     
   791.19999999998925        1.1015590732589353     
   791.99999999998920       -1.4361057550787719     
   792.79999999998915       -2.9763481085038639     
   793.59999999998911       -1.6351389988715987     
   794.39999999998906       0.87490333091358607     
   795.19999999998902        2.8496380391435254     
   795.99999999998897        2.1335093646567533     
   796.79999999998893      -0.16943442833628231     
   797.59999999998888       -2.4370196043029480     
   798.39999999998884       -2.6251884883420940     
   799.19999999998879      -0.64421332197048065     
