   0.0000000000000000        1.8374648338762112     
  0.80000000000000004        1.8441541249235347     
   1.6000000000000001       0.44578668222448914     
   2.4000000000000004       -1.5288019132798265     
   3.2000000000000002       -2.5982899828019370     
   4.0000000000000000       -1.4402824591877914     
   4.7999999999999998       0.77511898281674996     
   5.5999999999999996        2.6338476358460348     
   6.3999999999999995        2.2052062907157386     
   7.1999999999999993       0.21471815247866610     
   7.9999999999999991       -1.8864658052677417     
   8.7999999999999989       -2.6139573290617468     
   9.5999999999999996       -1.2890973905639183     
   10.400000000000000       0.63042930530490304     
   11.200000000000001        2.1102022666309077     
   12.000000000000002        2.1008750142810459     
   12.800000000000002       0.84749278567947295     
   13.600000000000003      -0.64079262901650225     
   14.400000000000004       -1.7688377309812982     
   15.200000000000005       -1.8845362447017326     
   16.000000000000004       -1.0028868840779097     
   16.800000000000004       0.25352441266326986     
   17.600000000000005        1.4510338640331575     
   18.400000000000006        1.9563782281456392     
   19.200000000000006        1.3310265385443671     
   20.000000000000007        3.0799615666178726E-002
   20.800000000000008       -1.4068669630961694     
   21.600000000000009       -2.1574801356576963     
   22.400000000000009       -1.4832883688190679     
   23.200000000000010        3.6274277710957703E-002
   24.000000000000011        1.6613979708717792     
   24.800000000000011        2.3144411684123516     
   25.600000000000012        1.3315768382912871     
   26.400000000000013      -0.39212048192998950     
   27.200000000000014       -1.9921961615321615     
   28.000000000000014       -2.2596510251254043     
   28.800000000000015      -0.99821509974591871     
   29.600000000000016       0.75509105337357973     
   30.400000000000016        2.1462619607137672     
   31.200000000000017        2.0602526375082859     
   32.000000000000014       0.71652820922406368     
   32.800000000000011      -0.93340915852221773     
   33.600000000000009       -2.1240444893598514     
   34.400000000000006       -1.9066666303194806     
   35.200000000000003      -0.60719491350961086     
   36.000000000000000       0.94996574221269681     
   36.799999999999997        2.0706104170630426     
   37.599999999999994        1.8646067115571214     
   38.399999999999991       0.60758844983356752     
   39.199999999999989      -0.93686433844447992     
   39.999999999999986       -2.0758674568079147     
   40.799999999999983       -1.8781318530102602     
   41.599999999999980      -0.59473647632528093     
   42.399999999999977       0.99673060904873179     
   43.199999999999974        2.1448142186635266     
   43.999999999999972        1.8649878672731668     
   44.799999999999969       0.49678264288234120     
   45.599999999999966       -1.1418128884410139     
   46.399999999999963       -2.2248198503943750     
   47.199999999999960       -1.7827118240084305     
   47.999999999999957      -0.32553386597379208     
   48.799999999999955        1.3160811271213253     
   49.599999999999952        2.2631016279643292     
   50.399999999999949        1.6513495481487475     
   51.199999999999946       0.14280620790595133     
   51.999999999999943       -1.4591930252666816     
   52.799999999999940       -2.2541454959436318     
   53.599999999999937       -1.5204894882095870     
   54.399999999999935        1.8551592987958720E-003
   55.199999999999932        1.5532293296007087     
   55.999999999999929        2.2276539567026430     
   56.799999999999926        1.4197410620146842     
   57.599999999999923      -0.10518212306663188     
   58.399999999999920       -1.6210348948554647     
   59.199999999999918       -2.2089774337761670     
   59.999999999999915       -1.3429375345800718     
   60.799999999999912       0.19548265942564802     
   61.599999999999909        1.6928862406658922     
   62.399999999999906        2.2002776596692168     
   63.199999999999903        1.2657589889202803     
   63.999999999999901      -0.29993241494397171     
   64.799999999999898       -1.7803467094196308     
   65.599999999999895       -2.1875800896695630     
   66.399999999999892       -1.1704010058976062     
   67.199999999999889       0.42466590088269007     
   67.999999999999886        1.8736542412092423     
   68.799999999999883        2.1575966627646883     
   69.599999999999881        1.0569853932715996     
   70.399999999999878      -0.55719370915438726     
   71.199999999999875       -1.9563544409431877     
   71.999999999999872       -2.1091208151867638     
   72.799999999999869      -0.93782356484430229     
   73.599999999999866       0.68236302581674346     
   74.399999999999864        2.0208698097707978     
   75.199999999999861        2.0508190190886402     
   75.999999999999858       0.82401223134485768     
   76.799999999999855      -0.79503776318250985     
   77.599999999999852       -2.0713117432186303     
   78.399999999999849       -1.9907714341691334     
   79.199999999999847      -0.71708256678569393     
   79.999999999999844       0.90052155784921672     
   80.799999999999841        2.1153405625723973     
   81.599999999999838        1.9299311327295103     
   82.399999999999835       0.61083317123768777     
   83.199999999999832       -1.0068761903787273     
   83.999999999999829       -2.1563567553001128     
   84.799999999999827       -1.8639286772532551     
   85.599999999999824      -0.49858632548632964     
   86.399999999999821        1.1179229174075407     
   87.199999999999818        2.1922351430680265     
   87.999999999999815        1.7886720311139501     
   88.799999999999812       0.37844824728687021     
   89.599999999999810       -1.2317852287208089     
   90.399999999999807       -2.2189398722169109     
   91.199999999999804       -1.7039008053338847     
   91.999999999999801      -0.25335959690709298     
   92.799999999999798        1.3439327524469500     
   93.599999999999795        2.2342910487186884     
   94.399999999999793        1.6125949314312460     
   95.199999999999790       0.12769714140853550     
   95.999999999999787       -1.4508750484025930     
   96.799999999999784       -2.2388492700617659     
   97.599999999999781       -1.5181263697726757     
   98.399999999999778       -4.0936171483711981E-003
   99.199999999999775        1.5516557386688190     
   99.999999999999773        2.2343510354473115     
   100.79999999999977        1.4221359702652834     
   101.59999999999977      -0.11729989622042702     
   102.39999999999976       -1.6469111251409767     
   103.19999999999976       -2.2219090864174027     
   103.99999999999976       -1.3244429368060635     
   104.79999999999976       0.23749758550345335     
   105.59999999999975        1.7371164463526891     
   106.39999999999975        2.2014946807509670     
   107.19999999999975        1.2242661763371774     
   107.99999999999974      -0.35708623633007353     
   108.79999999999974       -1.8216916385458914     
   109.59999999999974       -2.1726249537903488     
   110.39999999999974       -1.1213343803901723     
   111.19999999999973       0.47569651460786910     
   111.99999999999973        1.8994041923737575     
   112.79999999999973        2.1352366790541968     
   113.59999999999972        1.0160636727516756     
   114.39999999999972      -0.59257980066207439     
   115.19999999999972       -1.9693025904620196     
   115.99999999999972       -2.0899058305441445     
   116.79999999999971      -0.90898681953436555     
   117.59999999999971       0.70742634464193865     
   118.39999999999971        2.0311897097197105     
   119.19999999999970        2.0374025436407024     
   119.99999999999970       0.80016168651756381     
   120.79999999999970      -0.82063679058513994     
   121.59999999999970       -2.0853442319788411     
   122.39999999999969       -1.9781784916017946     
   123.19999999999969      -0.68909394133781943     
   123.99999999999969       0.93295075091806301     
   124.79999999999968        2.1319476837438396     
   125.59999999999968        1.9122779394056684     
   126.39999999999968       0.57514401366088030     
   127.19999999999968       -1.0448705214624250     
   127.99999999999967       -2.1707755370199955     
   128.79999999999967       -1.8396480465456158     
   129.59999999999968      -0.45801543717865112     
   130.39999999999969        1.1563207551384913     
   131.19999999999970        2.2012978279011639     
   131.99999999999972        1.7604962480034239     
   132.79999999999973       0.33798019937552515     
   133.59999999999974       -1.2666600744766363     
   134.39999999999975       -2.2229644936930724     
   135.19999999999976       -1.6754210533931970     
   135.99999999999977      -0.21579110384925171     
   136.79999999999978        1.3748906617936307     
   137.59999999999980        2.2354149797013432     
   138.39999999999981        1.5853057308287184     
   139.19999999999982        9.2445378184661253E-002
   139.99999999999983       -1.4798729827850658     
   140.79999999999984       -2.2385310296889469     
   141.59999999999985       -1.4911232797797562     
   142.39999999999986        3.1031280442329390E-002
   143.19999999999987        1.5804663814851307     
   143.99999999999989        2.2324004882861290     
   144.79999999999990        1.3937775663085192     
   145.59999999999991      -0.15372558324186714     
   146.39999999999992       -1.6756229789528032     
   147.19999999999993       -2.2172727936174064     
   147.99999999999994       -1.2940066339609348     
   148.79999999999995       0.27493365214561560     
   149.59999999999997        1.7644769727655325     
   150.39999999999998        2.1935220041944299     
   151.19999999999999        1.1923188638010584     
   152.00000000000000      -0.39424135475127597     
   152.80000000000001       -1.8464193260997626     
   153.60000000000002       -2.1615904969335391     
   154.40000000000003       -1.0889468351834453     
   155.20000000000005       0.51156675829555542     
   156.00000000000006        1.9211093630378286     
   156.80000000000007        2.1219051119114565     
   157.60000000000008       0.98383944793758937     
   158.40000000000009      -0.62712504085657539     
   159.20000000000010       -1.9883993023343576     
   160.00000000000011       -2.0748010445995013     
   160.80000000000013      -0.87671903941180029     
   161.60000000000014       0.74131032999294111     
   162.40000000000015        2.0482078879478540     
   163.20000000000016        2.0205002507519843     
   164.00000000000017       0.76720022791352438     
   164.80000000000018      -0.85453584503815927     
   165.60000000000019       -2.1004100469893889     
   166.40000000000020       -1.9591572678725888     
   167.20000000000022      -0.65493361807776296     
   168.00000000000023       0.96708658014645921     
   168.80000000000024        2.1447851854757349     
   169.60000000000025        1.8909435375780941     
   170.40000000000026       0.53973164602176182     
   171.20000000000027       -1.0790138330083567     
   172.00000000000028       -2.1810216199158590     
   172.80000000000030       -1.8161296037285888     
   173.60000000000031      -0.42165453642962758     
   174.40000000000032        1.1900710204978868     
   175.20000000000033        2.2087531879780968     
   176.00000000000034        1.7351417587284990     
   176.80000000000035       0.30105523127618539     
   177.60000000000036       -1.2996838076236918     
   178.40000000000038       -2.2276131324431288     
   179.20000000000039       -1.6485877162333762     
   180.00000000000040      -0.17858313909854395     
   180.80000000000041        1.4069631230040069     
   181.60000000000042        2.2373041904125932     
   182.40000000000043        1.5572469577417594     
   183.20000000000044        5.5133498196986430E-002
   184.00000000000045       -1.5107831328153847     
   184.80000000000047       -2.2376794518821792     
   185.60000000000048       -1.4620141133340951     
   186.40000000000049        6.8274080226753409E-002
   187.20000000000050        1.6099339375539283     
   188.00000000000051        2.2288079236101743     
   188.80000000000052        1.3637882678986109     
   189.60000000000053      -0.19067981861882144     
   190.40000000000055       -1.7033175973432073     
   191.20000000000056       -2.2109848611382690     
   192.00000000000057       -1.2633257700628109     
   192.80000000000058       0.31137906430231865     
   193.60000000000059        1.7901131749126875     
   194.40000000000060        2.1846634260561930     
   195.20000000000061        1.1611048504839716     
   196.00000000000063      -0.43004965428232866     
   196.80000000000064       -1.8698346504036998     
   197.60000000000065       -2.1503302205031125     
   198.40000000000066       -1.0572603417370074     
   199.20000000000067       0.54675421259482793     
   200.00000000000068        1.9422616324966031     
   200.80000000000069        2.1083884358032430     
   201.60000000000070       0.95162035043218296     
   202.40000000000072      -0.66182392293822767     
   203.20000000000073       -2.0072975058232139     
   204.00000000000074       -2.0591092357939673     
   204.80000000000075      -0.84382762800690947     
   205.60000000000076       0.77568702772036668     
   206.40000000000077        2.0648396062783196     
   207.20000000000078        2.0026644764801764     
   208.00000000000080       0.73349208799114951     
   208.80000000000081      -0.88871205355816896     
   209.60000000000082       -2.1147118408708518     
   210.40000000000083       -1.9392053544265238     
   211.20000000000084      -0.62032288870984131     
   212.00000000000085        1.0010977386217481     
   212.80000000000086        2.1566547518039472     
   213.60000000000088        1.8689414822971908     
   214.40000000000089       0.50421993202904747     
   215.20000000000090       -1.1128009782056296     
   216.00000000000091       -2.1903432433232384     
   216.80000000000092       -1.7921987382366003     
   217.60000000000093      -0.38533281490463600     
   218.40000000000094        1.2234846055817081     
   219.20000000000095        2.2154161558488275     
   220.00000000000097        1.7094574297615641     
   220.80000000000098       0.26409646940051723     
   221.60000000000099       -1.3324873698600090     
   222.40000000000100       -2.2315240573888739     
   223.20000000000101       -1.6213720072348226     
   224.00000000000102      -0.14123207977844787     
   224.80000000000103        1.4388432426761451     
   225.60000000000105        2.2384031005281577     
   226.40000000000106        1.5287578809181679     
   227.20000000000107        1.7685002987802845E-002
   228.00000000000108       -1.5413796544796474     
   228.80000000000109       -2.2359609489390033     
   229.60000000000110       -1.4325238819932573     
   230.40000000000111       0.10551805878731391     
   231.20000000000113        1.6388935174118666     
   232.00000000000114        2.2243352339653004     
   232.80000000000115        1.3335459487732981     
   233.60000000000116      -0.22746952608041449     
   234.40000000000117       -1.7303530205066513     
   235.20000000000118       -2.2038815925177215     
   236.00000000000119       -1.2325126457981135     
   236.80000000000121       0.34756937460758897     
   237.60000000000122        1.8150391726701092     
   238.40000000000123        2.1750806175756305     
   239.20000000000124        1.1298018948256616     
   240.00000000000125      -0.46561935020154865     
   240.80000000000126       -1.8925617273126467     
   241.60000000000127       -2.1384050142018167     
   242.40000000000128       -1.0254452771848430     
   243.20000000000130       0.58178292016282818     
   244.00000000000131        1.9627560821594017     
   244.80000000000132        2.0942180652065243     
   245.60000000000133       0.91919677417117995     
   246.40000000000134      -0.69644117453005694     
   247.20000000000135       -2.0255350716983935     
   248.00000000000136       -2.0427525786818985     
   248.80000000000138      -0.81067212230072205     
   249.60000000000139       0.81001855674478063     
   250.40000000000140        2.0807763197290927     
   251.20000000000141        1.9841643381751759     
   252.00000000000142       0.69949984778291086     
   252.80000000000143      -0.92284012479207655     
   253.60000000000144       -2.1282765402235646     
   254.40000000000146       -1.9186152861114238     
   255.20000000000147      -0.58544039752080268     
   256.00000000000148        1.0350366390617403     
   256.80000000000149        2.1677538663920002     
   257.60000000000150        1.8463461627774769     
   258.40000000000151       0.46846501191952483     
   259.20000000000152       -1.1464806084402779     
   260.00000000000153       -2.1988692267023646     
   260.80000000000155       -1.7677268125004575     
   261.60000000000156      -0.34880695797539718     
   262.40000000000157        1.2567388792441068     
   263.20000000000158        2.2212593430972714     
   264.00000000000159        1.6832890644519249     
   264.80000000000160       0.22698943831780083     
   265.60000000000161       -1.3650532278708540     
   266.40000000000163       -2.2345918607116011     
   267.20000000000164       -1.5937391467492046     
   268.00000000000165      -0.10381126810865826     
   268.80000000000166        1.4703807806275817     
   269.60000000000167        2.2386458527878546     
   270.40000000000168        1.4999305161259930     
   271.20000000000169       -1.9738893511494160E-002
   272.00000000000171       -1.5715181991329608     
   272.80000000000172       -2.2333947766310489     
   273.60000000000173       -1.4027776935931036     
   274.40000000000174       0.14264782141525134     
   275.20000000000175        1.6672936606218864     
   276.00000000000176        2.2190475475171278     
   276.80000000000177        1.3031162781279548     
   277.60000000000178      -0.26408383872373320     
   278.40000000000180       -1.7567600917927870     
   279.20000000000181       -2.1960107406386196     
   280.00000000000182       -1.2015507396560696     
   280.80000000000183       0.38356468597842808     
   281.60000000000184        1.8393029238812404     
   282.40000000000185        2.1647767094185002     
   283.20000000000186        1.0983528388574426     
   284.00000000000188      -0.50101208152682131     
   284.80000000000189       -1.9146152396292131     
   285.60000000000190       -2.1257925449447681     
   286.40000000000191      -0.99345833141576168     
   287.20000000000192       0.61667377658576639     
   288.00000000000193        1.9825712757294409     
   288.80000000000194        2.0793800749945568     
   289.60000000000196       0.88656276206884765     
   290.40000000000197      -0.73096185365135091     
   291.20000000000198       -2.0430820169064337     
   292.00000000000199       -2.0257406640400055     
   292.80000000000200      -0.77727069738710797     
   293.60000000000201       0.84428334720102316     
   294.40000000000202        2.0960024516531872     
   295.20000000000203        1.9650231028112182     
   296.00000000000205       0.66524011923085302     
   296.80000000000206      -0.95691248810759433     
   297.60000000000207       -2.1411038823512722     
   298.40000000000208       -1.8974066438849757     
   299.20000000000209      -0.55028865790113346     
   300.00000000000210        1.0689076274465508     
   300.80000000000211        2.1780844315352699     
   301.60000000000213        1.8231668034645907     
   302.40000000000214       0.43246253509030397     
   303.20000000000215       -1.1800528561237322     
   304.00000000000216       -2.2065934833184935     
   304.80000000000217       -1.7427197736580546     
   305.60000000000218      -0.31208129135828799     
   306.40000000000219        1.2898165316765244     
   307.20000000000221        2.2262700330410485     
   308.00000000000222        1.6566502464460298     
   308.80000000000223       0.18975589652224745     
   309.60000000000224       -1.3973462895980808     
   310.40000000000225       -2.2368061645490434     
   311.20000000000226       -1.5657143709891561     
   312.00000000000227       -6.6355595295805259E-002
   312.80000000000229        1.5015336014911287     
   313.60000000000230        2.2380320595912178     
   314.40000000000231        1.4707960997708813     
   315.20000000000232       -5.7102945914286884E-002
   316.00000000000233       -1.6011626432477151     
   316.80000000000234       -2.2299913469870671     
   317.60000000000235       -1.3728025071894348     
   318.40000000000236       0.17963975402757204     
   319.20000000000238        1.6951116202887502     
   320.00000000000239        2.2129608379744292     
   320.80000000000240        1.2725141606183743     
   321.60000000000241      -0.30051538428430291     
   322.40000000000242       -1.7825286737112762     
   323.20000000000243       -2.1873872338813714     
   324.00000000000244       -1.1704415056590460     
   324.80000000000246       0.41937064009397695     
   325.60000000000247        1.8629010880988979     
   326.40000000000248        2.1537618993895142     
   327.20000000000249        1.0667497791944029     
   328.00000000000250      -0.53623957703344738     
   328.80000000000251       -1.9359928276170491     
   329.60000000000252       -2.1124986483650274     
   330.40000000000254      -0.96128817303008707     
   331.20000000000255       0.65143861570161166     
   332.00000000000256        2.0017030576800252     
   332.80000000000257        2.0638785438399525     
   333.60000000000258       0.85370808549960042     
   334.40000000000259      -0.76539481474467430     
   335.20000000000260       -2.0599323329774197     
   336.00000000000261       -2.0080782161005422     
   336.80000000000263      -0.74361646899256106     
   337.60000000000264       0.87848609596064176     
   338.40000000000265        2.1105107797333966     
   339.20000000000266        1.9452473611479684     
   340.00000000000267       0.63071044418628253     
   340.80000000000268      -0.99092849185430243     
   341.60000000000269       -2.1531855024401487     
   342.40000000000271       -1.8755885565695127     
   343.20000000000272      -0.51487096287986645     
   344.00000000000273        1.1027027075747637     
   344.80000000000274        2.1876368386862115     
   345.60000000000275        1.7994160643596731     
   346.40000000000276       0.39622330911655146     
   347.20000000000277       -1.2135004533194373     
   348.00000000000279       -2.2135060069256491     
   348.80000000000280       -1.7171950175293200     
   349.60000000000281      -0.27517516866302638     
   350.40000000000282        1.3226908393921231     
   351.20000000000283        2.2304400908207760     
   352.00000000000284        1.6295634332211144     
   352.80000000000285       0.15242248925226298     
   353.60000000000286       -1.4293331255322363     
   354.40000000000288       -2.2381636525154480     
   355.20000000000289       -1.5373235249130830     
   356.00000000000290       -2.8894776379228215E-002
   356.80000000000291        1.5322670182816933     
   357.60000000000292        2.2365652757412255     
   358.40000000000293        1.4413800319580170     
   359.20000000000294       -9.4380602218842480E-002
   360.00000000000296       -1.6302833028690142     
   360.80000000000297       -2.2257608113339096     
   361.60000000000298       -1.3426184522701972     
   362.40000000000299       0.21647630628955228     
   363.20000000000300        1.7223270201830390     
   364.00000000000301        2.2060890026820492     
   364.80000000000302        1.2417506385861541     
   365.60000000000304      -0.33675845724136200     
   366.40000000000305       -1.8076480873335357     
   367.20000000000306       -2.1780246649083543     
   368.00000000000307       -1.1391858305530338     
   368.80000000000308       0.45499209258161089     
   369.60000000000309        1.8858294835066507     
   370.40000000000310        2.1420464435153903     
   371.20000000000312        1.0349855399107117     
   372.00000000000313      -0.57131291674178342     
   372.80000000000314       -1.9566923730041590     
   373.60000000000315       -2.0985296868957883     
   374.40000000000316      -0.92892368268495606     
   375.20000000000317       0.68608967911424035     
   376.00000000000318        2.0201481518081010     
   376.80000000000319        2.0477175817452369     
   377.60000000000321       0.82062201152316616     
   378.40000000000322      -0.79974948767881382     
   379.20000000000323       -2.0760804044563335     
   380.00000000000324       -1.9897695120507279     
   380.80000000000325      -0.70970238270117525     
   381.60000000000326       0.91263088518929347     
   382.40000000000327        2.1242934977780825     
   383.20000000000329        1.9248435723834976     
   384.00000000000330       0.59590957228608721     
   384.80000000000331       -1.0248851328126294     
   385.60000000000332       -2.1645119637574908     
   386.40000000000333       -1.8531710274629885     
   387.20000000000334      -0.47919330841075980     
   388.00000000000335        1.1364103648606501     
   388.80000000000337        2.1964008292422008     
   389.60000000000338        1.7751084473357337     
   390.40000000000339       0.35976150401865059     
   391.20000000000340       -1.2468026180521856     
   392.00000000000341       -2.2195971870561211     
   392.80000000000342       -1.6911720301125035     
   393.60000000000343      -0.23811075450885943     
   394.40000000000344        1.3553326738476925     
   395.20000000000346        2.2337628623549870     
   396.00000000000347        1.6020525015900828     
   396.80000000000348       0.11501713698210025     
   397.60000000000349       -1.4609796666071733     
   398.40000000000350       -2.2386631322420070     
   399.20000000000351       -1.5085925457310283     
   400.00000000000352        8.5421669137493161E-003
   400.80000000000354        1.5625475561531494     
   401.60000000000355        2.2342511384802384     
   402.40000000000356        1.4117063089681876     
   403.20000000000357      -0.13154776163096460     
   404.00000000000358       -1.6588530484034598     
   404.80000000000359       -2.2207146810272471     
   405.60000000000360       -1.3122430934695752     
   406.40000000000362       0.25314334906015068     
   407.20000000000363        1.7489224021144565     
   408.00000000000364        2.1984461843665928     
   408.80000000000365        1.2108337436703136     
   409.60000000000366      -0.37281065803154578     
   410.40000000000367       -1.8321099068502720     
   411.20000000000368       -2.1679358835509772     
   412.00000000000369       -1.1077819841662664     
   412.80000000000371       0.49043617187925403     
   413.60000000000372        1.9080849706030605     
   414.40000000000373        2.1296394540266803     
   415.20000000000374        1.0030513580940950     
   416.00000000000375      -0.60624403830967477     
   416.80000000000376       -1.9767117250793638     
   417.60000000000377       -2.0838911490053609     
   418.40000000000379      -0.89635339737506636     
   419.20000000000380       0.72063879893314398     
   420.00000000000381        2.0379026937440399     
   420.80000000000382        2.0309010685124322     
   421.60000000000383       0.78729454244968022     
   422.40000000000384      -0.83403398335186885     
   423.20000000000385       -2.0915199230753059     
   424.00000000000387       -1.9708192517701870     
   424.80000000000388      -0.67552290101546997     
   425.60000000000389       0.94671983163757045     
   426.40000000000390        2.1373422073367592     
   427.20000000000391        1.9038191189267770     
   428.00000000000392       0.56083832526412625     
   428.80000000000393       -1.0587769221297545     
   429.60000000000394       -2.1750734380763150     
   430.40000000000396       -1.8301653518460181     
   431.20000000000397      -0.44326414969180439     
   432.00000000000398        1.1700162537683649     
   432.80000000000399        2.2043661361172813     
   433.60000000000400        1.7502599821030325     
   434.40000000000401       0.32309384663704876     
   435.20000000000402       -1.2799358200261919     
   436.00000000000404       -2.2248580510213096     
   436.80000000000405       -1.6646717822583303     
   437.60000000000406      -0.20091231240128571     
   438.40000000000407        1.3877109460815173     
   439.20000000000408        2.2362331244186744     
   440.00000000000409        1.5741422819343480     
   440.80000000000410        7.7568661324793453E-002
   441.60000000000412       -1.4922514038597192     
   442.40000000000413       -2.2383054309730985     
   443.20000000000414       -1.4795472412276309     
   444.00000000000415        4.5927082800604868E-002
   444.80000000000416        1.5923431293245023     
   445.60000000000417        2.2310972788871348     
   446.40000000000418        1.3817974122317123     
   447.20000000000420      -0.16858293367465937     
   448.00000000000421       -1.6868474966807392     
   448.80000000000422       -2.2148656727258311     
   449.60000000000423       -1.2816913206860487     
   450.40000000000424       0.28963030313052340     
   451.20000000000425        1.7748832830901446     
   452.00000000000426        2.1900465174655843     
   452.80000000000427        1.1797684330602984     
   453.60000000000429      -0.40867285431089218     
   454.40000000000430       -1.8559077780373203     
   455.20000000000431       -2.1571327572990069     
   456.00000000000432       -1.0762257160645325     
   456.80000000000433       0.52571200988197719     
   457.60000000000434        1.9296651195476806     
   458.40000000000435        2.1165488243895814     
   459.20000000000437       0.97093717291409787     
   460.00000000000438      -0.64104532554790183     
   460.80000000000439       -1.9960484045910898     
   461.60000000000440       -2.0685877757025000     
   462.40000000000441      -0.86356589890467994     
   463.20000000000442       0.75509699530281660     
   464.00000000000443        2.0549620874723304     
   464.80000000000445        2.0134328890821789     
   465.60000000000446       0.75371677041267904     
   466.40000000000447      -0.86825479525866611     
   467.20000000000448       -2.1062438867969400     
   468.00000000000449       -1.9512327824683888     
   468.80000000000450      -0.64107424795298140     
   469.60000000000451       0.98075290138652704     
   470.40000000000452        2.1496479965949780     
   471.20000000000454        1.8821824598498278     
   472.00000000000455       0.52549972743646656     
   472.80000000000456       -1.0925957916306326     
   473.60000000000457       -2.1848598311610550     
   474.40000000000458       -1.8065841933638440     
   475.20000000000459      -0.40709442811974705     
   476.00000000000460        1.2035032079646912     
   476.80000000000462        2.2115226609133014     
   477.60000000000463        1.7248882201113382     
   478.40000000000464       0.28623951677796122     
   479.20000000000465       -1.3128739523612272     
   480.00000000000466       -2.2292804868675935     
   480.80000000000467       -1.6377166076042455     
   481.60000000000468      -0.16360591686500325     
   482.40000000000470        1.4197929858245109     
   483.20000000000471        2.2378472886184464     
   484.00000000000472        1.5458582875800313     
   484.80000000000473        4.0106309101755944E-002
   485.60000000000474       -1.5231139189576257     
   486.40000000000475       -2.2370934639219997     
   487.20000000000476       -1.4502128991154088     
   488.00000000000477        8.3233235055909738E-002
   488.80000000000479        1.6216235290092873     
   489.60000000000480        2.2271131655553216     
   490.40000000000481        1.3516739188887634     
   491.20000000000482      -0.20546763190643369     
   492.00000000000483       -1.7142452198801370     
   492.80000000000484       -2.2082273660781069     
   493.60000000000485       -1.2509751300817160     
   494.40000000000487       0.32593019295897530     
   495.20000000000488        1.8001979907991157     
   496.00000000000489        2.1809037782194634     
   496.80000000000490        1.1485566523421074     
   497.60000000000491      -0.44434888567147079     
   498.40000000000492       -1.8790370199888777     
   499.20000000000493       -2.1456260073052147     
   500.00000000000495       -1.0445105705995561     
   500.80000000000496       0.56083027218285508     
   501.60000000000497        1.9505678337174477     
   502.40000000000498        2.1027813080015556     
   503.20000000000499       0.93863204300927405     
   504.00000000000500      -0.67572917628294693     
   504.80000000000501       -2.0146994114114367     
   505.60000000000502       -2.0526237805480863     
   506.40000000000504      -0.83055017633061645     
   507.20000000000505       0.78947418337189990     
   508.00000000000506        2.0713209828698407     
   508.80000000000507        1.9953171531929124     
   509.60000000000508       0.71988112039359686     
   510.40000000000509      -0.90241661685265440     
   511.20000000000510       -2.1202446488498534     
   512.00000000000512       -1.9310162518130858     
   512.80000000000507      -0.60635456167278412     
   513.60000000000502        1.0147277714925989     
   514.40000000000498        2.1612015068943951     
   515.20000000000493        1.8599432311024366     
   516.00000000000489       0.48989910924012348     
   516.80000000000484       -1.1263309925157130     
   517.60000000000480       -2.1938608896196632     
   518.40000000000475       -1.7824416486507484     
   519.20000000000471      -0.37069760497122051     
   520.00000000000466        1.2368512493771588     
   520.80000000000462        2.2178606587333078     
   521.60000000000457        1.6990122286231713     
   522.40000000000452       0.24922002780724095     
   523.20000000000448       -1.3455885483428676     
   524.00000000000443       -2.2328574837452697     
   524.80000000000439       -1.6103300571232639     
   525.60000000000434      -0.12621910900619171     
   526.40000000000430        1.4515449920606180     
   527.20000000000425        2.2386035930368631     
   528.00000000000421        1.5172263973087643     
   528.80000000000416        2.6592175173851818E-003
   529.60000000000412       -1.5535334493135522     
   530.40000000000407       -2.2350322435016863     
   531.20000000000402       -1.4206138634338425     
   532.00000000000398       0.12043584844661792     
   532.80000000000393        1.6503608601020348     
   533.60000000000389        2.2223098732036348     
   534.40000000000384        1.3213541333254171     
   535.20000000000380      -0.24218668472422955     
   536.00000000000375       -1.7410278366224887     
   536.80000000000371       -2.2008138280521217     
   537.60000000000366       -1.2201034834765325     
   538.40000000000362       0.36203957802140962     
   539.20000000000357        1.8248573938187913     
   540.00000000000352        2.1710310730153402     
   540.80000000000348        1.1171974930941533     
   541.60000000000343      -0.47984518074419102     
   542.40000000000339       -1.9014942007108622     
   543.20000000000334       -2.1334251246574309     
   544.00000000000330       -1.0126282597810881     
   544.80000000000325       0.59580267535589315     
   545.60000000000321        1.9707910212401876     
   546.40000000000316        2.0883426598838639     
   547.20000000000312       0.90612456270332453     
   548.00000000000307      -0.71030761114247576     
   548.80000000000302       -2.0326610965405081     
   549.60000000000298       -2.0360030833830236     
   550.40000000000293      -0.79729595005759890     
   551.20000000000289       0.82377892622212245     
   552.00000000000284        2.0869732883217793     
   552.80000000000280        1.9765583946704923     
   553.60000000000275       0.68578155571267696     
   554.40000000000271      -0.93652218120472019     
   555.20000000000266       -2.1335139734694275     
   556.00000000000261       -1.9101767389441138     
   556.80000000000257      -0.57136402805811470     
   557.60000000000252        1.0486396989413678     
   558.40000000000248        2.1719930046253157     
   559.20000000000243        1.8371123343955875     
   560.00000000000239       0.45404419695558396     
   560.80000000000234       -1.1599690144074906     
   561.60000000000230       -2.2020663275759302     
   562.40000000000225       -1.7577532982448707     
   563.20000000000221      -0.33408966140784613     
   564.00000000000216        1.2700376492861443     
   564.80000000000211        2.2233709463290068     
   565.60000000000207        1.6726525513652968     
   566.40000000000202       0.21205904475365323     
   567.20000000000198       -1.3780490719666461     
   568.00000000000193       -2.2355833725288541     
   568.80000000000189       -1.5825367018147016     
   569.60000000000184       -8.8780483411666333E-002
   570.40000000000180        1.4829325393804804     
   571.20000000000175        2.2385022521538760     
   572.00000000000171        1.4882724928757485     
   572.80000000000166       -3.4744149901992927E-002
   573.60000000000161       -1.5834774437257382     
   574.40000000000157       -2.2321288153374272     
   575.20000000000152       -1.3907731068693827     
   576.00000000000148       0.15751260868111228     
   576.80000000000143        1.6785298897557102     
   577.60000000000139        2.2166997895231595     
   578.40000000000134        1.2908537717124076     
   579.20000000000130      -0.27872843760001542     
   580.00000000000125       -1.7671799829392609     
   580.80000000000121       -2.1926392328697881     
   581.60000000000116       -1.1890822579681743     
   582.40000000000111       0.39795837179046623     
   583.20000000000107        1.8488545559942768     
   584.00000000000102        2.1604405850439532     
   584.80000000000098        1.0856874313270577     
   585.60000000000093      -0.51517031841550454     
   586.40000000000089       -1.9232767192769593     
   587.20000000000084       -2.1205383637307298     
   588.00000000000080      -0.98056906850804215     
   588.80000000000075       0.63064151707006899     
   589.60000000000070        1.9903323254934964     
   590.40000000000066        2.0732378230342188     
   591.20000000000061       0.87340325997657420     
   592.00000000000057      -0.74479192757150336     
   592.80000000000052       -2.0499290880385463     
   593.60000000000048       -2.0187295432330767     
   594.40000000000043      -0.76379395755108703     
   595.20000000000039       0.85801822271852979     
   596.00000000000034        2.1019122047553074     
   596.80000000000030        1.9571617491235582     
   597.60000000000025       0.65141375561606307     
   598.40000000000020      -0.97057211293620949     
   599.20000000000016       -2.1460430951979008     
   600.00000000000011       -1.8887223693628334     
   600.80000000000007      -0.53610500102332570     
   601.60000000000002        1.0824813983295736     
   602.39999999999998        2.1820124643756893     
   603.19999999999993        1.8137020167939659     
   603.99999999999989       0.41794518359741994     
   604.79999999999984       -1.1934935359339822     
   605.59999999999980       -2.2094659778797769     
   606.39999999999975       -1.7325362378208486     
   607.19999999999970      -0.29728905325127819     
   607.99999999999966        1.3030370525304178     
   608.79999999999961        2.2280451294280970     
   609.59999999999957        1.6458311272139174     
   610.39999999999952       0.17478213288591071     
   611.19999999999948       -1.4102232821648157     
   611.99999999999943       -2.2374540540211805     
   612.79999999999939       -1.5543618815131637     
   613.59999999999934       -5.1319213585781842E-002
   614.39999999999930        1.5139211235589092     
   615.19999999999925        2.2375455520420875     
   615.99999999999920        1.4590220612251648     
   616.79999999999916       -7.2076574835465257E-002
   617.59999999999911       -1.6129150824123621     
   618.39999999999907       -2.2283921190752274     
   619.19999999999902       -1.3607118170318335     
   619.99999999999898       0.19444409297402543     
   620.79999999999893        1.7061082904237561     
   621.59999999999889        2.2102962744075740     
   622.39999999999884        1.2601857151010041     
   623.19999999999879      -0.31508483807608378     
   623.99999999999875       -1.7926891693593456     
   624.79999999999870       -2.1837174989375967     
   625.59999999999866       -1.1579142880961297     
   626.39999999999861       0.43368956120735547     
   627.19999999999857        1.8721843396869335     
   627.99999999999852        2.1491433909914974     
   628.79999999999848        1.0540206343608296     
   629.59999999999843      -0.55033455592752789     
   630.39999999999839       -1.9443824162856194     
   631.19999999999834       -2.1069728067564553     
   631.99999999999829      -0.94832227481586129     
   632.79999999999825       0.66535923401460950     
   633.59999999999820        2.0091889183967337     
   634.39999999999816        2.0574711446373080     
   635.19999999999811       0.84045696622030919     
   635.99999999999807      -0.77919239920984307     
   636.79999999999802       -2.0664982614266449     
   637.59999999999798       -2.0008071806769987     
   638.39999999999793      -0.73003620183534546     
   639.19999999999789       0.89219732263914198     
   639.99999999999784        2.1161302727183058     
   640.79999999999779        1.9371331100401425     
   641.59999999999775       0.61677527064370286     
   642.39999999999770       -1.0045647882910684     
   643.19999999999766       -2.1578227819495144     
   643.99999999999761       -1.8666624170149262     
   644.79999999999757      -0.50058211064382263     
   645.59999999999752        1.1162429328541974     
   646.39999999999748        2.1912496681460114     
   647.19999999999743        1.7897259399503989     
   647.99999999999739       0.38161477441630542     
   648.79999999999734       -1.2268854168532728     
   649.59999999999729       -2.2160499690175346     
   650.39999999999725       -1.7068090833438156     
   651.19999999999720      -0.26031661142842610     
   651.99999999999716        1.3358216716820495     
   652.79999999999711        2.2318758421416538     
   653.59999999999707        1.6185711610181917     
   654.39999999999702       0.13741643461828223     
   655.19999999999698       -1.4420776655284286     
   655.99999999999693       -2.2384672017108111     
   656.79999999999688       -1.5258314017328938     
   657.59999999999684       -1.3864527767409429E-002
   658.39999999999679        1.5444767265194441     
   659.19999999999675        2.2357378806819082     
   659.99999999999670        1.4294997738667359     
   660.79999999999666      -0.10931264010041697     
   661.59999999999661       -1.6418177367891991     
   662.39999999999657       -2.2238327768652795     
   663.19999999999652       -1.3304490144069201     
   663.99999999999648       0.23121411116026924     
   664.79999999999643        1.7330767665139284     
   665.59999999999638        2.2031132890390168     
   666.39999999999634        1.2293598430165691     
   667.19999999999629      -0.35125140161582857     
   667.99999999999625       -1.8175455371864984     
   668.79999999999620       -2.1740619626297999     
   669.59999999999616       -1.1265994981478213     
   670.39999999999611       0.46923884387980941     
   671.19999999999607        1.8948429836591261     
   671.99999999999602        2.1371493542506927     
   672.79999999999598        1.0221893212849729     
   673.59999999999593      -0.58534934546940631     
   674.39999999999588       -1.9648092295094708     
   675.19999999999584       -2.0927344897878180     
   675.99999999999579      -0.91587656921498506     
   676.79999999999575       0.69996799809761856     
   677.59999999999570        2.0273573552197259     
   678.39999999999566        2.0410466077719644     
   679.19999999999561       0.80727515122379478     
   679.99999999999557      -0.81351801752996877     
   680.79999999999552       -2.0823627442558568     
   681.59999999999548       -1.9822403829663118     
   682.39999999999543      -0.69601616599606420     
   683.19999999999538       0.92631956182108555     
   683.99999999999534        2.1296194266702790     
   684.79999999999529        1.9164792650389568     
   685.59999999999525       0.58186566057493461     
   686.39999999999520       -1.0384962019227624     
   687.19999999999516       -2.1688434042316129     
   687.99999999999511       -1.8440073959699455     
   688.79999999999507      -0.46480235767319988     
   689.59999999999502        1.1499116255405495     
   690.39999999999498        2.1996943250847298     
   691.19999999999493        1.7651992359536117     
   691.99999999999488       0.34506819882442108     
   692.79999999999484       -1.2601227417681999     
   693.59999999999479       -2.2218089265472498     
   694.39999999999475       -1.6805919430969145     
   695.19999999999470      -0.22319538006392303     
   695.99999999999466        1.3683615552103670     
   696.79999999999461        2.2348569890005434     
   697.59999999999457        1.5908969423632207     
   698.39999999999452        9.9990276369496200E-002
   699.19999999999447       -1.4735779277622199     
   699.99999999999443       -2.2386224258168408     
   700.79999999999438       -1.4969711836622361     
   701.59999999999434        2.3554848850983134E-002
   702.39999999999429        1.5745663778340597     
   703.19999999999425        2.2330856863118846     
   703.99999999999420        1.3997290583175139     
   704.79999999999416      -0.14642924607926133     
   705.59999999999411       -1.6701593465977222     
   706.39999999999407       -2.2184628172812655     
   707.19999999999402       -1.3000012191319703     
   707.99999999999397       0.26780994165270888     
   708.79999999999393        1.7594190608975246     
   709.59999999999388        2.1951650147807436     
   710.39999999999384        1.1983829556486136     
   711.19999999999379      -0.38722706297171738     
   711.99999999999375       -1.8417415329557885     
   712.79999999999370       -2.1636851060431299     
   713.59999999999366       -1.0951351176845039     
   714.39999999999361       0.50461420349284225     
   715.19999999999357        1.9168276807354201     
   715.99999999999352        2.1244670956742735     
   716.79999999999347       0.99018416045181201     
   717.59999999999343      -0.62022685863925076     
   718.39999999999338       -1.9845549061160870     
   719.19999999999334       -2.0778285772752079     
   719.99999999999329      -0.88322045933213800     
   720.79999999999325       0.73447935677600440     
   721.59999999999320        2.0448334853393990     
   722.39999999999316        2.0239680657136359     
   723.19999999999311       0.77384822032532297     
   723.99999999999307      -0.84777627007407474     
   724.79999999999302       -2.0975159447271232     
   725.59999999999297       -1.9630340882558595     
   726.39999999999293      -0.66172899847293443     
   727.19999999999288       0.96038621097316690     
   727.99999999999284        2.1423710532857090     
   728.79999999999279        1.8952080151966124     
   729.59999999999275       0.54668661849709266     
   730.39999999999270       -1.0723598415599749     
   731.19999999999266       -2.1790950143898700     
   731.99999999999261       -1.8207691428325439     
   732.79999999999256      -0.42877519071921721     
   733.59999999999252        1.1834719993057508     
   734.39999999999247        2.2073362151185298     
   735.19999999999243        1.7401385451142732     
   735.99999999999238       0.30832317973915813     
   736.79999999999234       -1.2931809245795027     
   737.59999999999229       -2.2267341953214150     
   738.39999999999225       -1.6539063496379445     
   739.19999999999220      -0.18595038627347416     
   739.99999999999216        1.4006249299895082     
   740.79999999999211        2.2369839782232654     
   741.59999999999206        1.5628336104585761     
   742.39999999999202        6.2532711353565418E-002
   743.19999999999197       -1.5046895294475404     
   743.99999999999193       -2.2379213860516867     
   744.79999999999188       -1.4678068757609382     
   745.59999999999184        6.0911265767224831E-002
   746.39999999999179        1.6041586880618415     
   747.19999999999175        2.2295973606639690     
   747.99999999999170        1.3697316783383022     
   748.79999999999166      -0.18340606432114703     
   749.59999999999161       -1.6979166959719307     
   750.39999999999156       -2.2122953471133329     
   751.19999999999152       -1.2693821821645344     
   751.99999999999147       0.30422245202526099     
   752.79999999999143        1.7851218450087269     
   753.59999999999138        2.1864654828527756     
   754.39999999999134        1.1672587883591594     
   755.19999999999129      -0.42301392381595404     
   755.99999999999125       -1.8652715243085543     
   756.79999999999120       -2.1525983518040390     
   757.59999999999116       -1.0635159693886496     
   758.39999999999111       0.53982544549088729     
   759.19999999999106        1.9381361777890447     
   759.99999999999102        2.1111040376926979     
   760.79999999999097       0.95799468696908452     
   761.59999999999093      -0.65497953474842063     
   762.39999999999088       -2.0036167770848343     
   763.19999999999084       -2.0622595708822775     
   763.99999999999079      -0.85034264894782341     
   764.79999999999075       0.76890391905272382     
   765.59999999999070        2.0616124103954281     
   766.39999999999065        2.0062394682964237     
   767.19999999999061       0.74016777379037402     
   767.99999999999056      -0.88197294821452155     
   768.79999999999052       -2.1119505955998230     
   769.59999999999047       -1.9431939480476166     
   770.39999999999043      -0.62717167452029954     
   771.19999999999038       0.99439633359195745     
   771.99999999999034        2.1543760532336078     
   772.79999999999029        1.8733282806579861     
   773.59999999999025       0.51124208260850001     
   774.39999999999020       -1.1061465743929371     
   775.19999999999015       -2.1885674405226636     
   775.99999999999011       -1.7969608893031470     
   776.79999999999006      -0.39251256013027325     
   777.59999999999002        1.2169057555937917     
   778.39999999998997        2.2141653581855074     
   779.19999999998993        1.7145620296384974     
   779.99999999998988       0.27139985118535814     
   780.79999999998984       -1.3260328811625579     
   781.59999999998979       -2.2308180761700722     
   782.39999999998975       -1.6267751454702606     
   783.19999999998970      -0.14860833852413502     
   783.99999999998965        1.4325786143385097     
   784.79999999998961        2.2382539334865861     
   785.59999999998956        1.5344068661420596     
   786.39999999998952        2.5073008744246339E-002
   787.19999999998947       -1.5353782474885087     
   787.99999999998943       -2.2363678422553988     
   788.79999999998938       -1.4383634385047872     
   789.59999999998934        9.8178710271819902E-002
   790.39999999998929        1.6332243290521156     
   791.19999999998925        2.2252830485022272     
   791.99999999998920        1.3395273405565880     
   792.79999999998915      -0.22022590730608105     
   793.59999999998911       -1.7250695756636030     
   794.39999999998906       -2.2053441874705757     
   795.19999999998902       -1.2386026937400341     
   795.99999999998897       0.34044610033718281     
   796.79999999998893        1.8101745035502752     
   797.59999999998888        2.1770282351357935     
   798.39999999998884        1.1359881175306599     
   799.19999999998879      -0.45861691253854731     
