   0.0000000000000000      -0.11959287803991966     
  0.80000000000000004       0.26598798523066536     
   1.6000000000000001       0.99147364583606590     
   2.4000000000000004        1.5185501460541917     
   3.2000000000000002        1.3890783512772635     
   4.0000000000000000       0.75457540514467270     
   4.7999999999999998       0.10286338362477498     
   5.5999999999999996      -0.21362017896974539     
   6.3999999999999995       -9.2934313228209470E-002
   7.1999999999999993       0.31988021935207667     
   7.9999999999999991       0.72152151579496571     
   8.7999999999999989       0.81086496560601484     
   9.5999999999999996       0.49069898702922232     
   10.400000000000000       -8.0620156843430713E-002
   11.200000000000001      -0.63414899386744461     
   12.000000000000002      -0.91263082154542752     
   12.800000000000002      -0.81173880282950894     
   13.600000000000003      -0.48206774836584770     
   14.400000000000004      -0.19942010083114481     
   15.200000000000005      -0.17391744989430258     
   16.000000000000004      -0.44973552572546477     
   16.800000000000004      -0.88613784554461406     
   17.600000000000005       -1.2113089337848542     
   18.400000000000006       -1.2050293011506730     
   19.200000000000006      -0.91926764135898387     
   20.000000000000007      -0.60970583495604580     
   20.800000000000008      -0.49636595979470688     
   21.600000000000009      -0.63601247746951151     
   22.400000000000009      -0.91159857492465002     
   23.200000000000010       -1.1030892707531299     
   24.000000000000011       -1.0474907770949309     
   24.800000000000011      -0.77842007088601228     
   25.600000000000012      -0.46889847033523901     
   26.400000000000013      -0.27649705491970045     
   27.200000000000014      -0.25761771807504874     
   28.000000000000014      -0.35905248282707125     
   28.800000000000015      -0.45912339319847889     
   29.600000000000016      -0.44056496872252959     
   30.400000000000016      -0.25960392130289578     
   31.200000000000017        3.6180950551902624E-002
   32.000000000000014       0.34397640842522065     
   32.800000000000011       0.55701853644097510     
   33.600000000000009       0.61781085892416976     
   34.400000000000006       0.55665984744468378     
   35.200000000000003       0.47329304581060561     
   36.000000000000000       0.46995665934352376     
   36.799999999999997       0.58917644905831201     
   37.599999999999994       0.78871021555477616     
   38.399999999999991       0.96328908217329401     
   39.199999999999989        1.0150978131924795     
   39.999999999999986       0.93409413822317566     
   40.799999999999983       0.80426131589788763     
   41.599999999999980       0.72865805413687990     
   42.399999999999977       0.75447251372567725     
   43.199999999999974       0.84815886040707356     
   43.999999999999972       0.92318531205831289     
   44.799999999999969       0.90421835656311389     
   45.599999999999966       0.78333362067279899     
   46.399999999999963       0.61745371939120641     
   47.199999999999960       0.47726715753820054     
   47.999999999999957       0.40041583857968199     
   48.799999999999955       0.37618564461988441     
   49.599999999999952       0.35912165758268200     
   50.399999999999949       0.29910694732678900     
   51.199999999999946       0.17053595972926888     
   51.999999999999943       -1.5589978031802315E-002
   52.799999999999940      -0.21985082656983670     
   53.599999999999937      -0.39400979109959933     
   54.399999999999935      -0.50389822184511235     
   55.199999999999932      -0.54801295925292381     
   55.999999999999929      -0.55908698647634347     
   56.799999999999926      -0.58344615508296704     
   57.599999999999923      -0.65121734446248025     
   58.399999999999920      -0.75676474678944938     
   59.199999999999918      -0.86146264309087373     
   59.999999999999915      -0.91983465978582812     
   60.799999999999912      -0.91391144524339041     
   61.599999999999909      -0.86699913027762199     
   62.399999999999906      -0.82341959759919092     
   63.199999999999903      -0.81405785143983389     
   63.999999999999901      -0.83578630871727633     
   64.799999999999898      -0.85656704899036074     
   65.599999999999895      -0.84045183493410325     
   66.399999999999892      -0.77376232034830228     
   67.199999999999889      -0.67208732367026691     
   67.999999999999886      -0.56506780826938185     
   68.799999999999883      -0.47484144156816638     
   69.599999999999881      -0.40399394905939101     
   70.399999999999878      -0.33745852884499133     
   71.199999999999875      -0.25403730406428149     
   71.999999999999872      -0.13963964636384044     
   72.799999999999869        4.9156764418321064E-003
   73.599999999999866       0.16427833085172958     
   74.399999999999864       0.31535573750832518     
   75.199999999999861       0.43737493472648048     
   75.999999999999858       0.52176840412994363     
   76.799999999999855       0.57677117914970166     
   77.599999999999852       0.62237749941323495     
   78.399999999999849       0.67748934920846549     
   79.199999999999847       0.74735482873649561     
   79.999999999999844       0.81979220235509365     
   80.799999999999841       0.87354458392353951     
   81.599999999999838       0.89394142702142487     
   82.399999999999835       0.88403783380754974     
   83.199999999999832       0.86166242150303174     
   83.999999999999829       0.84516592527587542     
   84.799999999999827       0.84001035732822371     
   85.599999999999824       0.83598235436232204     
   86.399999999999821       0.81586529355682769     
   87.199999999999818       0.76828027969968671     
   87.999999999999815       0.69484642408569242     
   88.799999999999812       0.60712932212302284     
   89.599999999999810       0.51743754799399100     
   90.399999999999807       0.43105521528778218     
   91.199999999999804       0.34442494610164481     
   91.999999999999801       0.24896209465623553     
   92.799999999999798       0.13724782059036134     
   93.599999999999795        7.9863108123056914E-003
   94.399999999999793      -0.13237446800368949     
   95.199999999999790      -0.27153329161852480     
   95.999999999999787      -0.39584261188608644     
   96.799999999999784      -0.49599385008125513     
   97.599999999999781      -0.57142658218822129     
   98.399999999999778      -0.63042518395070368     
   99.199999999999775      -0.68483257637636796     
   99.999999999999773      -0.74221310984023137     
   100.79999999999977      -0.80066701934680540     
   101.59999999999977      -0.85016726098818418     
   102.39999999999976      -0.87994943846939200     
   103.19999999999976      -0.88667047253307996     
   103.99999999999976      -0.87678461104635763     
   104.79999999999976      -0.86121962024773291     
   105.59999999999975      -0.84699264845421662     
   106.39999999999975      -0.83243622043014120     
   107.19999999999975      -0.80916762228661610     
   107.99999999999974      -0.76863679450845035     
   108.79999999999974      -0.70798305408092410     
   109.59999999999974      -0.63107782509205268     
   110.39999999999974      -0.54485737984779947     
   111.19999999999973      -0.45442928714023456     
   111.99999999999973      -0.36041306837589682     
   112.79999999999973      -0.25965459437613830     
   113.59999999999972      -0.14822977745692037     
   114.39999999999972       -2.4756105864544103E-002
   115.19999999999972       0.10761003827286292     
   115.99999999999972       0.24121692952773061     
   116.79999999999971       0.36600607307118754     
   117.59999999999971       0.47313157818115703     
   118.39999999999971       0.55878179663246663     
   119.19999999999970       0.62598843462670217     
   119.99999999999970       0.68264432332554326     
   120.79999999999970       0.73633950128650616     
   121.59999999999970       0.78922958265614762     
   122.39999999999969       0.83658586445676530     
   123.19999999999969       0.87033906271509132     
   123.99999999999969       0.88521722405913361     
   124.79999999999968       0.88272823886398166     
   125.59999999999968       0.86976476875152720     
   126.39999999999968       0.85314025664810578     
   127.19999999999968       0.83459656065571242     
   127.99999999999967       0.80997913247105735     
   128.79999999999967       0.77271433859095406     
   129.59999999999968       0.71855499364734920     
   130.39999999999969       0.64803037204778069     
   131.19999999999970       0.56527552361922939     
   131.99999999999972       0.47477820385977720     
   132.79999999999973       0.37866759383218945     
   133.59999999999974       0.27615711920569019     
   134.39999999999975       0.16505868197914925     
   135.19999999999976        4.4197216517183655E-002
   135.99999999999977       -8.4594731109714619E-002
   136.79999999999978      -0.21578687915243067     
   137.59999999999980      -0.34113279614381542     
   138.39999999999981      -0.45223395907521169     
   139.19999999999982      -0.54389904250872689     
   139.99999999999983      -0.61657126881818092     
   140.79999999999984      -0.67590343105703687     
   141.59999999999985      -0.72909574100540864     
   142.39999999999986      -0.78007444004660487     
   143.19999999999987      -0.82682806842765366     
   143.99999999999989      -0.86298638956919749     
   144.79999999999990      -0.88268821898872307     
   145.59999999999991      -0.88506487175065929     
   146.39999999999992      -0.87474773172698694     
   147.19999999999993      -0.85809754810162564     
   147.99999999999994      -0.83838101984234426     
   148.79999999999995      -0.81364955939344219     
   149.59999999999997      -0.77858329614159139     
   150.39999999999998      -0.72848106663465328     
   151.19999999999999      -0.66225707024338831     
   152.00000000000000      -0.58251471473934668     
   152.80000000000001      -0.49323190915459414     
   153.60000000000002      -0.39714037693042992     
   154.40000000000003      -0.29457530397645731     
   155.20000000000005      -0.18422298042858509     
   156.00000000000006       -6.5035297370639927E-002
   156.80000000000007        6.1827371837195472E-002
   157.60000000000008       0.19196097146304567     
   158.40000000000009       0.31812122617131555     
   159.20000000000010       0.43218866091086883     
   160.00000000000011       0.52820653741397183     
   160.80000000000013       0.60508028737334973     
   161.60000000000014       0.66702363081882732     
   162.40000000000015       0.72084194994869133     
   163.20000000000016       0.77141146966917673     
   164.00000000000017       0.81837119080718379     
   164.80000000000018       0.85651063184438725     
   165.60000000000019       0.87976825631876410     
   166.40000000000020       0.88589004924343817     
   167.20000000000022       0.87805154801864183     
   168.00000000000023       0.86220085416722758     
   168.80000000000024       0.84245465144533704     
   169.60000000000025       0.81823581299730541     
   170.40000000000026       0.78508678152467881     
   171.20000000000027       0.73812279097083477     
   172.00000000000028       0.67530257830756280     
   172.80000000000030       0.59825741816254752     
   173.60000000000031       0.51058737175349322     
   174.40000000000032       0.41533182946446778     
   175.20000000000033       0.31346665303273696     
   176.00000000000034       0.20417537652157708     
   176.80000000000035        8.6446693122694929E-002
   177.60000000000036       -3.9021949736941924E-002
   178.40000000000038      -0.16857747481476040     
   179.20000000000039      -0.29564485214932967     
   180.00000000000040      -0.41228812535651443     
   180.80000000000041      -0.51200331023425738     
   181.60000000000042      -0.59256735949329109     
   182.40000000000043      -0.65708175842200789     
   183.20000000000044      -0.71196690968518195     
   184.00000000000045      -0.76272737258974732     
   184.80000000000047      -0.81022521445042961     
   185.60000000000048      -0.85018871081703007     
   186.40000000000049      -0.87650553815278032     
   187.20000000000050      -0.88592934736991857     
   188.00000000000051      -0.88050092155689774     
   188.80000000000052      -0.86577230448472531     
   189.60000000000053      -0.84644396113898546     
   190.40000000000055      -0.82298279171482636     
   191.20000000000056      -0.79164056744988287     
   192.00000000000057      -0.74745347811196083     
   192.80000000000058      -0.68768033990972832     
   193.60000000000059      -0.61319850487165872     
   194.40000000000060      -0.52728615487668251     
   195.20000000000061      -0.43318437339643751     
   196.00000000000063      -0.33233195993085174     
   196.80000000000064      -0.22426849934630558     
   197.60000000000065      -0.10798413526305334     
   198.40000000000066        1.6209813216953320E-002
   199.20000000000067       0.14527277382505377     
   200.00000000000068       0.27318197361649532     
   200.80000000000069       0.39216878345749506     
   201.60000000000070       0.49529250699967142     
   202.40000000000072       0.57937483974286563     
   203.20000000000073       0.64651595527441219     
   204.00000000000074       0.70270941517358221     
   204.80000000000075       0.75391533164693780     
   205.60000000000076       0.80203819920656882     
   206.40000000000077       0.84369196397101631     
   207.20000000000078       0.87282932941321822     
   208.00000000000080       0.88540099717571752     
   208.80000000000081       0.88242250485928941     
   209.60000000000082       0.86900310060568176     
   210.40000000000083       0.85027767445297919     
   211.20000000000084       0.82762583296558878     
   212.00000000000085       0.79798484458302277     
   212.80000000000086       0.75639624277713757     
   213.60000000000088       0.69953737685243877     
   214.40000000000089       0.62760253219731821     
   215.20000000000090       0.54354061100779871     
   216.00000000000091       0.45073345397771464     
   216.80000000000092       0.35101536866900518     
   217.60000000000093       0.24424587939402800     
   218.40000000000094       0.12942628279174104     
   219.20000000000095        6.5280154044213556E-003
   220.00000000000097      -0.12196537283081196     
   220.80000000000098      -0.25055568952906382     
   221.60000000000099      -0.37167323472785591     
   222.40000000000100      -0.47803068805577709     
   223.20000000000101      -0.56559110909078592     
   224.00000000000102      -0.63547947874157940     
   224.80000000000103      -0.69318241389801805     
   225.60000000000105      -0.74497596436710767     
   226.40000000000106      -0.79370749824487330     
   227.20000000000107      -0.83689477970463588     
   228.00000000000108      -0.86868179413327884     
   228.80000000000109      -0.88435052699331562     
   229.60000000000110      -0.88392418879778933     
   230.40000000000111      -0.87198121534544415     
   231.20000000000113      -0.85396220307226134     
   232.00000000000114      -0.83209069117941026     
   232.80000000000115      -0.80402215191824666     
   233.60000000000116      -0.76489972594885480     
   234.40000000000117      -0.71090183155571440     
   235.20000000000118      -0.64155621864535040     
   236.00000000000119      -0.55943920888430132     
   236.80000000000121      -0.46801436875169133     
   237.60000000000122      -0.36947739510001004     
   238.40000000000123      -0.26401319821850677     
   239.20000000000124      -0.15067004526287345     
   240.00000000000125       -2.9124713887836329E-002
   240.80000000000126        9.8664956225294892E-002
   241.60000000000127       0.22772959339489005     
   242.40000000000128       0.35075173875593463     
   243.20000000000130       0.46018833622956135     
   244.00000000000131       0.55122253055336823     
   244.80000000000132       0.62400608264620538     
   245.60000000000133       0.68342257926367034     
   246.40000000000134       0.73592519288107250     
   247.20000000000135       0.78522035373483445     
   248.00000000000136       0.82976707335651256     
   248.80000000000138       0.86403693060904807     
   249.60000000000139       0.88277294915105298     
   250.40000000000140       0.88502378198600051     
   251.20000000000141       0.87473322174179169     
   252.00000000000142       0.85751330780322998     
   252.80000000000143       0.83637143919724188     
   253.60000000000144       0.80973021008078172     
   254.40000000000146       0.77294245392055028     
   255.20000000000147       0.72176952111798875     
   256.00000000000148       0.65507679836879451     
   256.80000000000149       0.57500947611877817     
   257.60000000000150       0.48504605915125965     
   258.40000000000151       0.38771372620861744     
   259.20000000000152       0.28354056472797451     
   260.00000000000153       0.17166982995893235     
   260.80000000000155        5.1534162680910031E-002
   261.60000000000156       -7.5405974156065939E-002
   262.40000000000157      -0.20472157135395475     
   263.20000000000158      -0.32940685231140454     
   264.00000000000159      -0.44175669982199894     
   264.80000000000160      -0.53625456572018337     
   265.60000000000161      -0.61208280324159359     
   266.40000000000163      -0.67342590393784540     
   267.20000000000164      -0.72677093552659111     
   268.00000000000165      -0.77659196304972811     
   268.80000000000166      -0.82232067674695586     
   269.60000000000167      -0.85889365149443619     
   270.40000000000168      -0.88065417560370263     
   271.20000000000169      -0.88570490089234044     
   272.00000000000171      -0.87725308390064749     
   272.80000000000172      -0.86093921297385534     
   273.60000000000173      -0.84048327669834855     
   274.40000000000174      -0.81511952778847585     
   275.20000000000175      -0.78052375600792212     
   276.00000000000176      -0.73213175492859417     
   276.80000000000177      -0.66815640151824174     
   277.60000000000178      -0.59025064992625476     
   278.40000000000180      -0.50183362813283283     
   279.20000000000181      -0.40572812525138779     
   280.00000000000182      -0.30282255018768889     
   280.80000000000183      -0.19240699013598012     
   281.60000000000184       -7.3725562699842456E-002
   282.40000000000185        5.2226359620379886E-002
   283.20000000000186       0.18156898067429156     
   284.00000000000188       0.30766561867222353     
   284.80000000000189       0.42274313774761191     
   285.60000000000190       0.52067189018742077     
   286.40000000000191       0.59968055794423669     
   287.20000000000192       0.66316799140584004     
   288.00000000000193       0.71751000699182488     
   288.80000000000194       0.76784266451462246     
   289.60000000000196       0.81458438201901651     
   290.40000000000197       0.85326695842011624     
   291.20000000000198       0.87798364562119235     
   292.00000000000199       0.88594020933334350     
   292.80000000000200       0.87951830535342101     
   293.60000000000201       0.86423859735135611     
   294.40000000000202       0.84444517489089521     
   295.20000000000203       0.82021399163094078     
   296.00000000000205       0.78765573401817168     
   296.80000000000206       0.74198316003737630     
   297.60000000000207       0.68077952527134544     
   298.40000000000208       0.60514932030568414     
   299.20000000000209       0.51837302778916761     
   300.00000000000210       0.42352422947702750     
   300.80000000000211       0.32186244639260642     
   301.60000000000213       0.21287548519802307     
   302.40000000000214        9.5678061088896968E-002
   303.20000000000215       -2.9161525500230448E-002
   304.00000000000216      -0.15831508294736024     
   304.80000000000217      -0.28556643612461818     
   305.60000000000218      -0.40316615221641572     
   306.40000000000219      -0.50446429230832357     
   307.20000000000221      -0.58676663034708765     
   308.00000000000222      -0.65261457285702196     
   308.80000000000223      -0.70812967376321079     
   309.60000000000224      -0.75898997629859533     
   310.40000000000225      -0.80659270491238522     
   311.20000000000226      -0.84718181497577527     
   312.00000000000227      -0.87475748568242517     
   312.80000000000229      -0.88570086574904860     
   313.60000000000230      -0.88149827193282759     
   314.40000000000231      -0.86740189512799737     
   315.20000000000232      -0.84827376755013373     
   316.00000000000233      -0.82504222136705430     
   316.80000000000234      -0.79435823036753284     
   317.60000000000235      -0.75132332897099119     
   318.40000000000236      -0.69292973641575106     
   319.20000000000238      -0.61968661148423199     
   320.00000000000239      -0.53465440815753651     
   320.80000000000240      -0.44110343207874780     
   321.60000000000241      -0.34066622292023196     
   322.40000000000242      -0.23307541259984227     
   323.20000000000243      -0.11737732056024977     
   324.00000000000244        6.2430630818777755E-003
   324.80000000000246       0.13500387033679467     
   325.60000000000247       0.26315300750488524     
   326.40000000000248       0.38305203574604135     
   327.20000000000249       0.48762803447222108     
   328.00000000000250       0.57330975593402655     
   328.80000000000251       0.64172683313747370     
   329.60000000000252       0.69860960433881081     
   330.40000000000254       0.75004596692701475     
   331.20000000000255       0.79838076768076138     
   332.00000000000256       0.84066942106791831     
   332.80000000000257       0.87097887700576526     
   333.60000000000258       0.88496043340827235     
   334.40000000000259       0.88315853902113761     
   335.20000000000260       0.87041281126811698     
   336.00000000000261       0.85198124732234881     
   336.80000000000263       0.82963364235458237     
   337.60000000000264       0.80065595575299664     
   338.40000000000265       0.76015683452637550     
   339.20000000000266       0.70459227003844571     
   340.00000000000267       0.63384147876069874     
   340.80000000000268       0.55066407480563706     
   341.60000000000269       0.45846449659347571     
   342.40000000000271       0.35924019208060165     
   343.20000000000272       0.25301010427875975     
   344.00000000000273       0.13881361110268425     
   344.80000000000274        1.6501327273950400E-002
   345.60000000000275      -0.11167806082515352     
   346.40000000000276      -0.24047148452509409     
   347.20000000000277      -0.36243282491691003     
   348.00000000000279      -0.47016592181566930     
   348.80000000000280      -0.55928230409675650     
   349.60000000000281      -0.63046424679487900     
   350.40000000000282      -0.68892340890760650     
   351.20000000000283      -0.74101644617681739     
   352.00000000000284      -0.78998177920859391     
   352.80000000000285      -0.83376490781224699     
   353.60000000000286      -0.86665771386063006     
   354.40000000000288      -0.88369664897726730     
   355.20000000000289      -0.88446321552942730     
   356.00000000000290      -0.87324951220138569     
   356.80000000000291      -0.85557461961852677     
   357.60000000000292      -0.83401652021594697     
   358.40000000000293      -0.80657679879864130     
   359.20000000000294      -0.76849292883079079     
   360.00000000000296      -0.71575513409683633     
   360.80000000000297      -0.64759233295629881     
   361.60000000000298      -0.56638559025630886     
   362.40000000000299      -0.47560356493615813     
   363.20000000000300      -0.37759002520444701     
   364.00000000000301      -0.27268474799838593     
   364.80000000000302      -0.15998077355851942     
   365.60000000000304       -3.9047682581282106E-002
   366.40000000000305        8.8378242832690190E-002
   367.20000000000306       0.21756898613516543     
   368.00000000000307       0.34134500727087802     
   368.80000000000308       0.45208705359856788     
   369.60000000000309       0.54466134023684309     
   370.40000000000310       0.61878629349197090     
   371.20000000000312       0.67903982770708404     
   372.00000000000313       0.73190077502974227     
   372.80000000000314       0.78142559498737263     
   373.60000000000315       0.82650573963132057     
   374.40000000000316       0.86181009888034310     
   375.20000000000317       0.88189235967745128     
   376.00000000000318       0.88537651424786634     
   376.80000000000319       0.87588557217666141     
   377.60000000000321       0.85905542102780585     
   378.40000000000322       0.83821678704813252     
   379.20000000000323       0.81215068976434601     
   380.00000000000324       0.77634521930346589     
   380.80000000000325       0.72640968182642163     
   381.60000000000326       0.66091798513048450     
   382.40000000000327       0.58180045003402803     
   383.20000000000329       0.49251421579535470     
   384.00000000000330       0.39572024108317411     
   384.80000000000331       0.29210562783725946     
   385.60000000000332       0.18087561038717781     
   386.40000000000333        6.1375630653046964E-002
   387.20000000000334       -6.5142429625018677E-002
   388.00000000000335      -0.19449269250545742     
   388.80000000000337      -0.31982859994284146     
   389.60000000000338      -0.43340649819389504     
   390.40000000000339      -0.52942923463780722     
   391.20000000000340      -0.60665368107790252     
   392.00000000000341      -0.66892373967095109     
   392.80000000000342      -0.72269192396661153     
   393.60000000000343      -0.77273774777195148     
   394.40000000000344      -0.81893043389219322     
   395.20000000000346      -0.85645776801557927     
   396.00000000000347      -0.87953609683343958     
   396.80000000000348      -0.88586394688490555     
   397.60000000000349      -0.87829082144408821     
   398.40000000000350      -0.86241963596125104     
   399.20000000000351      -0.84225719651882081     
   400.00000000000352      -0.81740869018559337     
   400.80000000000354      -0.78373133659298366     
   401.60000000000355      -0.73655097837610051     
   402.40000000000356      -0.67379832778145887     
   403.20000000000357      -0.59688858427558344     
   404.00000000000358      -0.50918752281925339     
   404.80000000000359      -0.41363386003752145     
   405.60000000000360      -0.31127960380630160     
   406.40000000000362      -0.20149745973946326     
   407.20000000000363       -8.3468267491959763E-002
   408.00000000000364        4.2005770061261161E-002
   408.80000000000365       0.17128918462524295     
   409.60000000000366       0.29792639471235183     
   410.40000000000367       0.41414492637074191     
   411.20000000000368       0.51357405000889567     
   412.00000000000369       0.59402933949779968     
   412.80000000000371       0.65853710879838345     
   413.60000000000372       0.71337668227625051     
   414.40000000000373       0.76393872421584541     
   415.20000000000374       0.81107741946536549     
   416.00000000000375       0.85062743505302918     
   416.80000000000376       0.87662243457824207     
   417.60000000000377       0.88589335409014469     
   418.40000000000379       0.88043219099376202     
   419.20000000000380       0.86565774941603435     
   420.00000000000381       0.84615664270413671     
   420.80000000000382       0.82238216018774335     
   421.60000000000383       0.79067256010169817     
   422.40000000000384       0.74617805727413344     
   423.20000000000385       0.68621491299258996     
   424.00000000000387       0.61162880998108626     
   424.80000000000388       0.52561212970025606     
   425.60000000000389       0.43133212782741170     
   426.40000000000390       0.33021368088015390     
   427.20000000000391       0.22184783434585126     
   428.00000000000392       0.10531203521906257     
   428.80000000000393       -1.9000336437535584E-002
   429.60000000000394      -0.14800390144711095     
   430.40000000000396      -0.27568327460757880     
   431.20000000000397      -0.39432819579915762     
   432.00000000000398      -0.49708978126670644     
   432.80000000000399      -0.58087928326382288     
   433.60000000000400      -0.64783992405815061     
   434.40000000000401      -0.70393599862476952     
   435.20000000000402      -0.75504341491141158     
   436.00000000000404      -0.80298396828963237     
   436.80000000000405      -0.84435004087740906     
   437.60000000000406      -0.87315217166957648     
   438.40000000000407      -0.88543583139960980     
   439.20000000000408      -0.88227459595702840     
   440.00000000000409      -0.86875493011858751     
   440.80000000000410      -0.84992959501007692     
   441.60000000000412      -0.82710194839024465     
   442.40000000000413      -0.79719337454645489     
   443.20000000000414      -0.75529408525468889     
   444.00000000000415      -0.69815148032673291     
   444.80000000000416      -0.62599928828617957     
   445.60000000000417      -0.54177436422145386     
   446.40000000000418      -0.44881428625024217     
   447.20000000000420      -0.34891461387485800     
   448.00000000000421      -0.24193007320411980     
   448.80000000000422      -0.12689658017051214     
   449.60000000000423       -3.8450319830233143E-003
   450.40000000000424       0.12468066879230512     
   451.20000000000425       0.25314556506105512     
   452.00000000000426       0.37398688093637128     
   452.80000000000427       0.47997646880620337     
   453.60000000000429       0.56717337066616114     
   454.40000000000430       0.63679114877536747     
   455.20000000000431       0.69434544810444210     
   456.00000000000432       0.74606072036109128     
   456.80000000000433       0.79468518744784022     
   457.60000000000434       0.83765990705608251     
   458.40000000000435       0.86913234164320397     
   459.20000000000437       0.88446655823305387     
   460.00000000000438       0.88378186575138062     
   460.80000000000439       0.87169134760221700     
   461.60000000000440       0.85358564430165496     
   462.40000000000441       0.83159759353018736     
   463.20000000000442       0.80332094652392483     
   464.00000000000443       0.76390643199179753     
   464.80000000000445       0.70959444419277085     
   465.60000000000446       0.63997800527080617     
   466.40000000000447       0.55765840555137469     
   467.20000000000448       0.46607738993737602     
   468.00000000000449       0.36738853299155549     
   468.80000000000450       0.26174898628212040     
   469.60000000000451       0.14821457997072582     
   470.40000000000452        2.6504834145341272E-002
   471.20000000000454      -0.10136128572921055     
   472.00000000000455      -0.23036040967394686     
   472.80000000000456      -0.35315575041426894     
   473.60000000000457      -0.46224019235922503     
   474.40000000000458      -0.55288596135998636     
   475.20000000000459      -0.62534967419207099     
   476.00000000000460      -0.68457581895491870     
   476.80000000000462      -0.73699331224186837     
   477.60000000000463      -0.78621308187462702     
   478.40000000000464      -0.83059380634552382     
   479.20000000000465      -0.86457605109277724     
   480.00000000000466      -0.88296551705705062     
   480.80000000000467      -0.88491771014098619     
   481.60000000000468      -0.87444262327677713     
   482.40000000000470      -0.85712916865295841     
   483.20000000000471      -0.83589654652983747     
   484.00000000000472      -0.80908452210767112     
   484.80000000000473      -0.77202663768888113     
   485.60000000000474      -0.72053333423233201     
   486.40000000000475      -0.65354327750781949     
   487.20000000000476      -0.57324651148265693     
   488.00000000000477      -0.48311617457040146     
   488.80000000000479      -0.38564058947964908     
   489.60000000000480      -0.28131048722615282     
   490.40000000000481      -0.16926153528506316     
   491.20000000000482       -4.8956961627518503E-002
   492.00000000000483        7.8085165178587879E-002
   492.80000000000484       0.20737517196775723     
   493.60000000000485       0.33187320008450166     
   494.40000000000487       0.44389295095029302     
   495.20000000000488       0.53799646569236215     
   496.00000000000489       0.61347526196874735     
   496.80000000000490       0.67459380718354711     
   497.60000000000491       0.72783755198455047     
   498.40000000000492       0.77759570569179437     
   499.20000000000493       0.82318997113557113     
   500.00000000000495       0.85950214901972255     
   500.80000000000496       0.88091808433522822     
   501.60000000000497       0.88564670062595308     
   502.40000000000498       0.87698040975182057     
   503.20000000000499       0.86055912929823886     
   504.00000000000500       0.84002342971701349     
   504.80000000000501       0.81451475442991184     
   505.60000000000502       0.77967027343222117     
   506.40000000000504       0.73096117693529572     
   507.20000000000505       0.66667427528147516     
   508.00000000000506       0.58851930692938959     
   508.80000000000507       0.49992298217175013     
   509.60000000000508       0.40367462613380822     
   510.40000000000509       0.30062121563099625     
   511.20000000000510       0.19003552605131432     
   512.00000000000512        7.1182702720846092E-002
   512.80000000000507       -5.4889028759853437E-002
   513.60000000000502      -0.18423686845076157     
   514.40000000000498      -0.31018065313307758     
   515.20000000000493      -0.42495243635275781     
   516.00000000000489      -0.52248977826782839     
   516.80000000000484      -0.60112945657221606     
   517.60000000000480      -0.66436280301068185     
   518.40000000000475      -0.71858356652388788     
   519.20000000000471      -0.76885642132153420     
   520.00000000000466      -0.81548706550005345     
   520.80000000000462      -0.85393473548123244     
   521.60000000000457      -0.87831547555291145     
   522.40000000000452      -0.88593524186317629     
   523.20000000000448      -0.87927308726035014     
   524.00000000000443      -0.86386900549160717     
   524.80000000000439      -0.84399935255026959     
   525.60000000000434      -0.81964297526438690     
   526.40000000000430      -0.78685669259833368     
   527.20000000000425      -0.74087480568225039     
   528.00000000000421      -0.67935155234215683     
   528.80000000000416      -0.60345613132064668     
   529.60000000000412      -0.51648774809669828     
   530.40000000000407      -0.42149287902458848     
   531.20000000000402      -0.31968815334232659     
   532.00000000000398      -0.21053693425691386     
   532.80000000000393       -9.3166697196329112E-002
   533.60000000000389        3.1806656410305903E-002
   534.40000000000384       0.16099163905279612     
   535.20000000000380       0.28812193991957291     
   536.00000000000375       0.40544170983798683     
   536.80000000000371       0.50635659024060342     
   537.60000000000366       0.58827644783592414     
   538.40000000000362       0.65384374997845374     
   539.20000000000357       0.70921547752286962     
   540.00000000000352       0.76001328368742416     
   540.80000000000348       0.80752314861577479     
   541.60000000000343       0.84790252309477177     
   542.40000000000339       0.87515502994706240     
   543.20000000000334       0.88575250593138710     
   544.00000000000330       0.88128656142917250     
   544.80000000000325       0.86704687366531952     
   545.60000000000321       0.84784130332093799     
   546.40000000000316       0.82450042791492550     
   547.20000000000312       0.79360867520694844     
   548.00000000000307       0.75027508721863256     
   548.80000000000302       0.69155756897484033     
   549.60000000000298       0.61803543983828357     
   550.40000000000293       0.53279805297468952     
   551.20000000000289       0.43909571719679119     
   552.00000000000284       0.33851824060839941     
   552.80000000000280       0.23076813661490458     
   553.60000000000275       0.11489684341358307     
   554.40000000000271       -8.8686909821729665E-003
   555.20000000000266      -0.13768426041179746     
   556.00000000000261      -0.26574267020604847     
   556.80000000000257      -0.38538879402218962     
   557.60000000000252      -0.48959357780918483     
   558.40000000000248      -0.57488386499793920     
   559.20000000000243      -0.64299605553823291     
   560.00000000000239      -0.69971177663322115     
   560.80000000000234      -0.75107856364064618     
   561.60000000000230      -0.79933465768446987     
   562.40000000000225      -0.84143806969299217     
   563.20000000000221      -0.87144032515380376     
   564.00000000000216      -0.88507130210972496     
   564.80000000000211      -0.88298514279874640     
   565.60000000000207      -0.87007563243031893     
   566.40000000000202      -0.85156163511142047     
   567.20000000000198      -0.82911748085947468     
   568.00000000000193      -0.79995197062266199     
   568.80000000000189      -0.75916705425940934     
   569.60000000000184      -0.70327719409302702     
   570.40000000000180      -0.63223525128565283     
   571.20000000000175      -0.54883924137752471     
   572.00000000000171      -0.45648142686303789     
   572.80000000000166      -0.35711799857555160     
   573.60000000000161      -0.25073317131197492     
   574.40000000000157      -0.13636415993798665     
   575.20000000000152       -1.3897502490885866E-002
   576.00000000000148       0.11435770647461385     
   576.80000000000143       0.24308960973287749     
   577.60000000000139       0.36482619304806885     
   578.40000000000134       0.47220346761500015     
   579.20000000000130       0.56092348550577664     
   580.00000000000125       0.63177853077593416     
   580.80000000000121       0.69004583582709922     
   581.60000000000116       0.74205842098179364     
   582.40000000000111       0.79095543764145915     
   583.20000000000107       0.83457690435813081     
   584.00000000000102       0.86718111716666479     
   584.80000000000098       0.88386885596297715     
   585.60000000000093       0.88433248534145725     
   586.40000000000089       0.87293337091734857     
   587.20000000000084       0.85516766228991214     
   588.00000000000080       0.83352284290492373     
   588.80000000000075       0.80591474733639479     
   589.60000000000070       0.76755993615821627     
   590.40000000000066       0.71449817165381568     
   591.20000000000061       0.64603363350913412     
   592.00000000000057       0.56459460745145496     
   592.80000000000052       0.47364604613288142     
   593.60000000000048       0.37549316497999918     
   594.40000000000043       0.27043738360328984     
   595.20000000000039       0.15756260425021126     
   596.00000000000034        3.6467923647449885E-002
   596.80000000000030       -9.1052759776939662E-002
   597.60000000000025      -0.22021007199393250     
   598.40000000000020      -0.34379035519281176     
   599.20000000000016      -0.45419498287840865     
   600.00000000000011      -0.54637184447070630     
   600.80000000000007      -0.62015033651868690     
   601.60000000000002      -0.68018653866786571     
   602.39999999999998      -0.73295273343776135     
   603.19999999999993      -0.78241584316046864     
   603.99999999999989      -0.82735657211452573     
   604.79999999999984      -0.86239310642556977     
   605.59999999999980      -0.88212747369281685     
   606.39999999999975      -0.88529255875827151     
   607.19999999999970      -0.87559387386411069     
   607.99999999999966      -0.85866138124476243     
   608.79999999999961      -0.83774280121019917     
   609.59999999999957      -0.81152696164442606     
   610.39999999999952      -0.77546708220360383     
   611.19999999999948      -0.72521153680150030     
   611.99999999999943      -0.65940921565386790     
   612.79999999999939      -0.58004564614092491     
   613.59999999999934      -0.49058325564244964     
   614.39999999999930      -0.39364835007125470     
   615.19999999999925      -0.28988705554133365     
   615.99999999999920      -0.17848885152457905     
   616.79999999999916       -5.8821970984213351E-002
   617.59999999999911        6.7807675726189481E-002
   618.39999999999907       0.19715133473886540     
   619.19999999999902       0.32232109230843642     
   619.99999999999898       0.43558267696473041     
   620.79999999999893       0.53121073364926741     
   621.59999999999889       0.60807191331765764     
   622.39999999999884       0.67009901564370933     
   623.19999999999879       0.72375508388144938     
   623.99999999999875       0.77374193596270635     
   624.79999999999870       0.81981562467656433     
   625.59999999999866       0.85709753627681806     
   626.39999999999861       0.87983507079391299     
   627.19999999999857       0.88583062759648201     
   627.99999999999852       0.87802725281882033     
   628.79999999999848       0.86203932602476785     
   629.59999999999843       0.84180050348683533     
   630.39999999999839       0.81681965981780935     
   631.19999999999834       0.78290577503022518     
   631.99999999999829       0.73541196775161410     
   632.79999999999825       0.67234171511349250     
   633.59999999999820       0.59517236694847153     
   634.39999999999816       0.50728432959558112     
   635.19999999999811       0.41158671983805950     
   635.99999999999807       0.30908902557978313     
   636.79999999999802       0.19914203683903381     
   637.59999999999798        8.0942424943727012E-002
   638.39999999999793       -4.4657901295353339E-002
   639.19999999999789      -0.17396008931787055     
   639.99999999999784      -0.30046097034415814     
   640.79999999999779      -0.41638666355890558     
   641.59999999999775      -0.51542758208114270     
   642.39999999999770      -0.59550587367863039     
   643.19999999999766      -0.65974546441730064     
   643.99999999999761      -0.71445290407436535     
   644.79999999999757      -0.76495479736830574     
   645.59999999999752      -0.81199258582192524     
   646.39999999999748      -0.85132063523732593     
   647.19999999999743      -0.87698554792763628     
   647.99999999999739      -0.88591420929036935     
   648.79999999999734      -0.88020068895692327     
   649.59999999999729      -0.86529256614251238     
   650.39999999999725      -0.84571530501779812     
   651.19999999999720      -0.82182423074406907     
   651.99999999999716      -0.78989693476248213     
   652.79999999999711      -0.74509806051682470     
   653.59999999999707      -0.68481246586916855     
   654.39999999999702      -0.60995366544128737     
   655.19999999999698      -0.52373815070379970     
   655.99999999999693      -0.42930971350506014     
   656.79999999999688      -0.32805030420170611     
   657.59999999999684      -0.21952346458314462     
   658.39999999999679      -0.10281538179498652     
   659.19999999999675        2.1635848752716527E-002
   659.99999999999670       0.15068192956313092     
   660.79999999999666       0.27825468463838343     
   661.59999999999661       0.39663225466657370     
   662.39999999999657       0.49901571388824173     
   663.19999999999652       0.58241783637228306     
   663.99999999999648       0.64908603408700327     
   664.79999999999643       0.70502776936005418     
   665.59999999999638       0.75606997252543673     
   666.39999999999634       0.80392492020004425     
   667.19999999999629       0.84509291926410657     
   667.99999999999625       0.87357900145916190     
   668.79999999999620       0.88551398314441743     
   669.59999999999616       0.88207926940571724     
   670.39999999999611       0.86840685009656715     
   671.19999999999607       0.84950219987299058     
   671.99999999999602       0.82657162795522576     
   672.79999999999598       0.79646471774382566     
   673.59999999999593       0.75427251513929106     
   674.39999999999588       0.69680493405587685     
   675.19999999999584       0.62436774596382882     
   675.99999999999579       0.53993129132274520     
   676.79999999999575       0.44681680201879248     
   677.59999999999570       0.34677769207477893     
   678.39999999999566       0.23963628925406466     
   679.19999999999561       0.12443014050253805     
   679.99999999999557        1.2292756011131334E-003
   680.79999999999552      -0.12736088553390540     
   681.59999999999548      -0.25574843277637216     
   682.39999999999543      -0.37634951920889392     
   683.19999999999538      -0.48197448211529986     
   683.99999999999534      -0.56877718465065386     
   684.79999999999529      -0.63807975134709882     
   685.59999999999525      -0.69545583511898312     
   686.39999999999520      -0.74709705894329825     
   687.19999999999516      -0.79564803373804671     
   687.99999999999511      -0.83844837439837505     
   688.79999999999507      -0.86962176113335810     
   689.59999999999502      -0.88460462309832799     
   690.39999999999498      -0.88362689575692621     
   691.19999999999493      -0.87136289425881142     
   691.99999999999488      -0.85317135387657039     
   692.79999999999484      -0.83109158137062555     
   693.59999999999479      -0.80263601694033415     
   694.39999999999475      -0.76294222410540935     
   695.19999999999470      -0.70830520609706182     
   695.99999999999466      -0.63839258729294135     
   696.79999999999461      -0.55584816173596874     
   697.59999999999457      -0.46410529383389676     
   698.39999999999452      -0.36527740751919213     
   699.19999999999447      -0.25948517226993878     
   699.99999999999443      -0.14577904508670003     
   700.79999999999438       -2.3911588257465158E-002
   701.59999999999434       0.10403900618153904     
   702.39999999999429       0.23298929666723989     
   703.19999999999425       0.35557277602045911     
   703.99999999999420       0.46430928074855343     
   704.79999999999416       0.55455773266096831     
   705.59999999999411       0.62668546580466189     
   706.39999999999407       0.68570840248327503     
   707.19999999999402       0.73803944795751486     
   707.99999999999397       0.78719433234320946     
   708.79999999999393       0.83142354358057413     
   709.59999999999388       0.86512625270330756     
   710.39999999999384       0.88316552884818422     
   711.19999999999379       0.88480724073745698     
   711.99999999999375       0.87413681274620980     
   712.79999999999370       0.85672775453945926     
   713.59999999999366       0.83541181993417046     
   714.39999999999361       0.80843987423312014     
   715.19999999999357       0.77111825603406292     
   715.99999999999352       0.71930243466000088     
   716.79999999999347       0.65200644133137908     
   717.59999999999343       0.57147122505013881     
   718.39999999999338       0.48117019373691983     
   719.19999999999334       0.38355473027015186     
   719.99999999999329       0.27907591987690572     
   720.79999999999325       0.16685728530035374     
   721.59999999999320        4.6388591900570514E-002
   722.39999999999316       -8.0755993845284951E-002
   723.19999999999311      -0.21002464417955452     
   723.99999999999307      -0.33434003559957326     
   724.79999999999302      -0.44603144007396611     
   725.59999999999297      -0.53973828720088624     
   726.39999999999293      -0.61486279167678193     
   727.19999999999288      -0.67575259786650166     
   727.99999999999284      -0.72889422367933521     
   728.79999999999279      -0.77859236341746185     
   729.59999999999275      -0.82405654401408823     
   730.39999999999270      -0.86011068876768570     
   731.19999999999266      -0.88118143252595305     
   731.99999999999261      -0.88558472691720447     
   732.79999999999256      -0.87670067985054889     
   733.59999999999252      -0.86017099036274425     
   734.39999999999247      -0.83955732658504056     
   735.19999999999243      -0.81390681772330498     
   735.99999999999238      -0.77881573048547137     
   736.79999999999234      -0.72978922804109514     
   737.59999999999229      -0.66518835343618032     
   738.39999999999225      -0.58678127656141654     
   739.19999999999220      -0.49800411969873687     
   739.99999999999216      -0.40161366860813541     
   740.79999999999211      -0.29841510766656509     
   741.59999999999206      -0.18766265879589161     
   742.39999999999202       -6.8641186778228488E-002
   743.19999999999197        5.7548892484098876E-002
   743.99999999999193       0.18690155926377267     
   744.79999999999188       0.31269240502665219     
   745.59999999999184       0.42715801323305114     
   746.39999999999179       0.52430309510383566     
   747.19999999999175       0.60257302365746779     
   747.99999999999170       0.66555214834722365     
   748.79999999999166       0.71965221992246931     
   749.59999999999161       0.76986606190531670     
   750.39999999999156       0.81638604312890450     
   751.19999999999152       0.85459859640842151     
   751.99999999999147       0.87864286159821403     
   752.79999999999143       0.88592549996409764     
   753.59999999999138       0.87902321264085281     
   754.39999999999134       0.86349516870527276     
   755.19999999999129       0.84354964665761634     
   755.99999999999125       0.81906813976568560     
   756.79999999999120       0.78605358275476700     
   757.59999999999116       0.73976196941660510     
   758.39999999999111       0.67791869168287255     
   759.19999999999106       0.60175778376200928     
   759.99999999999102       0.51459728182558462     
   760.79999999999097       0.41945665689962980     
   761.59999999999093       0.31750969763959824     
   762.39999999999088       0.20819529833283112     
   763.19999999999084        9.0653631766149073E-002
   763.99999999999079       -3.4451830687821150E-002
   764.79999999999075      -0.16366630805095914     
   765.59999999999070      -0.29067347010698030     
   766.39999999999065      -0.40771146412265358     
   767.19999999999061      -0.50824216986978410     
   767.99999999999056      -0.58978000589624191     
   768.79999999999052      -0.65506823290755933     
   769.59999999999047      -0.71029823165424166     
   770.39999999999043      -0.76103411931116993     
   771.19999999999038      -0.80845022194133687     
   771.99999999999034      -0.84861819524146032     
   772.79999999999029      -0.87554644283157468     
   773.59999999999025      -0.88579836839817494     
   774.39999999999020      -0.88107055759451480     
   775.19999999999015      -0.86668897786229071     
   775.99999999999011      -0.84740626986593992     
   776.79999999999006      -0.82395513363365347     
   777.59999999999002      -0.79285422069795708     
   778.39999999998997      -0.74922105369627623     
   779.19999999998993      -0.69017967133762825     
   779.99999999998988      -0.61637928141713616     
   780.79999999998984      -0.53093752638540215     
   781.59999999998979      -0.43708429042374586     
   782.39999999998975      -0.33636665413121691     
   783.19999999998970      -0.22845736798190178     
   783.99999999998965      -0.11241345715647320     
   784.79999999998961        1.1495819786950759E-002
   785.59999999998956       0.14036384700924148     
   786.39999999998952       0.26832866807069466     
   787.19999999998947       0.38771926860764477     
   787.99999999998943       0.49155149454823960     
   788.79999999998938       0.57645093473856868     
   789.59999999998934       0.64426038801460062     
   790.39999999998929       0.70081137376249214     
   791.19999999998925       0.75210949046640230     
   791.99999999998920       0.80028575444144168     
   792.79999999998915       0.84220164401232467     
   793.59999999998911       0.87189503694683079     
   794.39999999998906       0.88517568211285580     
   795.19999999998902       0.88280716167185269     
   795.99999999998897       0.86973589519934935     
   796.79999999998893       0.85114010451125643     
   797.59999999998888       0.82859830842419946     
   798.39999999998884       0.79924307888404733     
   799.19999999998879       0.75817103148259790     
