   0.0000000000000000       0.14995722103520576     
  0.80000000000000004      -0.38876659713241862     
   1.6000000000000001       -1.0813061842022784     
   2.4000000000000004      -0.94620920467045844     
   3.2000000000000002       0.13896910001123164     
   4.0000000000000000       0.91184890041831179     
   4.7999999999999998       0.73417909898446920     
   5.5999999999999996       0.36575319869372247     
   6.3999999999999995       0.15953250212648423     
   7.1999999999999993      -0.38945059928861020     
   7.9999999999999991      -0.98560256702841165     
   8.7999999999999989      -0.65044033760455844     
   9.5999999999999996       0.29981598086217232     
   10.400000000000000       0.68109877958658782     
   11.200000000000001       0.44260000395840388     
   12.000000000000002       0.35002888468609838     
   12.800000000000002       0.23351726914379306     
   13.600000000000003      -0.40290883886971124     
   14.400000000000004      -0.87842239597487559     
   15.200000000000005      -0.40602782400614745     
   16.000000000000004       0.31581484867998233     
   16.800000000000004       0.40159479046101509     
   17.600000000000005       0.27078592010651142     
   18.400000000000006       0.42031127789637213     
   19.200000000000006       0.26418623173832950     
   20.000000000000007      -0.43856715362612492     
   20.800000000000008      -0.73060753590535232     
   21.600000000000009      -0.20035350975009003     
   22.400000000000009       0.23143018264493997     
   23.200000000000010       0.14248779456462612     
   24.000000000000011       0.21073407243437187     
   24.800000000000011       0.49760156728371674     
   25.600000000000012       0.21903164157290467     
   26.400000000000013      -0.46316377492083438     
   27.200000000000014      -0.53283711615776519     
   28.000000000000014       -4.7957301689994181E-002
   28.800000000000015        8.1908216402219514E-002
   29.600000000000016       -4.8209764627596186E-002
   30.400000000000016       0.23677422766991441     
   31.200000000000017       0.52941185715582884     
   32.000000000000014       0.11181175597733367     
   32.800000000000011      -0.44163300708756953     
   33.600000000000009      -0.30539296053535103     
   34.400000000000006        3.0828311315894197E-002
   35.200000000000003       -9.2038663064530526E-002
   36.000000000000000      -0.14197606300505403     
   36.799999999999997       0.30786737584177548     
   37.599999999999994       0.48770764619940021     
   38.399999999999991       -1.9625447669854190E-002
   39.199999999999989      -0.35560283231842227     
   39.999999999999986       -8.7617434282452056E-002
   40.799999999999983        2.6579971643477154E-002
   41.599999999999980      -0.24646492040400675     
   42.399999999999977      -0.13485686416231368     
   43.199999999999974       0.37644701593968488     
   43.999999999999972       0.37055291306019356     
   44.799999999999969      -0.13121609785794519     
   45.599999999999966      -0.21028416069945532     
   46.399999999999963        7.8572847726162909E-002
   47.199999999999960       -4.9122510643599654E-002
   47.999999999999957      -0.34282387993611496     
   48.799999999999955       -4.9034335855126232E-002
   49.599999999999952       0.40087103002443697     
   50.399999999999949       0.20153084345743960     
   51.199999999999946      -0.18635886131213092     
   51.999999999999943       -3.3160057452618519E-002
   52.799999999999940       0.16228674922595002     
   53.599999999999937      -0.16385592413657599     
   54.399999999999935      -0.35671049829778589     
   55.199999999999932        7.4122954808838848E-002
   55.999999999999929       0.35642482225268363     
   56.799999999999926        2.1590242265733584E-002
   57.599999999999923      -0.16592815575032738     
   58.399999999999920       0.13540322315183184     
   59.199999999999918       0.15322894543258664     
   59.999999999999915      -0.27431294647227195     
   60.799999999999912      -0.28521354516791081     
   61.599999999999909       0.18702549758741632     
   62.399999999999906       0.24234060898414597     
   63.199999999999903      -0.12458914876749130     
   63.999999999999901       -7.4744344406659766E-002
   64.799999999999898       0.25506593537587829     
   65.599999999999895        6.6325716089004699E-002
   66.399999999999892      -0.33954485577249904     
   67.199999999999889      -0.14954601471556947     
   67.999999999999886       0.24898924861073238     
   68.799999999999883        8.2267211564176906E-002
   69.599999999999881      -0.20151197583426642     
   70.399999999999878        5.9085514271971201E-002
   71.199999999999875       0.29687744659397314     
   71.999999999999872       -6.2162650299500355E-002
   72.799999999999869      -0.33249880177574043     
   73.599999999999866        1.0692566392067726E-002
   74.399999999999864       0.23637183579086685     
   75.199999999999861       -8.3912585719305932E-002
   75.999999999999858      -0.19263133231417218     
   76.799999999999855       0.19376671266744760     
   77.599999999999852       0.25207883430455125     
   78.399999999999849      -0.18629365454810232     
   79.199999999999847      -0.24828332517988019     
   79.999999999999844       0.14988768777368514     
   80.799999999999841       0.14930487294351685     
   81.599999999999838      -0.21332706562216530     
   82.399999999999835      -0.10615925097427917     
   83.199999999999832       0.28729628684294950     
   83.999999999999829       0.13639144954582683     
   84.799999999999827      -0.26398467529260289     
   85.599999999999824      -0.10672484460638823     
   86.399999999999821       0.22936851906998132     
   87.199999999999818        1.2255520602371950E-002
   87.999999999999815      -0.27244363192266025     
   88.799999999999812        2.6674077981795385E-002
   89.599999999999810       0.30941286898258030     
   90.399999999999807       -1.3913779497007006E-002
   91.199999999999804      -0.26807055110973171     
   91.999999999999801        5.3821308205121154E-002
   92.799999999999798       0.22761786723772115     
   93.599999999999795      -0.13422735848183642     
   94.399999999999793      -0.24659053588388871     
   95.199999999999790       0.16188517213432321     
   95.999999999999787       0.25054276175128520     
   96.799999999999784      -0.15355281821335554     
   97.599999999999781      -0.19404287864752340     
   98.399999999999778       0.18914901626701058     
   99.199999999999775       0.14704642012386687     
   99.999999999999773      -0.24682181919513174     
   100.79999999999977      -0.14552817776615679     
   101.59999999999977       0.25635284495999766     
   102.39999999999976       0.12589769370573345     
   103.19999999999976      -0.24154330880084929     
   103.99999999999976       -6.2246840379707513E-002
   104.79999999999976       0.26211260544721660     
   105.59999999999975        1.4173212610932406E-002
   106.39999999999975      -0.29185320387482677     
   107.19999999999975       -1.4188047686275462E-003
   107.99999999999974       0.27957128102264200     
   108.79999999999974       -2.8778490974393500E-002
   109.59999999999974      -0.25207241026421601     
   110.39999999999974        8.8642385680810454E-002
   111.19999999999973       0.25278764527969844     
   111.99999999999973      -0.12903346940246707     
   112.79999999999973      -0.25482509698142292     
   113.59999999999972       0.14155857356249091     
   114.39999999999972       0.22226382358551761     
   115.19999999999972      -0.16899840181203779     
   115.99999999999972      -0.18215348010716761     
   116.79999999999971       0.21443467661108526     
   117.59999999999971       0.16511858193867024     
   118.39999999999971      -0.23857321273900284     
   119.19999999999970      -0.14580442359254525     
   119.99999999999970       0.24071138682548593     
   120.79999999999970       0.10013415783224805     
   121.59999999999970      -0.25483402815246170     
   122.39999999999969       -5.3551495362222701E-002
   123.19999999999969       0.27832205792454723     
   123.99999999999969        2.6778658599378447E-002
   124.79999999999968      -0.28074303942971468     
   125.59999999999968        2.9100068447180383E-003
   126.39999999999968       0.26637855782825764     
   127.19999999999968       -5.0764348922993086E-002
   127.99999999999967      -0.26171612113002235     
   128.79999999999967        9.4099853839563152E-002
   129.59999999999968       0.26100000882653257     
   130.39999999999969      -0.11974008827252103     
   131.19999999999970      -0.24147667053038563     
   131.99999999999972       0.14740633344988890     
   132.79999999999973       0.21038928885192568     
   133.59999999999974      -0.18602507181769559     
   134.39999999999975      -0.18799553199257485     
   135.19999999999976       0.21624425366813343     
   135.99999999999977       0.16715410543960282     
   136.79999999999978      -0.23054382814450727     
   137.59999999999980      -0.13145698942101697     
   138.39999999999981       0.24565691167433101     
   139.19999999999982        8.9559903943687624E-002
   139.99999999999983      -0.26616939039119009     
   140.79999999999984       -5.6577762459488534E-002
   141.59999999999985       0.27623726540564614     
   142.39999999999986        2.5014139779690525E-002
   143.19999999999987      -0.27251031732340908     
   143.99999999999989        1.6574616209113713E-002
   144.79999999999990       0.26895848043237147     
   145.59999999999991       -5.9295111915005472E-002
   146.39999999999992      -0.26737687039241220     
   147.19999999999993        9.2273763305548762E-002
   147.99999999999994       0.25533842785480915     
   148.79999999999995      -0.12282208257985483     
   149.59999999999997      -0.23247192309757517     
   150.39999999999998       0.15868636222484281     
   151.19999999999999       0.21028829624024800     
   152.00000000000000      -0.19153833239848930     
   152.80000000000001      -0.18891202410027452     
   153.60000000000002       0.21396716050573522     
   154.40000000000003       0.15898526892298781     
   155.20000000000005      -0.23283674135901500     
   156.00000000000006      -0.12209598861846614     
   156.80000000000007       0.25325298615796255     
   157.60000000000008        8.7545077720343756E-002
   158.40000000000009      -0.26794687194424893     
   159.20000000000010       -5.4465116801256264E-002
   160.00000000000011       0.27230761050382979     
   160.80000000000013        1.6011505547918969E-002
   161.60000000000014      -0.27265247948736887     
   162.40000000000015        2.5159494112682534E-002
   163.20000000000016       0.27230662646334280     
   164.00000000000017       -6.1781094775847367E-002
   164.80000000000018      -0.26533410166383598     
   165.60000000000019        9.5350087667643246E-002
   166.40000000000020       0.24935076888542279     
   167.20000000000022      -0.13081221161873685     
   168.00000000000023      -0.23010277758346048     
   168.80000000000024       0.16514378448759665     
   169.60000000000025       0.20977480039180532     
   170.40000000000026      -0.19293555238695029     
   171.20000000000027      -0.18380738727121904     
   172.00000000000028       0.21611036144043749     
   172.80000000000030       0.15147492669809501     
   173.60000000000031      -0.23826304321637123     
   174.40000000000032      -0.11788829980158069     
   175.20000000000033       0.25649551757702427     
   176.00000000000034        8.4454893909014839E-002
   176.80000000000035      -0.26706609356197553     
   177.60000000000036       -4.7799076270453406E-002
   178.40000000000038       0.27220893986448791     
   179.20000000000039        8.2603310313582035E-003
   180.00000000000040      -0.27462925408810102     
   180.80000000000041        2.9814704663033542E-002
   181.60000000000042       0.27188959210555275     
   182.40000000000043       -6.5648708557082158E-002
   183.20000000000044      -0.26172043157973823     
   184.00000000000045       0.10174868310246898     
   184.80000000000047       0.24659220684784366     
   185.60000000000048      -0.13724460261471982     
   186.40000000000049      -0.22866907824290605     
   187.20000000000050       0.16866336812372384     
   188.00000000000051       0.20613554132045644     
   188.80000000000052      -0.19579449688272729     
   189.60000000000053      -0.17793261216389300     
   190.40000000000055       0.22058259968079424     
   191.20000000000056       0.14663738320332251     
   192.00000000000057      -0.24203382664556031     
   192.80000000000058      -0.11403390402304076     
   193.60000000000059       0.25759869067757857     
   194.40000000000060        7.8873492872178708E-002
   195.20000000000061      -0.26759687460314113     
   196.00000000000063       -4.0938700621129753E-002
   196.80000000000064       0.27367258905149561     
   197.60000000000065        2.6935337476856058E-003
   198.40000000000066      -0.27500545924655107     
   199.20000000000067        3.4466870055840149E-002
   200.00000000000068       0.26997681910403909     
   200.80000000000069       -7.1423397587310589E-002
   201.60000000000070      -0.25940675685058068     
   202.40000000000072       0.10794822833494994     
   203.20000000000073       0.24483799339915294     
   204.00000000000074      -0.14191410539101809     
   204.80000000000075      -0.22579831304019507     
   205.60000000000076       0.17237517640892649     
   206.40000000000077       0.20152150436539684     
   207.20000000000078      -0.20005722779395319     
   208.00000000000080      -0.17323028200137536     
   208.80000000000081       0.22461183310449662     
   209.60000000000082       0.14242510309580642     
   210.40000000000083      -0.24440738149893343     
   211.20000000000084      -0.10897140936021743     
   212.00000000000085       0.25899532641933509     
   212.80000000000086        7.2735067118691654E-002
   213.60000000000088      -0.26912511251734406     
   214.40000000000089       -3.5126534760150319E-002
   215.20000000000090       0.27457341860633522     
   216.00000000000091       -2.4906493099160487E-003
   216.80000000000092      -0.27430836595857100     
   217.60000000000093        4.0075681597448121E-002
   218.40000000000094       0.26841029039048270     
   219.20000000000095       -7.7433004375662307E-002
   220.00000000000097      -0.25778824923901300     
   220.80000000000098       0.11321955036241876     
   221.60000000000099       0.24250387649134747     
   222.40000000000100      -0.14635240780080760     
   223.20000000000101      -0.22214777638798941     
   224.00000000000102       0.17680540809193371     
   224.80000000000103       0.19728874572061303     
   225.60000000000105      -0.20432366432312662     
   226.40000000000106      -0.16901972807582488     
   227.20000000000107       0.22783433039444873     
   228.00000000000108       0.13769240537969257     
   228.80000000000109      -0.24664847277993757     
   229.60000000000110      -0.10339380735030387     
   230.40000000000111       0.26090971615341596     
   231.20000000000113        6.7006597252955297E-002
   232.00000000000114      -0.27051183024409575     
   232.80000000000115       -2.9680944874027643E-002
   233.60000000000116       0.27479792283388171     
   234.40000000000117       -8.0923620135988084E-003
   235.20000000000118      -0.27355478077459755     
   236.00000000000119        4.5972676484150321E-002
   236.80000000000121       0.26721410777730037     
   237.60000000000122       -8.3014289102244010E-002
   238.40000000000123      -0.25596351790440541     
   239.20000000000124       0.11820003366298915     
   240.00000000000125       0.23963821172381355     
   240.80000000000126      -0.15109453226615022     
   241.60000000000127      -0.21851425224160020     
   242.40000000000128       0.18134520012280880     
   243.20000000000130       0.19333741868020782     
   244.00000000000131      -0.20816210516510492     
   244.80000000000132      -0.16460634697868526     
   245.60000000000133       0.23081879625777751     
   246.40000000000134       0.13258387050465872     
   247.20000000000135      -0.24909373327546550     
   248.00000000000136       -9.7909533574132096E-002
   248.80000000000138       0.26281048929949313     
   249.60000000000139        6.1518917577984417E-002
   250.40000000000140      -0.27149745501166611     
   251.20000000000141       -2.4080630502663514E-002
   252.00000000000142       0.27483538547638925     
   252.80000000000143       -1.3917825082104984E-002
   253.60000000000144      -0.27293733525962893     
   254.40000000000146        5.1705923356439087E-002
   255.20000000000147       0.26594079384139968     
   256.00000000000148       -8.8368103031593481E-002
   256.80000000000149      -0.25379684231667221     
   257.60000000000150       0.12327024972034706     
   258.40000000000151       0.23664923155185499     
   259.20000000000152      -0.15592963523835471     
   260.00000000000153      -0.21498958985885550     
   260.80000000000155       0.18566933868500587     
   261.60000000000156       0.18930210858208973     
   262.40000000000157      -0.21178024593525774     
   263.20000000000158      -0.15993984119025217     
   264.00000000000159       0.23383442906823881     
   264.80000000000160       0.12743079846400934     
   265.60000000000161      -0.25153619219097706     
   266.40000000000163       -9.2542565853522163E-002
   267.20000000000164       0.26447274444056090     
   268.00000000000165        5.5981465316016304E-002
   268.80000000000166      -0.27228081548217808     
   269.60000000000167       -1.8330956822653122E-002
   270.40000000000168       0.27486910121127922     
   271.20000000000169       -1.9705303961403908E-002
   272.00000000000171      -0.27226590498758024     
   272.80000000000172        5.7295011672832741E-002
   273.60000000000173       0.26444288266025540     
   274.40000000000174       -9.3720053383310298E-002
   275.20000000000175      -0.25146890516082254     
   276.00000000000176       0.12839134969828098     
   276.80000000000177       0.23365576601550514     
   277.60000000000178      -0.16065654346083225     
   278.40000000000180      -0.21140733972964373     
   279.20000000000181       0.18982345691590366     
   280.00000000000182       0.18509320950450986     
   280.80000000000183      -0.21534928405327547     
   281.60000000000184      -0.15517793141485137     
   282.40000000000185       0.23682478539816693     
   283.20000000000186       0.12230470889896732     
   284.00000000000188      -0.25382589266597244     
   284.80000000000189       -8.7152252383497053E-002
   285.60000000000190       0.26595580184996420     
   286.40000000000191        5.0346112438622248E-002
   287.20000000000192      -0.27298883464030832     
   288.00000000000193       -1.2564866947530395E-002
   288.80000000000194       0.27483618065347420     
   289.60000000000196       -2.5417319792095716E-002
   290.40000000000197      -0.27143275257032107     
   291.20000000000198        6.2855677741281646E-002
   292.00000000000199       0.26278481152863453     
   292.80000000000200       -9.9089938457828319E-002
   293.60000000000201      -0.24907154749720428     
   294.40000000000202       0.13345484247971096     
   295.20000000000203       0.23059579387173285     
   296.00000000000205      -0.16526166379514245     
   296.80000000000206      -0.20769343936217988     
   297.60000000000207       0.19390078845911490     
   298.40000000000208       0.18077437941414373     
   299.20000000000209      -0.21887073976080471     
   300.00000000000210      -0.15038507871096832     
   300.80000000000211       0.23970414684584715     
   301.60000000000213       0.11714848141432893     
   302.40000000000214      -0.25596546993356406     
   303.20000000000215       -8.1690233268337853E-002
   304.00000000000216       0.26733345797779140     
   304.80000000000217        4.4671729597394932E-002
   305.60000000000218      -0.27361228797068704     
   306.40000000000219       -6.8255615580480322E-003
   307.20000000000221       0.27467130568771253     
   308.00000000000222       -3.1104405391611634E-002
   308.80000000000223      -0.27045100508400577     
   309.60000000000224        6.8417583307058938E-002
   310.40000000000225       0.26102414635365767     
   311.20000000000226      -0.10442610593611068     
   312.00000000000227      -0.24659020025205061     
   312.80000000000229       0.13843388186792113     
   313.60000000000230       0.22742149687668034     
   314.40000000000231      -0.16978858854157119     
   315.20000000000232      -0.20386707269308085     
   316.00000000000233       0.19791799516447867     
   316.80000000000234       0.17638976270819562     
   317.60000000000235      -0.22230132531451041     
   318.40000000000236      -0.14554471560028684     
   319.20000000000238       0.24245808108059394     
   320.00000000000239       0.11192842247258708     
   320.80000000000240      -0.25799194142719362     
   321.60000000000241       -7.6178175923580643E-002
   322.40000000000242       0.26861385962604489     
   323.20000000000243        3.8991210978192609E-002
   324.00000000000244      -0.27411655984868089     
   324.80000000000246       -1.0961956663401717E-003
   325.60000000000247       0.27436932265325770     
   326.40000000000248       -3.6789581359006507E-002
   327.20000000000249      -0.26935183422624265     
   328.00000000000250        7.3959296227706861E-002
   328.80000000000251       0.25916391488533075     
   329.60000000000252      -0.10970513614762728     
   330.40000000000254      -0.24399853022147813     
   331.20000000000255       0.14334478941435544     
   332.00000000000256       0.22413433503907293     
   332.80000000000257      -0.17425270065598930     
   333.60000000000258      -0.19995421863241003     
   334.40000000000259       0.20185568810766491     
   335.20000000000260       0.17193943760660463     
   336.00000000000261      -0.22562552904084898     
   336.80000000000263      -0.14063763982841110     
   337.60000000000264       0.24510206615930946     
   338.40000000000265       0.10665010874034991     
   339.20000000000266      -0.25991554456933830     
   340.00000000000267       -7.0637169400877692E-002
   340.80000000000268       0.26978077804868361     
   341.60000000000269        3.3302746633605884E-002
   342.40000000000271      -0.27449269433728357     
   343.20000000000272        4.6369464322769116E-003
   344.00000000000273       0.27394482800713066     
   344.80000000000274       -4.2465374657218169E-002
   345.60000000000275      -0.26814229924787680     
   346.40000000000276        7.9464462764080590E-002
   347.20000000000277       0.25719157855464514     
   348.00000000000279      -0.11493026275180329     
   348.80000000000280      -0.24129283217416900     
   349.60000000000281       0.14819742280911466     
   350.40000000000282       0.22074794318275459     
   351.20000000000283      -0.17864631223951072     
   352.00000000000284      -0.19595999059776387     
   352.80000000000285       0.20570200344044837     
   353.60000000000286       0.16741434975463826     
   354.40000000000288      -0.22884777578023963     
   355.20000000000289      -0.13566387681864447     
   356.00000000000290       0.24764348557845731     
   356.80000000000291       0.10132580963663945     
   357.60000000000292      -0.26172955555959254     
   358.40000000000293       -6.5070812107261206E-002
   359.20000000000294       0.27082652927763107     
   360.00000000000296        2.7599937006576647E-002
   360.80000000000297      -0.27474620974317338     
   361.60000000000298        1.0371739206324893E-002
   362.40000000000299       0.27340385864788036     
   363.20000000000300       -4.8121442990315455E-002
   364.00000000000301      -0.26681739158142359     
   364.80000000000302        8.4930991950353474E-002
   365.60000000000304       0.25510319341133642     
   366.40000000000305      -0.12010621836627905     
   367.20000000000306      -0.23847953991037668     
   368.00000000000307       0.15298893558393661     
   368.80000000000308       0.21726767647909445     
   369.60000000000309      -0.18296141634614210     
   370.40000000000310      -0.19188123401293969     
   371.20000000000312       0.20945641556309677     
   372.00000000000313       0.16281347417024380     
   372.80000000000314      -0.23197198711339720     
   373.60000000000315      -0.13063023243598887     
   374.40000000000316       0.25007979662916019     
   375.20000000000317        9.5960225019979584E-002
   376.00000000000318      -0.26342853355155554     
   376.80000000000319       -5.9477302636913310E-002
   377.60000000000321       0.27175221748763606     
   378.40000000000322        2.1883511439017012E-002
   379.20000000000323      -0.27488092237090350     
   380.00000000000324        1.6101804590463009E-002
   380.80000000000325       0.27274489958545628     
   381.60000000000326       -5.3754083785174989E-002
   382.40000000000327      -0.26537428455408762     
   383.20000000000329        9.0360080011335941E-002
   384.00000000000330       0.25290144197358000     
   384.80000000000331      -0.12523163973033458     
   385.60000000000332      -0.23556275541762184     
   386.40000000000333       0.15771407141004939     
   387.20000000000334       0.21369329180537799     
   388.00000000000335      -0.18719564008690481     
   388.80000000000337      -0.18771736562136354     
   389.60000000000338       0.21312017105495468     
   390.40000000000339       0.15814062358032144     
   391.20000000000340      -0.23499703191071392     
   392.00000000000341      -0.12554093340581512     
   392.80000000000342       0.25240734881411869     
   393.60000000000343        9.0554012592127336E-002
   394.40000000000344      -0.26501168455091273     
   395.20000000000346       -5.3857460012201541E-002
   396.00000000000347       0.27255967085991034     
   396.80000000000348        1.6157600135825900E-002
   397.60000000000349      -0.27489657771855114     
   398.40000000000350        2.1823336125058268E-002
   399.20000000000351       0.27196620525817122     
   400.00000000000352       -5.9362422237125068E-002
   400.80000000000354      -0.26381387827739622     
   401.60000000000355        9.5750455069377571E-002
   402.40000000000356       0.25058903282216988     
   403.20000000000357      -0.13030287828445092     
   404.00000000000358      -0.23254337774514386     
   404.80000000000359       0.16236997645257292     
   405.60000000000360       0.21002485687242026     
   406.40000000000362      -0.19134850825856023     
   407.20000000000363      -0.18347069843546379     
   408.00000000000364       0.21669230927827074     
   408.80000000000365       0.15339918988756576     
   409.60000000000366      -0.23792033778611119     
   410.40000000000367      -0.12039773298838125     
   411.20000000000368       0.25462463689762699     
   412.00000000000369        8.5108433928045624E-002
   412.80000000000371      -0.26647941763929084     
   413.60000000000372       -4.8214278843284331E-002
   414.40000000000373       0.27324882169029735     
   415.20000000000374        1.0425651434650018E-002
   416.00000000000375      -0.27479209928232651     
   416.80000000000376        2.7534400518398061E-002
   417.60000000000377       0.27106787460445358     
   418.40000000000379       -6.4944850194580850E-002
   419.20000000000380      -0.26213776581027104     
   420.00000000000381       0.10109926511826528     
   420.80000000000382       0.24816709151862512     
   421.60000000000383      -0.13531708907903464     
   422.40000000000384      -0.22942191002617079     
   423.20000000000385       0.16695518192209385     
   424.00000000000387       0.20626396238136666     
   424.80000000000388      -0.19541878546416006     
   425.60000000000389      -0.17914386337954330     
   426.40000000000390       0.22017076554281506     
   427.20000000000391       0.14859126298719338     
   428.00000000000392      -0.24074016336048248     
   428.80000000000393      -0.11520225816748855     
   429.60000000000394       0.25673115317196471     
   430.40000000000396        7.9625956130992603E-002
   431.20000000000397      -0.26783142019182671     
   432.00000000000398       -4.2550803582950963E-002
   432.80000000000399       0.27381886938033428     
   433.60000000000400        4.6900565402880345E-003
   434.40000000000401      -0.27456720593704620     
   435.20000000000402        3.3233029130839198E-002
   436.00000000000404       0.27005069915984048     
   436.80000000000405       -7.0498839132256741E-002
   437.60000000000406      -0.26034688773808828     
   438.40000000000407       0.10640378412040885     
   439.20000000000408       0.24563628170495486     
   440.00000000000409      -0.14027226977725613     
   440.80000000000410      -0.22619956548113124     
   441.60000000000412       0.17146809155077525     
   442.40000000000413       0.20241264471842499     
   443.20000000000414      -0.19940455703293827     
   444.00000000000415      -0.17473890943437925     
   444.80000000000416       0.22355370613174158     
   445.60000000000417       0.14371865047117430     
   446.40000000000418      -0.24345542700687697     
   447.20000000000420      -0.10995672766844453     
   448.00000000000421       0.25872621905752724     
   448.80000000000422        7.4109292792592346E-002
   449.60000000000423      -0.26906689895675684     
   450.40000000000424       -3.6869562590772981E-002
   451.20000000000425       0.27426929787532817     
   452.00000000000426       -1.0469609047583095E-003
   452.80000000000427      -0.27422212205916524     
   453.60000000000429        3.8916785679369292E-002
   454.40000000000430       0.26891528413892096     
   455.20000000000431       -7.6021762334316845E-002
   456.00000000000432      -0.25844185510769813     
   456.80000000000433       0.11166173485430692     
   457.60000000000434       0.24299755853136040     
   458.40000000000435      -0.14516650982052914     
   459.20000000000437      -0.22287792372249432     
   460.00000000000438       0.17590675371311865     
   460.80000000000439       0.19847274336244763     
   461.60000000000440      -0.20330391270769105     
   462.40000000000441      -0.17025765467025600     
   463.20000000000442       0.22683967990249698     
   464.00000000000443       0.13878341827868668     
   464.80000000000445      -0.24606509106600710     
   465.60000000000446      -0.10466359838700567     
   466.40000000000447       0.26060889853051172     
   467.20000000000448        6.8560949650847719E-002
   468.00000000000449      -0.27018513301777469     
   468.80000000000450       -3.1172913135494362E-002
   469.60000000000451       0.27459991130794276     
   470.40000000000452       -6.7829705529556250E-003
   471.20000000000454      -0.27375708561611162     
   472.00000000000455        4.4583101893116706E-002
   472.80000000000456       0.26766205422070788     
   473.60000000000457       -8.1511203027472778E-002
   474.40000000000458      -0.25642338442391710     
   475.20000000000459       0.11687097024224491     
   476.00000000000460       0.24025213012586560     
   476.80000000000462      -0.14999774312463410     
   477.60000000000463      -0.21945854746287266     
   478.40000000000464       0.18026916383565342     
   479.20000000000465       0.19444596248543478     
   480.00000000000466      -0.20711514432488065     
   480.80000000000467      -0.16570201929309797     
   481.60000000000468       0.23002733683793075     
   482.40000000000470       0.13378780914372632     
   483.20000000000471      -0.24856800926211822     
   484.00000000000472       -9.9325274502228250E-002
   484.80000000000473       0.26237826008642262     
   485.60000000000474        6.2983316458570970E-002
   486.40000000000475      -0.27118559009578957     
   487.20000000000476       -2.5463289869773476E-002
   488.00000000000477       0.27481059393495316     
   488.80000000000479       -1.2515437490354164E-002
   489.60000000000480      -0.27317226378331988     
   490.40000000000481        5.0229491892046729E-002
   491.20000000000482       0.26629147265676711     
   492.00000000000483       -8.6964849700771396E-002
   492.80000000000484      -0.25429235558718910     
   493.60000000000485       0.12202929309628369     
   494.40000000000487       0.23740125853943472     
   495.20000000000488      -0.15476385597374481     
   496.00000000000489      -0.21594294514720955     
   496.80000000000490       0.18455341743789513     
   497.60000000000491       0.19033404859054934     
   498.40000000000492      -0.21083664011855011     
   499.20000000000493      -0.16107404361375338     
   500.00000000000495       0.23311530179502699     
   500.80000000000496       0.12873408196425840     
   501.60000000000497      -0.25096303110133278     
   502.40000000000498       -9.3944101500137156E-002
   503.20000000000499       0.26403348178062563     
   504.00000000000500        5.7378807457767855E-002
   504.80000000000501      -0.27206782707612565     
   505.60000000000502       -1.9743197380990063E-002
   506.40000000000504       0.27490122534027817     
   507.20000000000505       -1.8241848180336639E-002
   508.00000000000506      -0.27246784787347011     
   508.80000000000507        5.5853538126855451E-002
   509.60000000000508       0.26480410927522230     
   510.40000000000509       -9.2380387482868975E-002
   511.20000000000510      -0.25204972238381862     
   512.00000000000512       0.12713447845914111     
   512.80000000000507       0.23444620555525708     
   513.60000000000502      -0.15946278314718632     
   514.40000000000498      -0.21233265317643377     
   515.20000000000493       0.18875768459390410     
   516.00000000000489       0.18613883081809521     
   516.80000000000484      -0.21446680290329104     
   517.60000000000480      -0.15637581041789894     
   518.40000000000475       0.23610220462094728     
   519.20000000000471       0.12362447993414839     
   520.00000000000466      -0.25324907328251062     
   520.80000000000462       -8.8522435150067580E-002
   521.60000000000457       0.26557382023966314     
   522.40000000000452        5.1749882209222997E-002
   523.20000000000448      -0.27283143001122029     
   524.00000000000443       -1.4015145368942716E-002
   524.80000000000439       0.27487171309044811     
   525.60000000000434       -2.3959726136710768E-002
   526.40000000000430      -0.27164410437947717     
   527.20000000000425        6.1452834770691689E-002
   528.00000000000421       0.26320060772686293     
   528.80000000000416       -9.7755490351719931E-002
   529.60000000000412      -0.24969646938450801     
   530.40000000000407       0.13218432602707614     
   531.20000000000402       0.23138826416162536     
   532.00000000000398      -0.16409251245346382     
   532.80000000000393      -0.20862927052223396     
   533.60000000000389       0.19288016463583774     
   534.40000000000384       0.18186218893422681     
   535.20000000000380      -0.21800405086423638     
   536.00000000000375      -0.15160941489207652     
   536.80000000000371       0.23898672151844508     
   537.60000000000366       0.11846125910314670     
   538.40000000000362      -0.25542511707036514     
   539.20000000000357       -8.3062663816708127E-002
   540.00000000000352       0.26699857528376858     
   540.80000000000348        4.6099016417853300E-002
   541.60000000000343      -0.27347602000070803     
   542.40000000000339       -8.2816289062683235E-003
   543.20000000000334       0.27472202425448611     
   544.00000000000330       -2.9666606688991182E-002
   544.80000000000325      -0.27070136770859765     
   545.60000000000321        6.7024974091474898E-002
   546.40000000000316       0.26148165808299462     
   547.20000000000312      -0.10308784632651397     
   548.00000000000307      -0.24723362001029986     
   548.80000000000302       0.13717667201237543     
   549.60000000000298       0.22822878136457528     
   550.40000000000293      -0.16865106309269864     
   551.20000000000289      -0.20483444862838607     
   552.00000000000284       0.19691907874440412     
   552.80000000000280       0.17750603230215001     
   553.60000000000275      -0.22144683866247455     
   554.40000000000271      -0.14677697327790037     
   555.20000000000266       0.24176758130425516     
   556.00000000000261       0.11324670427628594     
   556.80000000000257      -0.25749019030965981     
   557.60000000000252       -7.7567197421221590E-002
   558.40000000000248       0.26830708678313669     
   559.20000000000243        4.0428686477185116E-002
   560.00000000000239      -0.27400127020434245     
   560.80000000000234       -2.5451372141772066E-003
   561.60000000000230       0.27445218749099748     
   562.40000000000225       -3.5360026016705681E-002
   563.20000000000221      -0.26964002523137087     
   564.00000000000216        7.2567556979417247E-002
   564.80000000000211       0.25964799602287159     
   565.60000000000207      -0.10837516818073678     
   566.40000000000202      -0.24466224934049799     
   567.20000000000198       0.14210938067263987     
   568.00000000000193       0.22496915703781720     
   568.80000000000189      -0.17313647835116483     
   569.60000000000184      -0.20094987886428123     
   570.40000000000180       0.20087267945164067     
   571.20000000000175       0.17307230021366893     
   572.00000000000171      -0.22479366454915656     
   572.80000000000166      -0.14188063205209300     
   573.60000000000161       0.24444355772608067     
   574.40000000000157       0.10798312593922646     
   575.20000000000152      -0.25944336286708403     
   576.00000000000148       -7.2038457356592062E-002
   576.80000000000143       0.26949874281960262     
   577.60000000000139        3.4741370747133460E-002
   578.40000000000134      -0.27440691006960899     
   579.20000000000130        3.1918396530801751E-003
   580.00000000000125       0.27406228604553629     
   580.80000000000121       -4.1037524827628180E-002
   581.60000000000116      -0.26846051428765044     
   582.40000000000111        7.8078200502866568E-002
   583.20000000000107       0.25770040910641789     
   584.00000000000102      -0.11361519139210863     
   584.80000000000098      -0.24198348573187661     
   585.60000000000093       0.14698033942078109     
   586.40000000000089       0.22161083728208875     
   587.20000000000084      -0.17754682931865673     
   588.00000000000080      -0.19697729024262486     
   588.80000000000075       0.20473925612941582     
   589.60000000000070       0.16856296625883938     
   590.40000000000066      -0.22804306801140573     
   591.20000000000061      -0.13692256767956473     
   592.00000000000057       0.24701346603877511     
   592.80000000000052       0.10267285429595893     
   593.60000000000048      -0.26128375011747484     
   594.40000000000043       -6.6478874955964662E-002
   595.20000000000039       0.27057298344159098     
   596.00000000000034        2.9039552747103792E-002
   596.80000000000030      -0.27469272273575190     
   597.60000000000025        8.9268118271774166E-003
   598.40000000000020       0.27355245512114873     
   599.20000000000016       -4.6696653134831956E-002
   600.00000000000011      -0.26716332484984695     
   600.80000000000007        8.3554538540906054E-002
   601.60000000000002       0.25563973868919021     
   602.39999999999998      -0.11880567161936739     
   603.19999999999993      -0.23919850769766957     
   603.99999999999989       0.15178746008021773     
   604.79999999999984       0.21815531193762655     
   605.59999999999980      -0.18188021854724506     
   606.39999999999975      -0.19291845096756777     
   607.19999999999970       0.20851713502740210     
   607.99999999999966       0.16398003868943994     
   608.79999999999961      -0.23119362786563125     
   609.59999999999957      -0.13190498324469718     
   610.39999999999952       0.24947616435675390     
   611.19999999999948        9.7318237068176050E-002
   611.99999999999943      -0.26301051565358480     
   612.79999999999939       -6.0890892438808297E-002
   613.59999999999934       0.27152930021970478     
   614.39999999999930        2.3325720840650266E-002
   615.19999999999925      -0.27485854340241894     
   615.99999999999920        1.4657292562749724E-002
   616.79999999999916       0.27292288284847144     
   617.59999999999911       -5.2334971765100213E-002
   618.39999999999907      -0.26574900100818777     
   619.19999999999902        8.8994220939365321E-002
   619.99999999999898       0.25346687867778378     
   620.79999999999893      -0.12394438516298439     
   621.59999999999889      -0.23630854200308163     
   622.39999999999884       0.15652868120874000     
   623.19999999999879       0.21460411474619590     
   623.99999999999875      -0.18613478097061398     
   624.79999999999870      -0.18877516865476332     
   625.59999999999866       0.21220467855495687     
   626.39999999999861       0.15932555849098307     
   627.19999999999857      -0.23424396282226201     
   627.99999999999852      -0.12683010640012904     
   628.79999999999848       0.25183055547605682     
   629.59999999999843        9.1921639211030109E-002
   630.39999999999839      -0.26462287174821986     
   631.19999999999834       -5.5276962543144653E-002
   631.99999999999829       0.27236723552478470     
   632.79999999999825        1.7602366326793739E-002
   633.59999999999820      -0.27490425967375198     
   634.39999999999816        2.0380799874948952E-002
   635.19999999999811       0.27217381130521356     
   635.99999999999807       -5.7950052531839713E-002
   636.79999999999802      -0.26421814064403326     
   637.59999999999798        9.4394913898542987E-002
   638.39999999999793       0.25118277431705027     
   639.19999999999789      -0.12902913049887960     
   639.99999999999784      -0.23331486330473983     
   640.79999999999779       0.16120196923055347     
   641.59999999999775       0.21095882330841603     
   642.39999999999770      -0.19030868394753719     
   643.19999999999766      -0.18454928914620333     
   643.99999999999761       0.21580028567433462     
   644.79999999999757       0.15460159770313700     
   645.59999999999752      -0.23719273272880440     
   646.39999999999748      -0.12170018851514618     
   647.19999999999743       0.25407558764099830     
   647.99999999999739        8.6485442301985127E-002
   648.79999999999734      -0.26612007927306142     
   649.59999999999729       -4.9639547117111271E-002
   650.39999999999725       0.27308638275391278     
   651.19999999999720        1.1871981910192619E-002
   651.99999999999716      -0.27482981227031211     
   652.79999999999711        2.6094857267511706E-002
   653.59999999999707       0.27130553661680301     
   654.39999999999702       -6.3539478794203963E-002
   655.19999999999698      -0.26257139479221614     
   655.99999999999693        9.9754301115770161E-002
   656.79999999999688       0.24878842175454047     
   657.59999999999684      -0.13405772939067084     
   658.39999999999679      -0.23021879394140013     
   659.19999999999675       0.16580531891676151     
   659.99999999999670       0.20722105828366771     
   660.79999999999666      -0.19440012771550175     
   661.59999999999661      -0.18024269520105912     
   662.39999999999657       0.21930239282505193     
   663.19999999999652       0.14981025838067014     
   663.99999999999648      -0.24003863939409209     
   664.79999999999643      -0.11651750385732268     
   665.59999999999638       0.25621025485690413     
   666.39999999999634        8.1012043349032614E-002
   667.19999999999629      -0.26750144799962067     
   667.99999999999625       -4.3981115726602654E-002
   668.79999999999620       0.27368638689422753     
   669.59999999999616        6.1370606918994541E-003
   670.39999999999611      -0.27463519533582309     
   671.19999999999607        3.1796994499011910E-002
   671.99999999999602       0.27031840874098439     
   672.79999999999598       -6.9100846451653097E-002
   673.59999999999593      -0.26080946732722821     
   674.39999999999588       0.10507008484012748     
   675.19999999999584       0.24628486779690892     
   675.99999999999579      -0.13902802760659985     
   676.79999999999575      -0.22702170336514335     
   677.59999999999570       0.17033675395577816     
   678.39999999999566       0.20339248239131591     
   679.19999999999561      -0.19840734617100181     
   679.99999999999557      -0.17585730546844081     
   680.79999999999552       0.22270947473230251     
   681.59999999999548       0.14495367167142165     
   682.39999999999543      -0.24278042712056286     
   683.19999999999538      -0.11128434849513841     
   683.99999999999534       0.25823359730760398     
   684.79999999999529        7.5503853505787449E-002
   685.59999999999525      -0.26876633712408560     
   686.39999999999520       -3.8304144516289884E-002
   687.19999999999516       0.27416694494603799     
   687.99999999999511        4.0009523618012022E-004
   688.79999999999507      -0.27432045651398551     
   689.59999999999502        3.7484748559240333E-002
   690.39999999999498       0.26921283133957596     
   691.19999999999493       -7.4631764971206327E-002
   691.99999999999488      -0.25893311478824144     
   692.79999999999484       0.11033998671922929     
   693.59999999999479       0.24367320951947666     
   694.39999999999475      -0.14393789560179429     
   695.19999999999470      -0.22372500739802387     
   695.99999999999466       0.17479432769411507     
   696.79999999999461       0.19947479949722580     
   697.59999999999457      -0.20232860765663835     
   698.39999999999452      -0.17139507356367775     
   699.19999999999447       0.22602004505072851     
   699.99999999999443       0.14003399677766698     
   700.79999999999438      -0.24541688322482058     
   701.59999999999434      -0.10600303909273612     
   702.39999999999429       0.26014470190157002     
   703.19999999999425        6.9963296888428506E-002
   703.99999999999420      -0.26991415576939720     
   704.79999999999416       -3.2611115164375759E-002
   705.59999999999411       0.27452780619705169     
   706.39999999999407       -5.3364234473313177E-003
   707.19999999999402      -0.27388569701024451     
   707.99999999999397        4.3155664706431673E-002
   708.79999999999393       0.26798926173254856     
   709.59999999999388       -8.0129858313422619E-002
   710.39999999999384      -0.25694314615270702     
   711.19999999999379       0.11556174857699558     
   711.99999999999375       0.24095459374172867     
   712.79999999999370      -0.14878522927905852     
   713.59999999999366      -0.22033016748412942     
   714.39999999999361       0.17917612391859011     
   715.19999999999357       0.19546975376740561     
   715.99999999999352      -0.20616221565988668     
   716.79999999999347      -0.16685798709751973     
   717.59999999999343       0.22923265696380410     
   718.39999999999338       0.13505341982601562     
   719.19999999999334      -0.24794683862777164     
   719.99999999999329      -0.10067591173609497     
   720.79999999999325       0.26194270283186888     
   721.59999999999320        6.4392809466478101E-002
   722.39999999999316      -0.27094436339415373     
   723.19999999999311       -2.6904513806371932E-002
   723.99999999999307       0.27476877245558851     
   724.79999999999302       -1.1070006972568491E-002
   725.59999999999297      -0.27333107169638521     
   726.39999999999293        4.8807297451943288E-002
   727.19999999999288       0.26664821082967105     
   727.99999999999284       -8.5592765796012604E-002
   728.79999999999279      -0.25484042251225836     
   729.59999999999275       0.12073313322487833     
   730.39999999999270       0.23813021647097732     
   731.19999999999266      -0.15356795078310781     
   731.99999999999261      -0.21683868997159650     
   732.79999999999256       0.18348025758851927     
   733.59999999999252       0.19137912879104166     
   734.39999999999247      -0.20990650947425901     
   735.19999999999243      -0.16224806663706851     
   735.99999999999238       0.23234590381986744     
   736.79999999999234       0.13001415274160399     
   737.59999999999229      -0.25036916845721718     
   738.39999999999225       -9.5305320800671611E-002
   739.19999999999220       0.26362678208055712     
   739.99999999999216        5.8794837939697780E-002
   740.79999999999211      -0.27185647016869741     
   741.59999999999206       -2.1186829931180762E-002
   742.39999999999202       0.27488969829818349     
   743.19999999999197       -1.6798170614807706E-002
   743.99999999999193      -0.27265678919286207     
   744.79999999999188        5.4437211505308114E-002
   745.59999999999184       0.26519024299643529     
   746.39999999999179       -9.1018142968121163E-002
   747.19999999999175      -0.25262585671528737     
   747.99999999999170       0.12585192528480538     
   748.79999999999166       0.23520132234293989     
   749.59999999999161      -0.15828400926673813     
   750.39999999999156      -0.21325212536329965     
   751.19999999999152       0.18770487554745049     
   751.99999999999147       0.18720474665903347     
   752.79999999999143      -0.21355986487300932     
   753.59999999999138      -0.15756736465740306     
   754.39999999999134       0.23535841976853056     
   755.19999999999129       0.12491843212996763     
   755.99999999999125      -0.25268279262438104     
   756.79999999999120       -8.9893637810546628E-002
   757.59999999999116       0.26519616990507644     
   758.39999999999111        5.3171838608547017E-002
   759.19999999999106      -0.27265003734381260     
   759.99999999999102       -1.5460555292901357E-002
   760.79999999999097       0.27489049129248322     
   761.59999999999093       -2.2518434330949466E-002
   762.39999999999088      -0.27186311191353191     
   763.19999999999084        6.0042982713534643E-002
   763.99999999999079       0.26361597588898256     
   764.79999999999075       -9.6403662477514473E-002
   765.59999999999070      -0.25030041298114158     
   766.39999999999065       0.13091593200017881     
   767.19999999999061       0.23216920403053515     
   767.99999999999056      -0.16293138164864779     
   768.79999999999052      -0.20957206753940580     
   769.59999999999047       0.19184815722933399     
   770.39999999999043       0.18294846702037554     
   771.19999999999038      -0.21712069477727430     
   771.99999999999034      -0.15281796447788545     
   772.79999999999029       0.23826888039192992     
   773.59999999999025       0.11976851815530658     
   774.39999999999020      -0.25488667638829821     
   775.19999999999015       -8.4443250299363698E-002
   775.99999999999011       0.26665014530400832     
   776.79999999999006        4.7526276244011761E-002
   777.59999999999002      -0.27332467760115775     
   778.39999999998997       -9.7281828287593131E-003
   779.19999999998993       0.27477111220233635     
   779.99999999998988       -2.8228323760564389E-002
   780.79999999998984      -0.27095035607636964     
   781.59999999998979        6.5622198987266789E-002
   782.39999999998975       0.26192608024887987     
   783.19999999998970      -0.10174701493733646     
   783.99999999998965      -0.24786510648915935     
   784.79999999998961       0.13592298403766281     
   785.59999999998956       0.22903520162928645     
   786.39999999998952      -0.16750807335308651     
   787.19999999998947      -0.20580015294340009     
   787.99999999998943       0.19590831536173375     
   788.79999999998938       0.17861218611298865     
   789.59999999998934      -0.22058744992916399     
   790.39999999998929      -0.14800197919709540     
   791.19999999998925       0.24107600332176832     
   791.99999999998920       0.11456669341520609     
   792.79999999998915      -0.25697983089817306     
   793.59999999998911       -7.8956560658942021E-002
   794.39999999998906       0.26798803647561170     
   795.19999999998902        4.1860622963929645E-002
   795.99999999998897      -0.27388005539138138     
   796.79999999998893       -3.9922056004159101E-003
   797.59999999998888       0.27453157515416604     
   798.39999999998884       -3.3925371220163369E-002
   799.19999999998879      -0.26991889167800254     
