   0.0000000000000000      -0.68909513063839745     
  0.80000000000000004      -0.50483713103935313     
   1.6000000000000001      -0.43141272268611497     
   2.4000000000000004      -0.49965392829130606     
   3.2000000000000002      -0.15205631592231511     
   4.0000000000000000       0.72541066913096852     
   4.7999999999999998        1.2726613227917369     
   5.5999999999999996       0.63202215540940565     
   6.3999999999999995      -0.74108040800663644     
   7.1999999999999993       -1.4695485516555660     
   7.9999999999999991      -0.73656895582971593     
   8.7999999999999989       0.59703127142539802     
   9.5999999999999996        1.1674581042529519     
   10.400000000000000       0.57883254507398085     
   11.200000000000001      -0.24711317109005493     
   12.000000000000002      -0.43152374376473135     
   12.800000000000002      -0.13212098846319198     
   13.600000000000003       -8.3379613406902198E-002
   14.400000000000004      -0.42774434579006637     
   15.200000000000005      -0.49408414852658744     
   16.000000000000004       0.16369422328274930     
   16.800000000000004       0.95725770874514482     
   17.600000000000005       0.85959104045178192     
   18.400000000000006      -0.17877107176033813     
   19.200000000000006       -1.0680894990976508     
   20.000000000000007      -0.82738778801574608     
   20.800000000000008       0.18147134236443430     
   21.600000000000009       0.78895494112236619     
   22.400000000000009       0.45706751710775284     
   23.200000000000010      -0.16540196155914721     
   24.000000000000011      -0.24085227309310919     
   24.800000000000011       0.14847706487788936     
   25.600000000000012       0.22844100676456877     
   26.400000000000013      -0.28431632902839576     
   27.200000000000014      -0.70305960315634219     
   28.000000000000014      -0.30111750260360731     
   28.800000000000015       0.59976451853646728     
   29.600000000000016       0.93059590959831628     
   30.400000000000016       0.23677967845798364     
   31.200000000000017      -0.68120415762045416     
   32.000000000000014      -0.77606954743220169     
   32.800000000000011       -4.5034034254766042E-002
   33.600000000000009       0.53405027064903998     
   34.400000000000006       0.31847052911897106     
   35.200000000000003      -0.22780461200708774     
   36.000000000000000      -0.26143019858881567     
   36.799999999999997       0.25039382581266223     
   37.599999999999994       0.49878859332693104     
   38.399999999999991       -4.5078862589676971E-003
   39.199999999999989      -0.67972503093749870     
   39.999999999999986      -0.60059563856636611     
   40.799999999999983       0.22922857201593094     
   41.599999999999980       0.82275177499407559     
   42.399999999999977       0.45553579514501574     
   43.199999999999974      -0.38332852892353420     
   43.999999999999972      -0.65802603161789275     
   44.799999999999969      -0.11524739021201258     
   45.599999999999966       0.43951196282583449     
   46.399999999999963       0.27372932233832892     
   47.199999999999960      -0.30330350755469671     
   47.999999999999957      -0.40962636854592960     
   48.799999999999955       0.16204586041117364     
   49.599999999999952       0.63000155980211159     
   50.399999999999949       0.28568002488375444     
   51.199999999999946      -0.49795858108499458     
   51.999999999999943      -0.71715967709295469     
   52.799999999999940       -6.3792676809728333E-002
   53.599999999999937       0.64433348525185519     
   54.399999999999935       0.53076556626938420     
   55.199999999999932      -0.20150505076550806     
   55.999999999999929      -0.57528393106046094     
   56.799999999999926      -0.14636999215047175     
   57.599999999999923       0.43397674054326729     
   58.399999999999920       0.34180155510911736     
   59.199999999999918      -0.28900956517860132     
   59.999999999999915      -0.55483000762650936     
   60.799999999999912       -3.2707880986390214E-002
   61.599999999999909       0.61048111232127067     
   62.399999999999906       0.49583690856868695     
   63.199999999999903      -0.26747297467562875     
   63.999999999999901      -0.70475884238199960     
   64.799999999999898      -0.25564354639263875     
   65.599999999999895       0.47897142743989418     
   66.399999999999892       0.54957715780810357     
   67.199999999999889       -8.9660725697119359E-002
   67.999999999999886      -0.54751019988820726     
   68.799999999999883      -0.21395010418017452     
   69.599999999999881       0.42360546956007200     
   70.399999999999878       0.46163122981587856     
   71.199999999999875      -0.17652289553514366     
   71.999999999999872      -0.62340506919502559     
   72.799999999999869      -0.24172254782877212     
   73.599999999999866       0.49099213255363550     
   74.399999999999864       0.60691709299598740     
   75.199999999999861       -5.6786897802959424E-002
   75.999999999999858      -0.63232166253284960     
   76.799999999999855      -0.37539160589926690     
   77.599999999999852       0.34634761313951057     
   78.399999999999849       0.56497089921454391     
   79.199999999999847        1.0824636277153910E-002
   79.999999999999844      -0.53789999691549084     
   80.799999999999841      -0.32376598185170363     
   81.599999999999838       0.35899262528934800     
   82.399999999999835       0.56644849591484225     
   83.199999999999832       -8.5140116964448342E-003
   83.999999999999829      -0.60469016900976391     
   84.799999999999827      -0.41144403995300310     
   85.599999999999824       0.32939927154491339     
   86.399999999999821       0.64124518353880178     
   87.199999999999818       0.11493456510004219     
   87.999999999999815      -0.54182065460395601     
   88.799999999999812      -0.46018318674660491     
   89.599999999999810       0.22844298569903315     
   90.399999999999807       0.58352937163152896     
   91.199999999999804       0.12898910396970431     
   91.999999999999801      -0.50541007614204247     
   92.799999999999798      -0.44514924930511918     
   93.599999999999795       0.23836825307710746     
   94.399999999999793       0.61958388982741108     
   95.199999999999790       0.16875913884577287     
   95.999999999999787      -0.52079444368738326     
   96.799999999999784      -0.52656730220717451     
   97.599999999999781       0.16193135667858949     
   98.399999999999778       0.62766245540531174     
   99.199999999999775       0.25496929219070996     
   99.999999999999773      -0.44402971898913646     
   100.79999999999977      -0.52885569055579718     
   101.59999999999977       0.10409859054783777     
   102.39999999999976       0.58801937045959407     
   103.19999999999976       0.26227478796321585     
   103.99999999999976      -0.43042063217219567     
   104.79999999999976      -0.54549884207876198     
   105.59999999999975        8.3726736406380176E-002
   106.39999999999975       0.61388895492276185     
   107.19999999999975       0.32597856379576479     
   107.99999999999974      -0.39887003753327060     
   108.79999999999974      -0.59212255126582891     
   109.59999999999974        2.4160415867927609E-003
   110.39999999999974       0.58359949598999161     
   111.19999999999973       0.37390699808316930     
   111.99999999999973      -0.33413609260484323     
   112.79999999999973      -0.58064096259944797     
   113.59999999999972       -3.4041653078762835E-002
   114.39999999999972       0.56075977084194584     
   115.19999999999972       0.39279925571188323     
   115.99999999999972      -0.31470241351036921     
   116.79999999999971      -0.60550315545553557     
   117.59999999999971       -8.0203417532048848E-002
   118.39999999999971       0.55818710448910436     
   119.19999999999970       0.45085532109921816     
   119.99999999999970      -0.25807460553256972     
   120.79999999999970      -0.61722076260542669     
   121.59999999999970      -0.14671472740911251     
   122.39999999999969       0.51427889659954329     
   123.19999999999969       0.47469816466724957     
   123.99999999999969      -0.20703909546276078     
   124.79999999999968      -0.60578086890260763     
   125.59999999999968      -0.17967174097314514     
   126.39999999999968       0.49424947257259660     
   127.19999999999968       0.50204044574689999     
   127.99999999999967      -0.17130723010191395     
   128.79999999999967      -0.61946511926160830     
   129.59999999999968      -0.23534535392276390     
   130.39999999999969       0.46519485327377508     
   131.19999999999970       0.54060707769758087     
   131.99999999999972      -0.10887486557954928     
   132.79999999999973      -0.60740329160114692     
   133.59999999999974      -0.28438153640576247     
   134.39999999999975       0.41960337836657413     
   135.19999999999976       0.55270617456269289     
   135.99999999999977       -6.4226875262639815E-002
   136.79999999999978      -0.59546041183697851     
   137.59999999999980      -0.31992258529694495     
   138.39999999999981       0.39125198959150709     
   139.19999999999982       0.57761575517906327     
   139.99999999999983       -1.5473130228110588E-002
   140.79999999999984      -0.58990120183161510     
   141.59999999999985      -0.37087619181413262     
   142.39999999999986       0.34571460024177120     
   143.19999999999987       0.59518207317588856     
   143.99999999999989        4.2535291682862297E-002
   144.79999999999990      -0.56442894123637688     
   145.59999999999991      -0.40647613893276413     
   146.39999999999992       0.30051527198846550     
   147.19999999999993       0.60043339752381431     
   147.99999999999994        8.6522005086091203E-002
   148.79999999999995      -0.54639920848920009     
   149.59999999999997      -0.44177950532607002     
   150.39999999999998       0.26056078138195304     
   151.19999999999999       0.61386689265520966     
   152.00000000000000       0.13977205070754251     
   152.80000000000001      -0.52250937772764394     
   153.60000000000002      -0.48041903445987777     
   154.40000000000003       0.20802372636754929     
   155.20000000000005       0.61419485140592323     
   156.00000000000006       0.19023104609148300     
   156.80000000000007      -0.48919477523727084     
   157.60000000000008      -0.50618499330160083     
   158.40000000000009       0.16170955130863551     
   159.20000000000010       0.61187350477949987     
   160.00000000000011       0.23435446299090218     
   160.80000000000013      -0.46100778504023626     
   161.60000000000014      -0.53529745555383779     
   162.40000000000015       0.11295663015985846     
   163.20000000000016       0.60987198863626657     
   164.00000000000017       0.28427713721891479     
   164.80000000000018      -0.42364553622598267     
   165.60000000000019      -0.55948007755059992     
   166.40000000000020        5.9432059260122960E-002
   167.20000000000022       0.59697119959247003     
   168.00000000000023       0.32698217625928622     
   168.80000000000024      -0.38434687548851060     
   169.60000000000025      -0.57624364124292848     
   170.40000000000026        1.1292570791300194E-002
   171.20000000000027       0.58462283738035836     
   172.00000000000028       0.36834151361480555     
   172.80000000000030      -0.34558801060268068     
   173.60000000000031      -0.59420760414563989     
   174.40000000000032       -4.0981382799312183E-002
   175.20000000000033       0.56746631488621957     
   176.00000000000034       0.40993344033948959     
   176.80000000000035      -0.29988823259567660     
   177.60000000000036      -0.60441142929497849     
   178.40000000000038       -9.2320740642711563E-002
   179.20000000000039       0.54385440007223496     
   180.00000000000040       0.44468288474599676     
   180.80000000000041      -0.25528380579925308     
   181.60000000000042      -0.61101436359775496     
   182.40000000000043      -0.14083636906712504     
   183.20000000000044       0.52006915380878482     
   184.00000000000045       0.47917514543865203     
   184.80000000000047      -0.20845352927514038     
   185.60000000000048      -0.61535818090991334     
   186.40000000000049      -0.19150240429193677     
   187.20000000000050       0.49021045503427385     
   188.00000000000051       0.50991775118186511     
   188.80000000000052      -0.15844852905492968     
   189.60000000000053      -0.61262933699297650     
   190.40000000000055      -0.23869016652598585     
   191.20000000000056       0.45731321871338182     
   192.00000000000057       0.53560199506991557     
   192.80000000000058      -0.10979991636218300     
   193.60000000000059      -0.60758868460595328     
   194.40000000000060      -0.28455372110189892     
   195.20000000000061       0.42264468740194472     
   196.00000000000063       0.55976258117945865     
   196.80000000000064       -5.8727761029903180E-002
   197.60000000000065      -0.59806674186870912     
   198.40000000000066      -0.32966000491187575     
   199.20000000000067       0.38313330825075664     
   200.00000000000068       0.57855249669612940     
   200.80000000000069       -7.4787115624015410E-003
   201.60000000000070      -0.58330589131511579     
   202.40000000000072      -0.37080859192436905     
   203.20000000000073       0.34228412480304188     
   204.00000000000074       0.59354641416868203     
   204.80000000000075        4.2868687349414736E-002
   205.60000000000076      -0.56601707892791775     
   206.40000000000077      -0.41055461394261411     
   207.20000000000078       0.29891581059260358     
   208.00000000000080       0.60528403207638859     
   208.80000000000081        9.4233554853430435E-002
   209.60000000000082      -0.54378604336823255     
   210.40000000000083      -0.44731610415149414     
   211.20000000000084       0.25273223662132471     
   212.00000000000085       0.61164946056437131     
   212.80000000000086       0.14406281837771273     
   213.60000000000088      -0.51791087793301882     
   214.40000000000089      -0.48032705577635665     
   215.20000000000090       0.20584233869988261     
   216.00000000000091       0.61457377335831564     
   216.80000000000092       0.19300840231847244     
   217.60000000000093      -0.48905438495919545     
   218.40000000000094      -0.51093562828384020     
   219.20000000000095       0.15685074493561013     
   220.00000000000097       0.61314606066606714     
   220.80000000000098       0.24114697922472450     
   221.60000000000099      -0.45600411948253305     
   222.40000000000100      -0.53739896700870304     
   223.20000000000101       0.10685690992227170     
   224.00000000000102       0.60699601087715493     
   224.80000000000103       0.28691733004805736     
   225.60000000000105      -0.42034173378496326     
   226.40000000000106      -0.56021816964411575     
   227.20000000000107        5.6543788712223542E-002
   228.00000000000108       0.59727573936174494     
   228.80000000000109       0.33118462254983427     
   229.60000000000110      -0.38172566972050481     
   230.40000000000111      -0.57953058084789266     
   231.20000000000113        5.2906627238223924E-003
   232.00000000000114       0.58299479164340140     
   232.80000000000115       0.37311976265934726     
   233.60000000000116      -0.34014863861476935     
   234.40000000000117      -0.59433757147663746     
   235.20000000000118       -4.5633460032631135E-002
   236.00000000000119       0.56471366479975804     
   236.80000000000121       0.41219622512784848     
   237.60000000000122      -0.29666386036763259     
   238.40000000000123      -0.60535740259883619     
   239.20000000000124       -9.6277003625959034E-002
   240.00000000000125       0.54278127678190813     
   240.80000000000126       0.44881308894165828     
   241.60000000000127      -0.25085469834322771     
   242.40000000000128      -0.61215422535098651     
   243.20000000000130      -0.14648365610624381     
   244.00000000000131       0.51674856548253645     
   244.80000000000132       0.48208054727474819     
   245.60000000000133      -0.20334379815210951     
   246.40000000000134      -0.61450630823950925     
   247.20000000000135      -0.19538489076498849     
   248.00000000000136       0.48736220979726447     
   248.80000000000138       0.51204184650627727     
   249.60000000000139      -0.15461550583438655     
   250.40000000000140      -0.61286761186152361     
   251.20000000000141      -0.24313519784453363     
   252.00000000000142       0.45459053453713838     
   252.80000000000143       0.53862396380426214     
   253.60000000000144      -0.10459312121100728     
   254.40000000000146      -0.60680780427890690     
   255.20000000000147      -0.28919661204597003     
   256.00000000000148       0.41853629874816234     
   256.80000000000149       0.56127518019631251     
   257.60000000000150       -5.4002939029679453E-002
   258.40000000000151      -0.59655391140574210     
   259.20000000000152      -0.33314276071834747     
   260.00000000000153       0.37977731363693912     
   260.80000000000155       0.58017878367148290     
   261.60000000000156       -3.0334497445615449E-003
   262.40000000000157      -0.58227765392779129     
   263.20000000000158      -0.37495434665198402     
   264.00000000000159       0.33828373588342431     
   264.80000000000160       0.59505861594366682     
   265.60000000000161        4.8053337939892082E-002
   266.40000000000163      -0.56382239328035577     
   267.20000000000164      -0.41407804018124605     
   268.00000000000165       0.29446647967638895     
   268.80000000000166       0.60573134527087835     
   269.60000000000167        9.8683814947218562E-002
   270.40000000000168      -0.54155284833740869     
   271.20000000000169      -0.45035214367610932     
   272.00000000000171       0.24870081624658569     
   272.80000000000172       0.61232128516920481     
   273.60000000000173       0.14871432045541433     
   274.40000000000174      -0.51552988188144377     
   275.20000000000175      -0.48358644779411042     
   276.00000000000176       0.20112735715512631     
   276.80000000000177       0.61459780639109507     
   277.60000000000178       0.19771766972667626     
   278.40000000000180      -0.48587862178605035     
   279.20000000000181      -0.51339458042371411     
   280.00000000000182       0.15223368696386042     
   280.80000000000183       0.61261823176326535     
   281.60000000000184       0.24530705310317313     
   282.40000000000185      -0.45294576601213010     
   283.20000000000186      -0.53971068909281028     
   284.00000000000188       0.10229304408548123     
   284.80000000000189       0.60644077441660327     
   285.60000000000190       0.29127522427850333     
   286.40000000000191      -0.41683660582985244     
   287.20000000000192      -0.56229369876018387     
   288.00000000000193        5.1608724319141985E-002
   288.80000000000194       0.59599911357998925     
   289.60000000000196       0.33519537262710747     
   290.40000000000197      -0.37785230262375907     
   291.20000000000198      -0.58095011737268931     
   292.00000000000199        6.2377149641112961E-004
   292.80000000000200       0.58146405054814654     
   293.60000000000201       0.37680743459883892     
   294.40000000000202      -0.33629686845590967     
   295.20000000000203      -0.59563360353503114     
   296.00000000000205       -5.0396605886732893E-002
   296.80000000000206       0.56289910565113710     
   297.60000000000207       0.41585123282536918     
   298.40000000000208      -0.29238410781440005     
   299.20000000000209      -0.60616438814914875     
   300.00000000000210      -0.10106898643290352     
   300.80000000000211       0.54040860077103281     
   301.60000000000213       0.45199029507796451     
   302.40000000000214      -0.24648478178644340     
   303.20000000000215      -0.61249745439507652     
   304.00000000000216      -0.15102274942374361     
   304.80000000000217       0.51420942283623916     
   305.60000000000218       0.48503247130463650     
   306.40000000000219      -0.19889094085786102     
   307.20000000000221      -0.61460769140214500     
   308.00000000000222      -0.19996564794863669     
   308.80000000000223       0.48443318289050297     
   309.60000000000224       0.51472511308097468     
   310.40000000000225      -0.14991272249342036     
   311.20000000000226      -0.61243314348182243     
   312.00000000000227      -0.24751529402419559     
   312.80000000000229       0.45130811186561537     
   313.60000000000230       0.54084537090879525     
   314.40000000000231       -9.9927728890653933E-002
   315.20000000000232      -0.60602897295972846     
   316.00000000000233      -0.29336115270770591     
   316.80000000000234       0.41508057570994572     
   317.60000000000235       0.56324660388601056     
   318.40000000000236       -4.9244337129707771E-002
   319.20000000000238      -0.59542416367247164     
   320.00000000000239      -0.33719932728368701     
   320.80000000000240       0.37597161208400248     
   321.60000000000241       0.58174027746935475     
   322.40000000000242        1.7761731037224671E-003
   323.20000000000243      -0.58068107300085103     
   324.00000000000244      -0.37869891537923162     
   324.80000000000246       0.33428130121078581     
   325.60000000000247       0.59620824420149832     
   326.40000000000248        5.2773288777971716E-002
   327.20000000000249      -0.56192796568450121     
   328.00000000000250      -0.41759697661015599     
   328.80000000000251       0.29028923519104238     
   329.60000000000252       0.60655748556620503     
   330.40000000000254       0.10341852699983345     
   331.20000000000255      -0.53927461355632578     
   332.00000000000256      -0.45361477045612553     
   332.80000000000257       0.24429206494024291     
   333.60000000000258       0.61269504100056738     
   334.40000000000259       0.15334501690632563     
   335.20000000000260      -0.51288775503930950     
   336.00000000000261      -0.48649502370240688     
   336.80000000000263       0.19662490515766756     
   337.60000000000264       0.61459385338693950     
   338.40000000000265       0.20221619512694078     
   339.20000000000266      -0.48295902090207299     
   340.00000000000267      -0.51602409936906546     
   340.80000000000268       0.14760183345560840     
   341.60000000000269       0.61223358579974319     
   342.40000000000271       0.24970123469786681     
   343.20000000000272      -0.44968457410558133     
   344.00000000000273      -0.54198301040008934     
   344.80000000000274        9.7565539384626421E-002
   345.60000000000275       0.60562478583236345     
   346.40000000000276       0.29546099888478544     
   347.20000000000277      -0.41330872786113121     
   348.00000000000279      -0.56419502927142606     
   348.80000000000280        4.6864614431093687E-002
   349.60000000000281       0.59482375351041838     
   350.40000000000282       0.33918969717692138     
   351.20000000000283      -0.37408144760513995     
   352.00000000000284      -0.58250856050675170     
   352.80000000000285       -4.1618657688706762E-003
   353.60000000000286       0.57989675614925240     
   354.40000000000288       0.38058147063116587     
   355.20000000000289      -0.33227225505996483     
   356.00000000000290      -0.59678664473152421     
   356.80000000000291       -5.5155640667934991E-002
   357.60000000000292       0.56095136031885107     
   358.40000000000293       0.41934655565234247     
   359.20000000000294      -0.28817885965997214     
   360.00000000000296      -0.60693557690771427     
   360.80000000000297      -0.10576913500834517     
   361.60000000000298       0.53812332648987804     
   362.40000000000299       0.45522251572888422     
   363.20000000000300      -0.24210063427621048     
   364.00000000000301      -0.61288095216781602     
   364.80000000000302      -0.15565706453366696     
   365.60000000000304       0.51156707994125172     
   366.40000000000305       0.48795470113266687     
   367.20000000000306      -0.19435807920284459     
   368.00000000000307      -0.61457784353392164     
   368.80000000000308      -0.20447132617377206     
   369.60000000000309       0.48147369975323362     
   370.40000000000310       0.51731715304185966     
   371.20000000000312      -0.14528249337217702     
   372.00000000000313      -0.61201788802288748     
   372.80000000000314      -0.25188001114415171     
   373.60000000000315       0.44805248004834008     
   374.40000000000316       0.54310690557181973     
   375.20000000000317       -9.5207818651087406E-002
   376.00000000000318      -0.60521442726704944     
   376.80000000000319      -0.29755489988248957     
   377.60000000000321       0.41153557831931248     
   378.40000000000322       0.56514023793020440     
   379.20000000000323       -4.4481600874723748E-002
   380.00000000000324      -0.59421572189360450     
   380.80000000000325      -0.34117926063326476     
   381.60000000000326       0.37218098820350898     
   382.40000000000327       0.58326568504926446     
   383.20000000000329        6.5487139392111926E-003
   384.00000000000330      -0.57909975780221301     
   384.80000000000331      -0.38245418075809468     
   385.60000000000332       0.33026019657247307     
   386.40000000000333       0.59735491503311178     
   387.20000000000334        5.7533790396414819E-002
   388.00000000000335      -0.55996991189085354     
   388.80000000000337      -0.42109159754409969     
   389.60000000000338       0.28606514734618277     
   390.40000000000339       0.60730750558740620     
   391.20000000000340       0.10812132406878050     
   392.00000000000341      -0.53696233605365451     
   392.80000000000342      -0.45682424394580506     
   393.60000000000343       0.23990290096252692     
   394.40000000000344       0.61305471703914582     
   395.20000000000346       0.15796541021413157     
   396.00000000000347      -0.51023785581311720     
   396.80000000000348      -0.48940465388869342     
   397.60000000000349       0.19209080780908411     
   398.40000000000350       0.61455372793216845     
   399.20000000000351       0.20672269037119911     
   400.00000000000352      -0.47998320372815223     
   400.80000000000354      -0.51860459732459441     
   401.60000000000355       0.14295993654367389     
   402.40000000000356       0.61179354407931463     
   403.20000000000357       0.25405682384816564     
   404.00000000000358      -0.44641167217661593     
   404.80000000000359      -0.54422164894758063     
   405.60000000000360        9.2848107591215978E-002
   406.40000000000362       0.60479323626985504     
   407.20000000000363       0.29964261301644041     
   408.00000000000364      -0.40975701699231365     
   408.80000000000365      -0.56607639969644707     
   409.60000000000366        4.2099357903532253E-002
   410.40000000000367       0.59360020557413362     
   411.20000000000368       0.34316439513866021     
   412.00000000000369      -0.37027537442443476     
   412.80000000000371      -0.58401526537876169     
   413.60000000000372       -8.9367814809495627E-003
   414.40000000000373       0.57829335604732457     
   415.20000000000374       0.38432151292511429     
   416.00000000000375      -0.32824202706137173     
   416.80000000000376      -0.59791294922939342     
   417.60000000000377       -5.9910531766493635E-002
   418.40000000000379       0.55897961230483617     
   419.20000000000380       0.42282928722405533     
   420.00000000000381      -0.28394816218879393     
   420.80000000000382      -0.60767071788965321     
   421.60000000000383      -0.11047157020022669     
   422.40000000000384       0.53579411046326986     
   423.20000000000385       0.45841999155147550     
   424.00000000000387      -0.23770114667020326     
   424.80000000000388      -0.61321947497923757     
   425.60000000000389      -0.16027215552133034     
   426.40000000000390       0.50890009800674674     
   427.20000000000391       0.49084683843145205     
   428.00000000000392      -0.18982039337816736     
   428.80000000000393      -0.61451959195904815     
   429.60000000000394      -0.20897023462236364     
   430.40000000000396       0.47848576999821424     
   431.20000000000397       0.51988397863002311     
   432.00000000000398      -0.14063584536268170     
   432.80000000000399      -0.61156055785001806     
   433.60000000000400      -0.25623009400252306     
   434.40000000000401       0.44476432750800388     
   435.20000000000402       0.54532870586557480     
   436.00000000000404       -9.0486454415955708E-002
   436.80000000000405      -0.60436262307228716     
   437.60000000000406      -0.30172598848848431     
   438.40000000000407       0.40797178684556445     
   439.20000000000408       0.56700350176731928     
   440.00000000000409       -3.9716700088864410E-002
   440.80000000000410      -0.59297552369240414     
   441.60000000000412      -0.34514393364653828     
   442.40000000000413       0.36836460812914951     
   443.20000000000414       0.58475619774257648     
   444.00000000000415        1.1324568692109183E-002
   444.80000000000416      -0.57747856908042061     
   445.60000000000417      -0.38618342861319271     
   446.40000000000418       0.32621874810170898     
   447.20000000000420       0.59846205477085379     
   448.00000000000421        6.2286700556784425E-002
   448.80000000000422      -0.55798050404950961     
   449.60000000000423      -0.42456044705894563     
   450.40000000000424       0.28182678717752457     
   451.20000000000425       0.60802442415334346     
   452.00000000000426       0.11281985939616862     
   452.80000000000427      -0.53461789874386501     
   453.60000000000429      -0.46000871647839431     
   454.40000000000430       0.23549607872266148     
   455.20000000000431       0.61337520141686630     
   456.00000000000432       0.16257660055976619     
   456.80000000000433      -0.50755473211886992     
   457.60000000000434      -0.49228183747703713     
   458.40000000000435       0.18754689815802705     
   459.20000000000437       0.61447603811396367     
   460.00000000000438       0.21121471272250930     
   460.80000000000439      -0.47698089489467582     
   461.60000000000440      -0.52115529619672107     
   462.40000000000441       0.13830972808431552     
   463.20000000000442       0.61131822378535383     
   464.00000000000443       0.25839932588920134     
   464.80000000000445      -0.44311044319496806     
   465.60000000000446      -0.54642759175822730     
   466.40000000000447        8.8123509049836679E-002
   467.20000000000448       0.60392300640214169     
   468.00000000000449       0.30380497521955563     
   468.80000000000450      -0.40618033366956663     
   469.60000000000451      -0.56792208042392289     
   470.40000000000452        3.7333307871248222E-002
   471.20000000000454       0.59234170936489106     
   472.00000000000455       0.34711821017561240     
   472.80000000000456      -0.36644823519535563     
   473.60000000000457      -0.58548815048349401     
   474.40000000000458       -1.3712061016653565E-002
   475.20000000000459       0.57665507909162272     
   476.00000000000460       0.38803947421757462     
   476.80000000000462      -0.32419066611646336     
   477.60000000000463      -0.59900220460717102     
   478.40000000000464       -6.4661974913633680E-002
   479.20000000000465       0.55697298266385697     
   480.00000000000466       0.42628529688586114     
   480.80000000000467      -0.27970107556095203     
   481.60000000000468      -0.60836887657059169     
   482.40000000000470      -0.11516648610722491     
   483.20000000000471       0.53343350323532290     
   484.00000000000472       0.46159041021604447     
   484.80000000000473      -0.23328750344510724     
   485.60000000000474      -0.61352159689013996     
   486.40000000000475      -0.16487852238853085     
   487.20000000000476       0.50620176020146479     
   488.00000000000477       0.49370942911205495     
   488.80000000000479      -0.18527061436662406     
   489.60000000000480      -0.61442323553867606     
   490.40000000000481      -0.21345607609550832     
   491.20000000000482       0.47546878155216910     
   492.00000000000483       0.52241876062474391     
   492.80000000000484      -0.13598147486283696     
   493.60000000000485      -0.61106656042327390     
   494.40000000000487      -0.26056464283718817     
   495.20000000000488       0.44144984144992139     
   496.00000000000489       0.54751815931015801     
   496.80000000000490       -8.5759292897953587E-002
   497.60000000000491      -0.60347425138636723     
   498.40000000000492      -0.30587936405358318     
   499.20000000000493       0.40438279750732564     
   500.00000000000495       0.56883210981199839     
   500.80000000000496       -3.4949340117197636E-002
   501.60000000000497      -0.59169893177636124     
   502.40000000000498      -0.34908729481380396     
   503.20000000000499       0.36452629750654508     
   504.00000000000500       0.58621122246095647     
   504.80000000000501        1.6099360688762276E-002
   505.60000000000502      -0.57582281047117490     
   506.40000000000504      -0.38988963150398220     
   507.20000000000505       0.32215771418354827     
   508.00000000000506       0.59953326617525393     
   508.80000000000507        6.7036242657201206E-002
   509.60000000000508      -0.55595705302208920     
   510.40000000000509      -0.42800372497460032     
   511.20000000000510       0.27757116780965280     
   512.00000000000512       0.60870413854185690     
   512.80000000000507       0.11751140608685001     
   513.60000000000502      -0.53224101943690916     
   514.40000000000498      -0.46316514472002412     
   515.20000000000493       0.23107539516133813     
   516.00000000000489       0.61365866738904373     
   516.80000000000484       0.16717795326763618     
   517.60000000000480      -0.50484111774000018     
   518.40000000000475      -0.49512953853727015     
   519.20000000000471       0.18299156823179874     
   520.00000000000466       0.61436112440583124     
   520.80000000000462       0.21569421669881972     
   521.60000000000457      -0.47394949917525464     
   522.40000000000452      -0.52367434598967089     
   523.20000000000448       0.13365117362837475     
   524.00000000000443       0.61080563834924195     
   524.80000000000439       0.26272605269780946     
   525.60000000000434      -0.43978255458125770     
   526.40000000000430      -0.54860043883607790     
   527.20000000000425        8.3393783643603392E-002
   528.00000000000421       0.60301632882778200     
   528.80000000000416       0.30794912921899631     
   529.60000000000412      -0.40257916378208369     
   530.40000000000407      -0.56973352408534539     
   531.20000000000402        3.2564863693546275E-002
   532.00000000000398       0.59104719517007798     
   532.80000000000393       0.35105112118522297     
   533.60000000000389      -0.36259886975289146     
   534.40000000000384      -0.58692543052244761     
   535.20000000000380       -1.8486426921576204E-002
   536.00000000000375       0.57498180910595731     
   536.80000000000371       0.39173391247392830     
   537.60000000000366      -0.32011989910029981     
   538.40000000000362      -0.60005523561949814     
   539.20000000000357       -6.9409496793814474E-002
   540.00000000000352       0.55493269495917230     
   540.80000000000348       0.42971568371987723     
   541.60000000000343      -0.27543709187171783     
   542.40000000000339      -0.60903017898079059     
   543.20000000000334      -0.11985455303741988     
   544.00000000000330       0.53104048444102092     
   544.80000000000325       0.46473289252346900     
   545.60000000000321      -0.22885980998832728     
   546.40000000000316      -0.61378643864444360     
   547.20000000000312      -0.16947487498631797     
   548.00000000000307       0.50347282915708247     
   548.80000000000302       0.49654216415446184     
   549.60000000000298      -0.18070976985118836     
   550.40000000000293      -0.61428969089488528     
   551.20000000000289      -0.21792910374464503     
   552.00000000000284       0.47242305301682841     
   552.80000000000280       0.52492201147048290     
   553.60000000000275      -0.13131887204163639     
   554.40000000000271      -0.61053545867255998     
   555.20000000000266      -0.26488350721172682     
   556.00000000000261       0.43810862714179755     
   556.80000000000257       0.54967442512062137     
   557.60000000000252       -8.1027019397467814E-002
   558.40000000000248      -0.60254925985900432     
   559.20000000000243      -0.31001425612661765     
   560.00000000000239       0.40076945020805083     
   560.80000000000234       0.57062631159974564     
   561.60000000000230       -3.0179902128281255E-002
   562.40000000000225      -0.59038649454213643     
   563.20000000000221      -0.35300965085362912     
   564.00000000000216       0.36066597908381270     
   564.80000000000211       0.58763075263777675     
   565.60000000000207        2.0873210880230753E-002
   566.40000000000202      -0.57413209554958877     
   567.20000000000198      -0.39357228737169730     
   568.00000000000193       0.31807726152699506     
   568.80000000000189       0.60056811651294395     
   569.60000000000184        7.1781708285082013E-002
   570.40000000000180      -0.55389992595826065     
   571.20000000000175      -0.43142115566024136     
   572.00000000000171       0.27329886987698099     
   572.80000000000166       0.60934698682055011     
   573.60000000000161       0.12219589320833008     
   574.40000000000157      -0.52983190896467325     
   575.20000000000152      -0.46629362074838382     
   576.00000000000148       0.22664078648250469     
   576.80000000000143       0.61390490721721991     
   577.60000000000139       0.17176924627462831     
   578.40000000000134      -0.50209692343393098     
   579.20000000000130      -0.49794728902132629     
   580.00000000000125       0.17842525488131539     
   580.80000000000121       0.61420894204996790     
   581.60000000000116       0.22016071050147834     
   582.40000000000111      -0.47088946247296526     
   583.20000000000107      -0.52616173908300290     
   584.00000000000102       0.12898459992447187     
   584.80000000000098       0.61025601920044958     
   585.60000000000093       0.26703697029314433     
   586.40000000000089      -0.43642808365495889     
   587.20000000000084      -0.55074009702021354     
   588.00000000000080        7.8659041159606535E-002
   588.80000000000075       0.60207305470836114     
   589.60000000000070       0.31207471266785081     
   590.40000000000066      -0.39895368855342361     
   591.20000000000061      -0.57151046350109747     
   592.00000000000057        2.7794488575167087E-002
   592.80000000000052       0.58971684084998399     
   593.60000000000048       0.35496285780108722     
   594.40000000000043      -0.35872765063266160     
   595.20000000000039      -0.58832717551026681     
   596.00000000000034       -2.3259677440686133E-002
   596.80000000000030       0.57327367954074993     
   597.60000000000025       0.39540472455626613     
   598.40000000000020      -0.31602983451180561     
   599.20000000000016      -0.60107190024368951     
   600.00000000000011       -7.4152838617636663E-002
   600.80000000000007       0.55285876522312183     
   601.60000000000002       0.43312011673879058     
   602.39999999999998      -0.27115653479090251     
   603.19999999999993      -0.60965455967458426     
   603.99999999999989      -0.12453539428309202     
   604.79999999999984       0.52861530994435602     
   605.59999999999980       0.46784730616109610     
   606.39999999999975      -0.22441835588079179     
   607.19999999999970      -0.61401406857356955     
   607.99999999999966      -0.17406103116700955     
   608.79999999999961       0.50071342116624817     
   609.59999999999957       0.49934488971451796     
   610.39999999999952      -0.17613806000938326     
   611.19999999999948      -0.61411888028027284     
   611.99999999999943      -0.22238900289305152     
   612.79999999999939       0.46934875281369903     
   613.59999999999934       0.52739351190615391     
   614.39999999999930      -0.12664839131486827     
   615.19999999999925      -0.60996732454571778     
   615.99999999999920      -0.26918641097802887     
   616.79999999999916       0.43474094801574714     
   617.59999999999911       0.55179743723039965     
   618.39999999999907       -7.6289884167960231E-002
   619.19999999999902      -0.60158771922709309     
   619.99999999999898      -0.31413046612024215     
   620.79999999999893       0.39713190733338627     
   621.59999999999889       0.57238596589082746     
   622.39999999999884       -2.5408660094903723E-002
   623.19999999999879      -0.58903824574459474     
   623.99999999999875      -0.35691071319140188     
   624.79999999999870       0.35678391416251742     
   625.59999999999866       0.58901468949049485     
   626.39999999999861        2.5645791957956687E-002
   627.19999999999857      -0.57240657359320146     
   627.99999999999852      -0.39723119647729399     
   628.79999999999848       0.31397764813492768     
   629.59999999999843       0.60156657790756307     
   630.39999999999839        7.6522851580286710E-002
   631.19999999999834      -0.55180922850207448     
   631.99999999999829      -0.43481254029134103     
   632.79999999999825       0.26901011996766083     
   633.59999999999820       0.60995289323593216     
   634.39999999999816       0.12687302086299912     
   635.19999999999811      -0.52739070681884725     
   635.99999999999807      -0.46939392595424734     
   636.79999999999802       0.22219255129019877     
   637.59999999999798       0.61411392112352092     
   638.39999999999793       0.17635019581009337     
   639.19999999999789      -0.49932234282380439     
   639.99999999999784      -0.50073494452546297     
   640.79999999999779       0.17384821952437335     
   641.59999999999775       0.61401950627804536     
   642.39999999999770       0.22461394666685386     
   643.19999999999766      -0.46780094796613259     
   643.99999999999761      -0.52861731096764286     
   644.79999999999757       0.12431028188112925     
   645.59999999999752       0.60966937964970480     
   646.39999999999748       0.27133179710710914     
   647.19999999999743      -0.43304724613765938     
   647.99999999999739      -0.55284643001381650     
   648.79999999999734        7.3919583526999677E-002
   649.59999999999729       0.60109326054884948     
   650.39999999999725       0.31618148550977720     
   651.19999999999720      -0.39530413390023977     
   651.99999999999716      -0.57325280485853780     
   652.79999999999711        2.3022452761480294E-002
   653.59999999999707       0.58835071950569673     
   654.39999999999702       0.35885318715980963     
   655.19999999999698      -0.35483479961762499     
   655.99999999999693      -0.58969328417615030     
   656.79999999999688       -2.8031518484337159E-002
   657.59999999999684       0.57153079133580609     
   658.39999999999679       0.39905167577561640     
   659.19999999999675      -0.31192073333582127     
   659.99999999999670      -0.60205214191508505     
   660.79999999999666       -7.8891711828122268E-002
   661.59999999999661       0.55075133159690681     
   662.39999999999657       0.43649840044150512     
   663.19999999999652      -0.26685965779249254     
   663.99999999999648      -0.61024198257402507     
   664.79999999999643      -0.12920873750796169     
   665.59999999999638       0.52615811852210448     
   666.39999999999634       0.47093345651623819     
   667.19999999999629      -0.21996340652442470     
   667.99999999999625      -0.61420446347838586     
   668.79999999999620      -0.17863670584609526     
   669.59999999999616       0.49792370980063039     
   670.39999999999611       0.50211743244916185     
   671.19999999999607      -0.17155576770959302     
   671.99999999999602      -0.61391082137050790     
   672.79999999999598      -0.22683550832318256     
   673.59999999999593       0.46624607144868691     
   674.39999999999588       0.52983311737144734     
   675.19999999999584      -0.12197030688811217     
   675.99999999999579      -0.60936218896232996     
   676.79999999999575      -0.27347309612743564     
   677.59999999999570       0.43134700405990489     
   678.39999999999566       0.55388705937705696     
   679.19999999999561       -7.1548174907222317E-002
   679.99999999999557      -0.60058968635188725     
   680.79999999999552      -0.31822773996102588     
   681.59999999999548       0.39347039603689332     
   682.39999999999543       0.57411096711768062     
   683.19999999999538       -2.0635902306085696E-002
   683.99999999999534      -0.58765427253067248     
   684.79999999999529      -0.36079025021864608     
   685.59999999999525       0.35288033658743201     
   686.39999999999520       0.59036294898668551     
   687.19999999999516        3.0416821060242905E-002
   687.99999999999511      -0.57064634626055244     
   688.79999999999507      -0.40086613479973110     
   689.59999999999502       0.30985912139265481     
   690.39999999999498       0.60252858483157068     
   691.19999999999493        8.1259383797911200E-002
   691.99999999999488      -0.54968509077895822     
   692.79999999999484      -0.43817767165218158     
   693.59999999999479       0.26470518069870774     
   694.39999999999475       0.61052182311132441     
   695.19999999999470       0.13154250910094134     
   695.99999999999466      -0.52491756389795052     
   696.79999999999461      -0.47246587433027915     
   697.59999999999457       0.21773095525788261     
   698.39999999999452       0.61428569412586609     
   699.19999999999447       0.18092052676999726     
   699.99999999999443      -0.49651754361106504     
   700.79999999999438      -0.50349233242981239     
   701.59999999999434       0.16926073911673567     
   702.39999999999429       0.61379282719434225     
   703.19999999999425       0.22905365441770631     
   703.99999999999420      -0.46468414703396277     
   704.79999999999416      -0.53104091254812524     
   705.59999999999411       0.11962850148411042     
   706.39999999999407       0.60904575707208619     
   707.19999999999402       0.27561027567358987     
   707.99999999999397      -0.42964024773648080     
   708.79999999999393      -0.55491930932429478     
   709.59999999999388        6.9175693997559629E-002
   710.39999999999384       0.60007700433923139     
   711.19999999999379       0.32026919850893065     
   711.99999999999375      -0.39163072172509961     
   712.79999999999370      -0.57496043951634945     
   713.59999999999366        1.8249044565858630E-002
   714.39999999999361       0.58694891549794681     
   715.19999999999357       0.36272187305843651     
   715.99999999999352      -0.35092055473844508     
   716.79999999999347      -0.59102367356766039     
   717.59999999999343       -3.2801663855868579E-002
   718.39999999999338       0.56975325190614601     
   719.19999999999334       0.40267454598573554     
   719.99999999999329      -0.30779284357059206     
   720.79999999999325      -0.60299589924985153     
   721.59999999999320       -8.3625831867798928E-002
   722.39999999999316       0.54861052244749298     
   723.19999999999311       0.43985032841377125     
   723.99999999999307      -0.26254672127405887     
   724.79999999999302      -0.61079241047947441     
   725.59999999999297      -0.13387430055239924     
   726.39999999999293       0.52366906197575391     
   727.19999999999288       0.47399115607189790     
   727.99999999999284      -0.21549523115374813     
   728.79999999999279      -0.61435761169737901     
   729.59999999999275      -0.18320162417081076     
   730.39999999999270       0.49510386580679178     
   731.19999999999266       0.50485962347305180     
   731.99999999999261      -0.16696316833273983     
   732.79999999999256      -0.61366552547963704     
   733.59999999999252      -0.23126835148856817     
   734.39999999999247       0.46311519864588258     
   735.19999999999243       0.53224067804839981     
   735.99999999999238      -0.11728490088698063     
   736.79999999999234      -0.60872008877059347     
   737.59999999999229      -0.27774330348050275     
   738.39999999999225       0.42792700321917826     
   739.19999999999220       0.55594316402496868     
   739.99999999999216       -6.6802176449741957E-002
   740.79999999999211      -0.59955522231885972     
   741.59999999999206      -0.32230583025917325     
   742.39999999999202       0.38978513899886436     
   743.19999999999197       0.57580120898702680     
   743.99999999999193       -1.5861915413583727E-002
   744.79999999999188      -0.58623465922308260     
   745.59999999999184      -0.36464802641996114     
   746.39999999999179       0.34895548385531311     
   747.19999999999175       0.59167544772835057     
   747.99999999999170        3.5186011046995258E-002
   748.79999999999166      -0.56885152197206068     
   749.59999999999161      -0.40447688189541792     
   750.39999999999156       0.30572193117788377     
   751.19999999999152       0.60345407790275529     
   751.99999999999147        8.5991020456725464E-002
   752.79999999999143      -0.54752764309767277     
   753.59999999999138      -0.44151634529397660     
   754.39999999999134       0.26038431216193109     
   755.19999999999129       0.61105374043065197     
   755.99999999999125       0.13620407677335278     
   756.79999999999120      -0.52241263192471743     
   757.59999999999116      -0.47550927852262492     
   758.39999999999111       0.21325626793990826     
   759.19999999999106       0.61442021499215516     
   759.99999999999102       0.18547996369255471     
   760.79999999999097      -0.49368269805443976     
   761.59999999999093      -0.50621928471515365     
   762.39999999999088       0.16466308995858547     
   763.19999999999084       0.61352891808551935     
   763.99999999999079       0.23347956612464321     
   764.79999999999075      -0.46153925029869008     
   765.59999999999070      -0.53343239552414368     
   766.39999999999065       0.11493954035237508     
   767.19999999999061       0.60838518899135119     
   767.99999999999056       0.27987214733044413     
   768.79999999999052      -0.42620729667338481     
   769.59999999999047      -0.55695860778656114     
   770.39999999999043        6.4427657931105387E-002
   771.19999999999038       0.59902434825163275     
   771.99999999999034       0.32433760440365655     
   772.79999999999029      -0.38793367596898309     
   773.59999999999025      -0.57663326259479197     
   774.39999999999020        1.3474550715308897E-002
   775.19999999999015       0.58551151464526252     
   775.99999999999011       0.36656868111567553     
   776.79999999999006      -0.34698515379870942     
   777.59999999999002      -0.59231826140477217     
   778.39999999998997       -3.7569826804450979E-002
   779.19999999998993       0.56794117029877789     
   779.99999999998988       0.40627311518014830     
   780.79999999998984      -0.30364641559736383     
   781.59999999998979      -0.60390311367293792     
   782.39999999998975       -8.8354914008084484E-002
   783.19999999998970       0.54643646935285717     
   783.99999999998965       0.44317569696627268     
   784.79999999998961      -0.25821798605283452     
   785.59999999998956      -0.61130580885281527     
   786.39999999998952      -0.13853180270378385     
   787.19999999998947       0.52114829302888344     
   787.99999999998943       0.47702021856304877     
   788.79999999998938      -0.21101409939526194     
   789.59999999998934      -0.61447350295243797     
   790.39999999998929      -0.18775551101372812     
   791.19999999998925       0.49225406214082101     
   791.99999999998920       0.50757129541118207     
   792.79999999998915      -0.16236053863107258     
   793.59999999998911      -0.61338300701960713     
   794.39999999998906      -0.23568726497141740     
   795.19999999998902       0.45995632610757314     
   795.99999999998897       0.53461604674868135     
   796.79999999998893      -0.11259245515627236     
   797.59999999998888      -0.60804106280492043     
   798.39999999998884      -0.28199677506320125     
   799.19999999998879       0.42448115435969064     
