   0.0000000000000000      -0.53673519107996026     
  0.80000000000000004       -3.1787136913112191E-002
   1.6000000000000001       0.87877725232167037     
   2.4000000000000004        1.4722861614365486     
   3.2000000000000002        1.1631931537725859     
   4.0000000000000000       0.11593557034606183     
   4.7999999999999998       -1.1209406540251527     
   5.5999999999999996       -1.8413455023778669     
   6.3999999999999995       -1.5233126310305385     
   7.1999999999999993      -0.65062032689379468     
   7.9999999999999991        3.5995206173441541E-002
   8.7999999999999989       0.17407195916767404     
   9.5999999999999996      -0.19090165513803303     
   10.400000000000000      -0.70075560760879907     
   11.200000000000001      -0.88854686336145461     
   12.000000000000002      -0.49224585087314177     
   12.800000000000002       0.37152949175568484     
   13.600000000000003        1.3156397661794075     
   14.400000000000004        1.7307433191419155     
   15.200000000000005        1.3261919916719704     
   16.000000000000004       0.56637000810511529     
   16.800000000000004       -5.6428335081958325E-003
   17.600000000000005      -0.16083842242241253     
   18.400000000000006        2.5037571828560173E-002
   19.200000000000006       0.27235680781722088     
   20.000000000000007       0.27529785078750824     
   20.800000000000008      -0.11338729947826370     
   21.600000000000009      -0.79341193568892709     
   22.400000000000009       -1.4090174996727418     
   23.200000000000010       -1.5084184517149593     
   24.000000000000011       -1.0465298547300841     
   24.800000000000011      -0.40816275159901716     
   25.600000000000012        6.6153273913137356E-002
   26.400000000000013       0.25919129443740702     
   27.200000000000014       0.24614421924007035     
   28.000000000000014       0.21435694533185012     
   28.800000000000015       0.33857855046394997     
   29.600000000000016       0.66656579521818804     
   30.400000000000016        1.0653026516052284     
   31.200000000000017        1.2735795262177037     
   32.000000000000014        1.1225195805113091     
   32.800000000000011       0.70503101573229410     
   33.600000000000009       0.23312853826884911     
   34.400000000000006      -0.14974283280641393     
   35.200000000000003      -0.40493056914800563     
   36.000000000000000      -0.56515865459901382     
   36.799999999999997      -0.69137605171009564     
   37.599999999999994      -0.82375385026472625     
   38.399999999999991      -0.94697211131137415     
   39.199999999999989      -0.99878411411354684     
   39.999999999999986      -0.92249034327410917     
   40.799999999999983      -0.71352923822593850     
   41.599999999999980      -0.41109610181018058     
   42.399999999999977       -5.8909516493258984E-002
   43.199999999999974       0.31101011789643340     
   43.999999999999972       0.66034182812921582     
   44.799999999999969       0.92507271548289483     
   45.599999999999966        1.0390916988723846     
   46.399999999999963       0.99407547700335130     
   47.199999999999960       0.85449629522100778     
   47.999999999999957       0.69775850002446482     
   48.799999999999955       0.55218467736345866     
   49.599999999999952       0.38771103650705674     
   50.399999999999949       0.15040248017764377     
   51.199999999999946      -0.19152208756564451     
   51.999999999999943      -0.60997901347716410     
   52.799999999999940      -0.99283187492312908     
   53.599999999999937       -1.1782276947998029     
   54.399999999999935       -1.0926399735029937     
   55.199999999999932      -0.83566434226865249     
   55.999999999999929      -0.57054113612476642     
   56.799999999999926      -0.38500579710486471     
   57.599999999999923      -0.25639407527406310     
   58.399999999999920       -9.6873465517547441E-002
   59.199999999999918       0.17350407420708702     
   59.999999999999915       0.56307745886506999     
   60.799999999999912       0.97083950761409343     
   61.599999999999909        1.2088677043107532     
   62.399999999999906        1.1502156330604139     
   63.199999999999903       0.86750280997379692     
   63.999999999999901       0.54229116058296234     
   64.799999999999898       0.29630489345934297     
   65.599999999999895       0.13402606438397405     
   66.399999999999892       -2.0869968000038652E-002
   67.199999999999889      -0.25424614187271655     
   67.999999999999886      -0.59174154243462840     
   68.799999999999883      -0.95443712154249938     
   69.599999999999881       -1.1764708902039478     
   70.399999999999878       -1.1340634838996724     
   71.199999999999875      -0.87426366499454866     
   71.999999999999872      -0.55146971443122283     
   72.799999999999869      -0.27972630443316343     
   73.599999999999866       -7.4351628945491299E-002
   74.399999999999864       0.11975914073027813     
   75.199999999999861       0.36689877028369255     
   75.999999999999858       0.67948462134550303     
   76.799999999999855       0.98207370406364891     
   77.599999999999852        1.1396853467538925     
   78.399999999999849        1.0710872976598513     
   79.199999999999847       0.83066753102063740     
   79.999999999999844       0.54145265065555670     
   80.799999999999841       0.28429157045711262     
   81.599999999999838        6.1400356581129634E-002
   82.399999999999835      -0.17315362858153613     
   83.199999999999832      -0.45879181072018294     
   83.999999999999829      -0.77819007585301181     
   84.799999999999827       -1.0383620058817440     
   85.599999999999824       -1.1232878677353217     
   86.399999999999821       -1.0018667205570453     
   87.199999999999818      -0.75748905670140299     
   87.999999999999815      -0.49790032091458492     
   88.799999999999812      -0.27081826686053734     
   89.599999999999810       -5.4556133865886702E-002
   90.399999999999807       0.20099314479503061     
   91.199999999999804       0.51999709965269125     
   91.999999999999801       0.85696630458737433     
   92.799999999999798        1.0940038263852563     
   93.599999999999795        1.1213427185378393     
   94.399999999999793       0.94710418323874368     
   95.199999999999790       0.68430300567578861     
   95.999999999999787       0.43741908433221810     
   96.799999999999784       0.23281250262569680     
   97.599999999999781        2.8986469860837333E-002
   98.399999999999778      -0.23195555200833287     
   99.199999999999775      -0.56718206054386466     
   99.999999999999773      -0.91237848702283575     
   100.79999999999977       -1.1312606871533053     
   101.59999999999977       -1.1177682285300365     
   102.39999999999976      -0.90563550608076104     
   103.19999999999976      -0.62581870291717245     
   103.99999999999976      -0.38049662714315213     
   104.79999999999976      -0.18391976747793676     
   105.59999999999975        1.5814438798444325E-002
   106.39999999999975       0.27950454988754547     
   107.19999999999975       0.61824150275846568     
   107.99999999999974       0.95558171591203633     
   108.79999999999974        1.1482673951494886     
   109.59999999999974        1.1012338075454198     
   110.39999999999974       0.86668107675869854     
   111.19999999999973       0.58034352554098723     
   111.99999999999973       0.33603126987567122     
   112.79999999999973       0.13831987714473959     
   113.59999999999972       -6.8332481165614106E-002
   114.39999999999972      -0.34062110319426497     
   115.19999999999972      -0.67927469757644476     
   115.99999999999972      -0.99681016967990443     
   116.79999999999971       -1.1517688121468892     
   117.59999999999971       -1.0701092734142930     
   118.39999999999971      -0.82191341618764158     
   119.19999999999970      -0.53932514915075136     
   119.99999999999970      -0.30116860286008268     
   120.79999999999970      -0.10062814684481639     
   121.59999999999970       0.11916695337865066     
   122.39999999999969       0.40622464687284932     
   123.19999999999969       0.74613885781715172     
   123.99999999999969        1.0385754137683765     
   124.79999999999968        1.1483723081412380     
   125.59999999999968        1.0292511320334197     
   126.39999999999968       0.77023317218021314     
   127.19999999999968       0.49659062807276338     
   127.99999999999967       0.26891166822857410     
   128.79999999999967        6.7276546755737465E-002
   129.59999999999968      -0.16652246079509114     
   130.39999999999969      -0.47027360015719305     
   131.19999999999970      -0.81205387948292529     
   131.99999999999972       -1.0776633151847774     
   132.79999999999973       -1.1405760605521174     
   133.59999999999974      -0.98423023612457283     
   134.39999999999975      -0.71538563610905026     
   135.19999999999976      -0.45137267359331679     
   135.99999999999977      -0.23471313961002871     
   136.79999999999978       -3.2815273667625378E-002
   137.59999999999980       0.21361770530661095     
   138.39999999999981       0.53199390716288253     
   139.19999999999982       0.87290840223372945     
   139.99999999999983        1.1098494620839876     
   140.79999999999984        1.1275641781075538     
   141.59999999999985       0.93797036745842033     
   142.39999999999986       0.66145972857036484     
   143.19999999999987       0.40612785904945026     
   143.99999999999989       0.19808552269197641     
   144.79999999999990       -5.6604852676615802E-003
   145.59999999999991      -0.26393649364922955     
   146.39999999999992      -0.59330891986815959     
   147.19999999999993      -0.92794518304637186     
   147.99999999999994       -1.1327661670506717     
   148.79999999999995       -1.1076826397561652     
   149.59999999999997      -0.89074869663083822     
   150.39999999999998      -0.61036436023992990     
   151.19999999999999      -0.36324903522298535     
   152.00000000000000      -0.16063451838529913     
   152.80000000000001        4.8054230375923990E-002
   153.60000000000002       0.31869680230794023     
   154.40000000000003       0.65573250950234796     
   155.20000000000005       0.97787126103334221     
   156.00000000000006        1.1461601304927294     
   156.80000000000007        1.0802322209305240     
   157.60000000000008       0.84187032102441395     
   158.40000000000009       0.56194312346387765     
   159.20000000000010       0.32342399865779792     
   160.00000000000011       0.12365212894835287     
   160.80000000000013       -9.3064093564072969E-002
   161.60000000000014      -0.37710493645069793     
   162.40000000000015      -0.71909699757507362     
   163.20000000000016       -1.0230322280424782     
   164.00000000000017       -1.1508185669139299     
   164.80000000000018       -1.0458595949824581     
   165.60000000000019      -0.79112128930137415     
   166.40000000000020      -0.51531986848572708     
   167.20000000000022      -0.28590029877840173     
   168.00000000000023       -8.7123891267792131E-002
   168.80000000000024       0.13984785406878858     
   169.60000000000025       0.43777350449792857     
   170.40000000000026       0.78201770954773897     
   171.20000000000027        1.0628406865082738     
   172.00000000000028        1.1475441185903810     
   172.80000000000030        1.0059791806337541     
   173.60000000000031       0.73915327745268133     
   174.40000000000032       0.46997507860301257     
   175.20000000000033       0.24953592072628239     
   176.00000000000034        5.0126594906051869E-002
   176.80000000000035      -0.18847516466901287     
   177.60000000000036      -0.49973292538415193     
   178.40000000000038      -0.84288146453227708     
   179.20000000000039       -1.0961816347125339     
   180.00000000000040       -1.1367764440116097     
   180.80000000000041      -0.96203100839069156     
   181.60000000000042      -0.68705540438020352     
   182.40000000000043      -0.42597724280457505     
   183.20000000000044      -0.21355037556464573     
   184.00000000000045       -1.1657456823837731E-002
   184.80000000000047       0.23947076238075360     
   185.60000000000048       0.56256033151096196     
   186.40000000000049       0.90043363766060636     
   187.20000000000050        1.1220202012271392     
   188.00000000000051        1.1187376198713628     
   188.80000000000052       0.91510050100480655     
   189.60000000000053       0.63578945153049915     
   190.40000000000055       0.38364334541359979     
   191.20000000000056       0.17762864677510604     
   192.00000000000057       -2.8882538685506443E-002
   192.80000000000058      -0.29322415340913099     
   193.60000000000059      -0.62600094869468137     
   194.40000000000060      -0.95380296356118544     
   195.20000000000061       -1.1397287117151393     
   196.00000000000063       -1.0937277204422831     
   196.80000000000064      -0.86594762575378903     
   197.60000000000065      -0.58592558000704598     
   198.40000000000066      -0.34314615353967415     
   199.20000000000067      -0.14163948598758777     
   200.00000000000068        7.1699839893021672E-002
   200.80000000000069       0.34973352058763330     
   201.60000000000070       0.68960685038700897     
   202.40000000000072        1.0022683101725565     
   203.20000000000073        1.1490932548760453     
   204.00000000000074        1.0623021452879229     
   204.80000000000075       0.81521107980493968     
   205.60000000000076       0.53770012608389772     
   206.40000000000077       0.30436181646469229     
   207.20000000000078       0.10536028590708052     
   208.00000000000080      -0.11684725605419896     
   208.80000000000081      -0.40868084873857091     
   209.60000000000082      -0.75263361471619039     
   210.40000000000083       -1.0450823276465304     
   211.20000000000084       -1.1501775120343705     
   212.00000000000085       -1.0252656663076798     
   212.80000000000086      -0.76355514808023983     
   213.60000000000088      -0.49119486922959105     
   214.40000000000089      -0.26694545898434546     
   215.20000000000090       -6.8400968266725259E-002
   216.00000000000091       0.16440291718153960     
   216.80000000000092       0.46961157429596012     
   217.60000000000093       0.81413835131894963     
   218.40000000000094        1.0814600762815789     
   219.20000000000095        1.1432054738686228     
   220.00000000000097       0.98355765786429150     
   220.80000000000098       0.71167891629222213     
   221.60000000000099       0.44645925290264810     
   222.40000000000100       0.23047764666324630     
   223.20000000000101        3.0287612315188867E-002
   224.00000000000102      -0.21449020844392616     
   224.80000000000103      -0.53204029527109131     
   225.60000000000105      -0.87312003534640448     
   226.40000000000106       -1.1106722423599911     
   227.20000000000107       -1.1285189600096601     
   228.00000000000108      -0.93813296071291052     
   228.80000000000109      -0.66024029318151012     
   229.60000000000110      -0.40352627435753013     
   230.40000000000111      -0.19455600492737293     
   231.20000000000113        9.4234753464529641E-003
   232.00000000000114       0.26720067671066061     
   232.80000000000115       0.59544951023411952     
   233.60000000000116       0.92860217346780338     
   234.40000000000117        1.1321447219805592     
   235.20000000000118        1.1065859178206576     
   236.00000000000119       0.88989642749918629     
   236.80000000000121       0.60978098213887888     
   237.60000000000122       0.36236962372966641     
   238.40000000000123       0.15880612161635954     
   239.20000000000124       -5.1086764932886469E-002
   240.00000000000125      -0.32251746722439878     
   240.80000000000126      -0.65924066987476215     
   241.60000000000127      -0.97965288800619710     
   242.40000000000128       -1.1455125710887744     
   243.20000000000130       -1.0780141891863242     
   244.00000000000131      -0.83968900214095177     
   244.80000000000132      -0.56069774327454525     
   245.60000000000133      -0.32286588956451995     
   246.40000000000134      -0.12285357749731282     
   247.20000000000135        9.4968126743762787E-002
   248.00000000000136       0.38028664217977004     
   248.80000000000138       0.72270073470395879     
   249.60000000000139        1.0253844614960643     
   250.40000000000140        1.1506291847851893     
   251.20000000000141        1.0435427541279978     
   252.00000000000142       0.78829314853954624     
   252.80000000000143       0.51325399877483746     
   253.60000000000144       0.28479098110673839     
   254.40000000000146        8.6304536158139017E-002
   255.20000000000147      -0.14126642664011793     
   256.00000000000148      -0.44022706906622300     
   256.80000000000149      -0.78500666534975805     
   257.60000000000150       -1.0649666527921573     
   258.40000000000151       -1.1475533516013658     
   259.20000000000152       -1.0040082569470736     
   260.00000000000153      -0.73643100480896595     
   260.80000000000155      -0.46760395216361711     
   261.60000000000156      -0.24784301019373181     
   262.40000000000157       -4.8752553915302782E-002
   263.20000000000158       0.19012321827416229     
   264.00000000000159       0.50194921009441673     
   264.80000000000160       0.84525604204901761     
   265.60000000000161        1.0976600614089704     
   266.40000000000163        1.1365319594148511     
   267.20000000000164       0.96030009708580155     
   268.00000000000165       0.68474941772884756     
   268.80000000000166       0.42380900340594746     
   269.60000000000167       0.21167054449073316     
   270.40000000000168        9.8020850267380166E-003
   271.20000000000169      -0.24161352101328537     
   272.00000000000171      -0.56496434209392576     
   272.80000000000172      -0.90250408459469056     
   273.60000000000173       -1.1228573663275889     
   274.40000000000174       -1.1179834382091662     
   275.20000000000175      -0.91331836274238998     
   276.00000000000176      -0.63380062688194339     
   276.80000000000177      -0.38184336229553684     
   277.60000000000178      -0.17589265573584678     
   278.40000000000180        3.0907787408311932E-002
   279.20000000000181       0.29572814706802664     
   280.00000000000182       0.62868423566735276     
   280.80000000000183       0.95579696802124814     
   281.60000000000184        1.1401186105061831     
   282.40000000000185        1.0924791157873575     
   283.20000000000186       0.86394131106877214     
   284.00000000000188       0.58402861179206145     
   284.80000000000189       0.34159595826878741     
   285.60000000000190       0.14011007058879993     
   286.40000000000191       -7.3687757722876501E-002
   287.20000000000192      -0.35235910148284794     
   288.00000000000193      -0.69242041981245761     
   288.80000000000194       -1.0042021602331106     
   289.60000000000196       -1.1491937573868003     
   290.40000000000197       -1.0607188765041993     
   291.20000000000198      -0.81300149701423818     
   292.00000000000199      -0.53576457747311679     
   292.80000000000200      -0.30287556011708405     
   293.60000000000201      -0.10391338771866038     
   294.40000000000202       0.11878940409615080     
   295.20000000000203       0.41129206802419560     
   296.00000000000205       0.75539043812314366     
   296.80000000000206        1.0468399778797828     
   297.60000000000207        1.1500322039338853     
   298.40000000000208        1.0235006042634747     
   299.20000000000209       0.76126688455952563     
   300.00000000000210       0.48922917594111015     
   300.80000000000211       0.26542089713492623     
   301.60000000000213        6.6893174536702849E-002
   302.40000000000214      -0.16639802429358749     
   303.20000000000215      -0.47220390973006587     
   304.00000000000216      -0.81673287059601152     
   304.80000000000217       -1.0829178769137560     
   305.60000000000218       -1.1427813320558198     
   306.40000000000219      -0.98168597557836157     
   307.20000000000221      -0.70942476072127858     
   308.00000000000222      -0.44453771003512743     
   308.80000000000223      -0.22891370802752878     
   309.60000000000224       -2.8652605836677753E-002
   310.40000000000225       0.21662432384784874     
   311.20000000000226       0.53466223149389291     
   312.00000000000227       0.87552934385127190     
   312.80000000000229        1.1117652003545766     
   313.60000000000230        1.1277758391215831     
   314.40000000000231       0.93616617096093702     
   315.20000000000232       0.65806865496668310     
   316.00000000000233       0.40170640536569752     
   316.80000000000234       0.19299224740064128     
   317.60000000000235       -1.1179166323454920E-002
   318.40000000000236      -0.26949525263525453     
   319.20000000000238      -0.59812630723843307     
   320.00000000000239      -0.93083149901781581     
   320.80000000000240       -1.1328644451219134     
   321.60000000000241       -1.1055188855507454     
   322.40000000000242      -0.88783011690310987     
   323.20000000000243      -0.60768928575082659     
   324.00000000000244      -0.36065980001421427     
   324.80000000000246      -0.15726436593039717     
   325.60000000000247        5.2934437589102740E-002
   326.40000000000248       0.32494548435402903     
   327.20000000000249       0.66195066023041793     
   328.00000000000250       0.98169193320999493     
   328.80000000000251        1.1458756572826356     
   329.60000000000252        1.0766562204881525     
   330.40000000000254       0.83753636313676560     
   331.20000000000255       0.55866978995336891     
   332.00000000000256       0.32123974074658657     
   332.80000000000257       0.12132050686184331     
   333.60000000000258       -9.6895354571563480E-002
   334.40000000000259      -0.38281038952591884     
   335.20000000000260      -0.72539284472596521     
   336.00000000000261       -1.0271984657984548     
   336.80000000000263       -1.1506518987871641     
   337.60000000000264       -1.0419452153199877     
   338.40000000000265      -0.78608888707756108     
   339.20000000000266      -0.51128453410166563     
   340.00000000000267      -0.28321581594596845     
   340.80000000000268       -8.4746901016386544E-002
   341.60000000000269       0.14328287700899189     
   342.40000000000271       0.44282054334048399     
   343.20000000000272       0.78762619407961920     
   344.00000000000273        1.0665103454016716     
   344.80000000000274        1.1472448027264390     
   345.60000000000275        1.0022213671694002     
   346.40000000000276       0.73421715765568052     
   347.20000000000277       0.46570067446579611     
   348.00000000000279       0.24629654573521936     
   348.80000000000280        4.7138593800787776E-002
   349.60000000000281      -0.19224628047244841     
   350.40000000000282      -0.50459787556086666     
   351.20000000000283      -0.84775767863668638     
   352.00000000000284       -1.0988940514278893     
   352.80000000000285       -1.1358999305222832     
   353.60000000000286      -0.95836474576901165     
   354.40000000000288      -0.68256097053391018     
   355.20000000000289      -0.42198216552470263     
   356.00000000000290      -0.21014090778233951     
   356.80000000000291       -8.1117541765466927E-003
   357.60000000000292       0.24385369356533215     
   358.40000000000293       0.56765421216392320     
   359.20000000000294       0.90485093536615580     
   360.00000000000296        1.1237559487488182     
   360.80000000000297        1.1170423118773263     
   361.60000000000298       0.91126810006240411     
   362.40000000000299       0.63166024555267586     
   363.20000000000300       0.38009630097474162     
   364.00000000000301       0.17437038661973647     
   364.80000000000302       -3.2684779390490193E-002
   365.60000000000304      -0.29808406076812533     
   366.40000000000305      -0.63139332062794340     
   367.20000000000306      -0.95795449212653505     
   368.00000000000307       -1.1406693117866193     
   368.80000000000308       -1.0912534176981799     
   369.60000000000309      -0.86180750542624496     
   370.40000000000310      -0.58194925036686540     
   371.20000000000312      -0.33992262494287068     
   372.00000000000313      -0.13858191421081822     
   372.80000000000314        7.5558221687086174E-002
   373.60000000000315       0.35482038873717781     
   374.40000000000316       0.69511727973243231     
   375.20000000000317        1.0061346582660202     
   376.00000000000318        1.1493937691427190     
   376.80000000000319        1.0592417562375009     
   377.60000000000321       0.81081609087274875     
   378.40000000000322       0.53375421626229047     
   379.20000000000323       0.30126346318465302     
   380.00000000000324       0.10236157271684115     
   380.80000000000325      -0.12076043221103319     
   381.60000000000326      -0.41384389157632562     
   382.40000000000327      -0.75803743358512499     
   383.20000000000329       -1.0485115398025373     
   384.00000000000330       -1.1498857368779318     
   384.80000000000331       -1.0218098948470762     
   385.60000000000332      -0.75906156066334241     
   386.40000000000333      -0.48729349404531075     
   387.20000000000334      -0.26385507747570258     
   388.00000000000335       -6.5298282490870108E-002
   388.80000000000337       0.16847663758959575     
   389.60000000000338       0.47482909699832071     
   390.40000000000339       0.81928994584537995     
   391.20000000000340        1.0842957211707636     
   392.00000000000341        1.1422989228834901     
   392.80000000000342       0.97982063614991399     
   393.60000000000343       0.70722839541410965     
   394.40000000000344       0.44268005342644007     
   395.20000000000346       0.22737888532418760     
   396.00000000000347        2.6996616972971177E-002
   396.80000000000348      -0.21881508645029155     
   397.60000000000349      -0.53734077387053658     
   398.40000000000350      -0.87795616175649316     
   399.20000000000351       -1.1128228194679715     
   400.00000000000352       -1.1269746724942169     
   400.80000000000354      -0.93416433628357742     
   401.60000000000355      -0.65590527028472567     
   402.40000000000356      -0.39992660194773494     
   403.20000000000357      -0.19147295480599050     
   404.00000000000358        1.2911481768094063E-002
   404.80000000000359       0.27179829436472058     
   405.60000000000360       0.60083399446693153     
   406.40000000000362       0.93308815032296533     
   407.20000000000363        1.1335833675374025     
   408.00000000000364        1.1044228764280668     
   408.80000000000365       0.88572841937615954     
   409.60000000000366       0.60557739920546250     
   410.40000000000367       0.35895341978693085     
   411.20000000000368       0.15574436164137898     
   412.00000000000369       -5.4755555692621832E-002
   412.80000000000371      -0.32735586165589703     
   413.60000000000372      -0.66465839199287813     
   414.40000000000373      -0.98373939892247730     
   415.20000000000374       -1.1462459773685445     
   416.00000000000375       -1.0752952420002666     
   416.80000000000376      -0.83536961377556884     
   417.60000000000377      -0.55662277991509246     
   418.40000000000379      -0.31959834015598776     
   419.20000000000380      -0.11978260945825045     
   420.00000000000381        9.8815370851530332E-002
   420.80000000000382       0.38531834268673859     
   421.60000000000383       0.72806701560063991     
   422.40000000000384        1.0289996220265518     
   423.20000000000385        1.1506721891317191     
   424.00000000000387        1.0403535900144889     
   424.80000000000388       0.78388951562808051     
   425.60000000000389       0.50931123838596659     
   426.40000000000390       0.28162780031635415     
   427.20000000000391        8.3173526745279558E-002
   428.00000000000392      -0.14530946467471048     
   428.80000000000393      -0.44541186266024257     
   429.60000000000394      -0.79022974442848581     
   430.40000000000396       -1.0680315314902844     
   431.20000000000397       -1.1469218211713224     
   432.00000000000398       -1.0004360914802775     
   432.80000000000399      -0.73201438934574958     
   433.60000000000400      -0.46380575912944511     
   434.40000000000401      -0.24474806960955042     
   435.20000000000402       -4.5512635867075379E-002
   436.00000000000404       0.19438418380374373     
   436.80000000000405       0.50725398765475993     
   437.60000000000406       0.85025131141292321     
   438.40000000000407        1.1001067902877679     
   439.20000000000408        1.1352481878787648     
   440.00000000000409       0.95642385586384127     
   440.80000000000410       0.68038003603042441     
   441.60000000000412       0.42016626789761818     
   442.40000000000413       0.20861652000330652     
   443.20000000000414        6.4173739811159980E-003
   444.00000000000415      -0.24610408999687569     
   444.80000000000416      -0.57035208113361580     
   445.60000000000417      -0.90719430102771192     
   446.40000000000418       -1.1246384207362270     
   447.20000000000420       -1.1160833902726253     
   448.00000000000421      -0.90920933312914831     
   448.80000000000422      -0.62952187491802625     
   449.60000000000423      -0.37835617082737549     
   450.40000000000424      -0.17285347343542362     
   451.20000000000425        3.4461606647066351E-002
   452.00000000000426       0.30044407545855878     
   452.80000000000427       0.63410544343134156     
   453.60000000000429       0.96010740939002071     
   454.40000000000430        1.1412073936348159     
   455.20000000000431        1.0900149577246916     
   456.00000000000432       0.85966720685761633     
   456.80000000000433       0.57986949014981348     
   457.60000000000434       0.33825142671074016     
   458.40000000000435       0.13705512452253230     
   459.20000000000437       -7.7429314614288841E-002
   460.00000000000438      -0.35728281784617644     
   460.80000000000439      -0.69781196124224354     
   461.60000000000440       -1.0080584812797446     
   462.40000000000441       -1.1495816179963727     
   463.20000000000442       -1.0577561524355987     
   464.00000000000443      -0.80862827218107680     
   464.80000000000445      -0.53174445957072058     
   465.60000000000446      -0.29965123997308674     
   466.40000000000447      -0.10080733111619744     
   467.20000000000448       0.12273502051923033     
   468.00000000000449       0.41639704644885600     
   468.80000000000450       0.76067936270138836     
   469.60000000000451        1.0501706711111036     
   470.40000000000452        1.1497259532032913     
   471.20000000000454        1.0201128353902076     
   472.00000000000455       0.75685707902392430     
   472.80000000000456       0.48536060762318090     
   473.60000000000457       0.26228928400096257     
   474.40000000000458        6.3699366168404131E-002
   475.20000000000459      -0.17056093738010916     
   476.00000000000460      -0.47745669375672595     
   476.80000000000462      -0.82184101347656768     
   477.60000000000463       -1.0856591531826396     
   478.40000000000464       -1.1418023136684194     
   479.20000000000465      -0.97794963767526055     
   480.00000000000466      -0.70503429460292555     
   480.80000000000467      -0.44082656227795292     
   481.60000000000468      -0.22584491537857057     
   482.40000000000470       -2.5336720028334120E-002
   483.20000000000471       0.22101187514414755     
   484.00000000000472       0.54002187990097350     
   484.80000000000473       0.88037647677989739     
   485.60000000000474        1.1138655474985213     
   486.40000000000475        1.1261596263186777     
   487.20000000000476       0.93215737356268402     
   488.00000000000477       0.65374432756677103     
   488.80000000000479       0.39815095273976464     
   489.60000000000480       0.18995465681365800     
   490.40000000000481       -1.4647236649401568E-002
   491.20000000000482      -0.27410654234178200     
   492.00000000000483      -0.60354310083280627     
   492.80000000000484      -0.93533724777469640     
   493.60000000000485       -1.1342875446976193     
   494.40000000000487       -1.1033143851513301     
   495.20000000000488      -0.88362268674039268     
   496.00000000000489      -0.60346787603523377     
   496.80000000000490      -0.35725034340382678     
   497.60000000000491      -0.15422457404734427     
   498.40000000000492        5.6580141350021623E-002
   499.20000000000493       0.32977043609652401     
   500.00000000000495       0.66736567306503258     
   500.80000000000496       0.98577763328671153     
   501.60000000000497        1.1466017272795139     
   502.40000000000498        1.0739236490952475     
   503.20000000000499       0.83320042676720740     
   504.00000000000500       0.55457833119467737     
   504.80000000000501       0.31795929486290275     
   505.60000000000502       0.11824373015939987     
   506.40000000000504      -0.10073938363185242     
   507.20000000000505      -0.38782976501899091     
   508.00000000000506      -0.73073879719735235     
   508.80000000000507       -1.0307896941041919     
   509.60000000000508       -1.1506780256468192     
   510.40000000000509       -1.0387531825042913     
   511.20000000000510      -0.78168937117698511     
   512.00000000000512      -0.50734093316836615     
   512.80000000000507      -0.28004145078755899     
   513.60000000000502       -8.1598091069611384E-002
   514.40000000000498       0.14734065431956458     
   515.20000000000493       0.44800611096443210     
   516.00000000000489       0.79282917697194810     
   516.80000000000484        1.0695400476093622     
   517.60000000000480        1.1465846454237667     
   518.40000000000475       0.99864365589127413     
   519.20000000000471       0.72981221907429372     
   520.00000000000466       0.46191419673260847     
   520.80000000000462       0.24320077027654141     
   521.60000000000457        4.3883863229703557E-002
   522.40000000000452      -0.19652701646071252     
   523.20000000000448      -0.50991237360158559     
   524.00000000000443      -0.85273924925834643     
   524.80000000000439       -1.1013057311251031     
   525.60000000000434       -1.1345828570427348     
   526.40000000000430      -0.95447728697818446     
   527.20000000000425      -0.67820067836162234     
   528.00000000000421      -0.41835380042189263     
   528.80000000000416      -0.20709280716489420     
   529.60000000000412       -4.7196680416951853E-003
   530.40000000000407       0.24835937587797555     
   531.20000000000402       0.57305125730644080     
   532.00000000000398       0.90953039976071326     
   532.80000000000393        1.1255064072447389     
   533.60000000000389        1.1151118891232141     
   534.40000000000384       0.90714634108443970     
   535.20000000000380       0.62738575642571581     
   536.00000000000375       0.37661923885096937     
   536.80000000000371       0.17133659142161672     
   537.60000000000366       -3.6242183843462644E-002
   538.40000000000362      -0.30280866375492854     
   539.20000000000357      -0.63681758892356122     
   540.00000000000352      -0.96225143956685677     
   540.80000000000348       -1.1417306615302008     
   541.60000000000343       -1.0887652492081747     
   542.40000000000339      -0.85752414309058811     
   543.20000000000334      -0.57779247282447810     
   544.00000000000330      -0.33658298571001899     
   544.80000000000325      -0.13552759624786465     
   545.60000000000321        7.9304564703066655E-002
   546.40000000000316       0.35974933732145375     
   547.20000000000312       0.70050516415472952     
   548.00000000000307        1.0099718147626786     
   548.80000000000302        1.1497546339912124     
   549.60000000000298        1.0562608208479851     
   550.40000000000293       0.80643909823248383     
   551.20000000000289       0.52973780617130883     
   552.00000000000284       0.29804123160258417     
   552.80000000000280        9.9251548528165756E-002
   553.60000000000275      -0.12471412283864164     
   554.40000000000271      -0.41895367820317803     
   555.20000000000266      -0.76331819761508646     
   556.00000000000261       -1.0518178477385698     
   556.80000000000257       -1.1495516244226971     
   557.60000000000252       -1.0184076468052643     
   558.40000000000248      -0.75465251652106513     
   559.20000000000243      -0.48343104307861468     
   560.00000000000239      -0.26072511374122276     
   560.80000000000234       -6.2098157188415826E-002
   561.60000000000230       0.17264998446942911     
   562.40000000000225       0.48008699791720777     
   563.20000000000221       0.82438731553000655     
   564.00000000000216        1.0870094084705406     
   564.80000000000211        1.1412917650374166     
   565.60000000000207       0.97607212000693799     
   566.40000000000202       0.70284119187672101     
   567.20000000000198       0.43897643912388729     
   568.00000000000193       0.22431193146953579     
   568.80000000000189        2.3673865589340093E-002
   569.60000000000184      -0.22321346767048278     
   570.40000000000180      -0.54270472976466455     
   571.20000000000175      -0.88279032796229862     
   572.00000000000171       -1.1148941848715701     
   572.80000000000166       -1.1253315562448085     
   573.60000000000161      -0.93014547695405625     
   574.40000000000157      -0.65158524829751596     
   575.20000000000152      -0.39637853420870034     
   576.00000000000148      -0.18843665452239403     
   576.80000000000143        1.6386524503703342E-002
   577.60000000000139       0.27641945741684570     
   578.40000000000134       0.60625278010749062     
   579.20000000000130       0.93757818774765944     
   580.00000000000125        1.1349770560511185     
   580.80000000000121        1.1021940556799168     
   581.60000000000116       0.88151355124824082     
   582.40000000000111       0.60136087644067504     
   583.20000000000107       0.35555019403193949     
   584.00000000000102       0.15270434688555665     
   584.80000000000098       -5.8408747314547010E-002
   585.60000000000093      -0.33218935180696152     
   586.40000000000089      -0.67007216627927191     
   587.20000000000084      -0.98780607296620904     
   588.00000000000080       -1.1469425870042667     
   588.80000000000075       -1.0725416108065746     
   589.60000000000070      -0.83102927756586942     
   590.40000000000066      -0.55253687417972897     
   591.20000000000061      -0.31632273829099955     
   592.00000000000057      -0.11670365797354940     
   592.80000000000052       0.10266780395716485     
   593.60000000000048       0.39034501793372250     
   594.40000000000043       0.73340827593262148     
   595.20000000000039        1.0325684594872400     
   596.00000000000034        1.1506691002452123     
   596.80000000000030        1.0371438588947877     
   597.60000000000025       0.77948857507420755     
   598.40000000000020       0.50537390331643284     
   599.20000000000016       0.27845704756300244     
   600.00000000000011        8.0020724636127527E-002
   600.80000000000007      -0.14937651539637564     
   601.60000000000002      -0.45060349075171091     
   602.39999999999998      -0.79542467861921673     
   603.19999999999993       -1.0710359423040066     
   603.99999999999989       -1.1462331798956535     
   604.79999999999984      -0.99684390400199729     
   605.59999999999980      -0.72761054370943457     
   606.39999999999975      -0.46002601273140170     
   607.19999999999970      -0.24165479364808426     
   607.99999999999966       -4.2252466121919408E-002
   608.79999999999961       0.19867463682377062     
   609.59999999999957       0.51257299708084825     
   610.39999999999952       0.85522155852374016     
   611.19999999999948        1.1024909963660294     
   611.99999999999943        1.1339040289488942     
   612.79999999999939       0.95252501503374987     
   613.59999999999934       0.67602277669645672     
   614.39999999999930       0.41654464070210440     
   615.19999999999925       0.20556973073218615     
   615.99999999999920        3.0187091904916308E-003
   616.79999999999916      -0.25061940009747230     
   617.59999999999911      -0.57575158156257156     
   618.39999999999907      -0.91185915133273521     
   619.19999999999902       -1.1263599730310889     
   619.99999999999898       -1.1141279637079446     
   620.79999999999893      -0.90507922298892496     
   621.59999999999889      -0.62525186025180890     
   622.39999999999884      -0.37488538432612839     
   623.19999999999879      -0.16981961654729610     
   623.99999999999875        3.8026559731808851E-002
   624.79999999999870       0.30517776393379620     
   625.59999999999866       0.63952960776775392     
   626.39999999999861       0.96438644036176924     
   627.19999999999857        1.1422391048481146     
   627.99999999999852        1.0875044163135612     
   628.79999999999848       0.85537844945304187     
   629.59999999999843       0.57571824783340952     
   630.39999999999839       0.33491725203788614     
   631.19999999999834       0.13399922633886005     
   631.99999999999829       -8.1184058509462864E-002
   632.79999999999825      -0.36221995691458841     
   633.59999999999820      -0.70319680161110187     
   634.39999999999816       -1.0118745376753941     
   635.19999999999811       -1.1499127785792729     
   635.99999999999807       -1.0547558304689126     
   636.79999999999802      -0.80424867029891467     
   637.59999999999798      -0.52773432116505581     
   638.39999999999793      -0.29643344253650511     
   639.19999999999789       -9.7694181461238538E-002
   639.99999999999784       0.12669779338998399     
   640.79999999999779       0.42151380577590425     
   641.59999999999775       0.76595389444492434     
   642.39999999999770        1.0534530006829397     
   643.19999999999766        1.1493627331626379     
   643.99999999999761        1.0166943682708323     
   644.79999999999757       0.75244792349357770     
   645.59999999999752       0.48150483416737100     
   646.39999999999748       0.25916257819597477     
   647.19999999999743        6.0494651064799926E-002
   647.99999999999739      -0.17474378451252762     
   648.79999999999734      -0.48271999586733139     
   649.59999999999729      -0.82692881136730989     
   650.39999999999725       -1.0883464581273585     
   651.19999999999720       -1.1407672998151974     
   651.99999999999716      -0.97418812511951081     
   652.79999999999711      -0.70064910692641424     
   653.59999999999707      -0.43712967908458039     
   654.39999999999702      -0.22277992194229773     
   655.19999999999698       -2.2008053119903587E-002
   655.99999999999693       0.22541984166638171     
   656.79999999999688       0.54538927359478462     
   657.59999999999684       0.88519765617902713     
   658.39999999999679        1.1159087196407218     
   659.19999999999675        1.1244905169186326     
   659.99999999999670       0.92812870519469104     
   660.79999999999666       0.64942804659597708     
   661.59999999999661       0.39460932049960201     
   662.39999999999657       0.18691891248574311     
   663.19999999999652       -1.8129359587571503E-002
   663.99999999999648      -0.27873701324430017     
   664.79999999999643      -0.60896296349045009     
   665.59999999999638      -0.93981089524963435     
   666.39999999999634       -1.1356518936413000     
   667.19999999999629       -1.1010619564896553     
   667.99999999999625      -0.87940108268115902     
   668.79999999999620      -0.59925641971038623     
   669.59999999999616      -0.35385294360302377     
   670.39999999999611      -0.15118363606155275     
   671.19999999999607        6.0241398059797557E-002
   671.99999999999602       0.33461258756609802     
   672.79999999999598       0.67277780023752620     
   673.59999999999593       0.98982464119644609     
   674.39999999999588        1.1472685529586271     
   675.19999999999584        1.0711491964023265     
   675.99999999999579       0.82885623398957997     
   676.79999999999575       0.55049842983237851     
   677.59999999999570       0.31468864746397596     
   678.39999999999566       0.11516235352405454     
   679.19999999999561      -0.10460065448151110     
   679.99999999999557      -0.39286408082523305     
   680.79999999999552      -0.73607538356070590     
   681.59999999999548       -1.0343358517366035     
   682.39999999999543       -1.1506454202362533     
   683.19999999999538       -1.0355256853350283     
   683.99999999999534      -0.77728718410928221     
   684.79999999999529      -0.50341016333612654     
   685.59999999999525      -0.27687457003838978     
   686.39999999999520       -7.8441396831698262E-002
   687.19999999999516       0.15141706022898838     
   687.99999999999511       0.45320397386722644     
   688.79999999999507       0.79801618218916093     
   689.59999999999502        1.0725191644800214     
   690.39999999999498        1.1458674478081945     
   691.19999999999493       0.99503690046732352     
   691.99999999999488       0.72540940720150071     
   692.79999999999484       0.45814121039231326     
   693.59999999999479       0.24011011622181438     
   694.39999999999475        4.0618420004509909E-002
   695.19999999999470      -0.20082704543471522     
   695.99999999999466      -0.51523581798729423     
   696.79999999999461      -0.85769816994588877     
   697.59999999999457       -1.1036625501694028     
   698.39999999999452       -1.1332117430867172     
   699.19999999999447      -0.95056710509607401     
   699.99999999999443      -0.67384636470232218     
   700.79999999999438      -0.41473878119836211     
   701.59999999999434      -0.20404726197471487     
   702.39999999999429       -1.3144754016331250E-003
   703.19999999999425       0.25288415398267150     
   703.99999999999420       0.57845300242847997     
   704.79999999999416       0.91418048433974952     
   705.59999999999411        1.1271990961544325     
   706.39999999999407        1.1131316664634412     
   707.19999999999402       0.90300804376873556     
   707.99999999999397       0.62312021256544026     
   708.79999999999393       0.37315459210896484     
   709.59999999999388       0.16830251625214732     
   710.39999999999384       -3.9814754769685184E-002
   711.19999999999379      -0.30755136052907039     
   711.99999999999375      -0.64224144013303963     
   712.79999999999370      -0.96651234135388020     
   713.59999999999366       -1.1427327151346363     
   714.39999999999361       -1.0862325199519693     
   715.19999999999357      -0.85323018808777351     
   715.99999999999352      -0.57364683479754419     
   716.79999999999347      -0.33325420590192123     
   717.59999999999343      -0.13246998139877048     
   718.39999999999338        8.3067813343675495E-002
   719.19999999999334       0.36469465477868923     
   719.99999999999329       0.70588680823556349     
   720.79999999999325        1.0137665849203035     
   721.59999999999320        1.1500560573267200     
   722.39999999999316        1.0532412469283390     
   723.19999999999311       0.80205704476176987     
   723.99999999999307       0.52573401707034728     
   724.79999999999302       0.29482784973017195     
   725.59999999999297        9.6135198093613261E-002
   726.39999999999293      -0.12868604405133233     
   727.19999999999288      -0.42407739989871640     
   727.99999999999284      -0.76858638400701718     
   728.79999999999279       -1.0550760739717291     
   729.59999999999275       -1.1491592994495305     
   730.39999999999270       -1.0149730675750293     
   731.19999999999266      -0.75024334859941821     
   731.99999999999261      -0.47958198555519288     
   732.79999999999256      -0.25760165132867419     
   733.59999999999252       -5.8888818657934522E-002
   734.39999999999247       0.17684234240433805     
   735.19999999999243       0.48535564981906931     
   735.99999999999238       0.82946542922302779     
   736.79999999999234        1.0896702579398347     
   737.59999999999229        1.1402289519579547     
   738.39999999999225       0.97229772112524682     
   739.19999999999220       0.69845807998663756     
   739.99999999999216       0.43528627894924088     
   740.79999999999211       0.22124885791805035     
   741.59999999999206        2.0339256480902040E-002
   742.39999999999202      -0.22763099449086865     
   743.19999999999197      -0.54807546482386105     
   743.99999999999193      -0.88759838867048413     
   744.79999999999188       -1.1169091210109190     
   745.59999999999184       -1.1236365545218092     
   746.39999999999179      -0.92610712500097292     
   747.19999999999175      -0.64727275432506071     
   747.99999999999170      -0.39284330131293671     
   748.79999999999166      -0.18540139965653407     
   749.59999999999161        1.9875764713253197E-002
   750.39999999999156       0.28105919958624964     
   751.19999999999152       0.61167359628412910     
   751.99999999999147       0.94203529886558079     
   752.79999999999143        1.1363120411339203     
   753.59999999999138        1.0999181434593674     
   754.39999999999134       0.87728534450752627     
   755.19999999999129       0.59715452954696180     
   755.99999999999125       0.35215857589348321     
   756.79999999999120       0.14966240953849033     
   757.59999999999116       -6.2078112351679676E-002
   758.39999999999111      -0.33704012543053063     
   759.19999999999106      -0.67548251330686782     
   759.99999999999102      -0.99183327081215356     
   760.79999999999097       -1.1475796238333373     
   761.59999999999093       -1.0697464686335580     
   762.39999999999088      -0.82668135443006985     
   763.19999999999084      -0.54846301380872919     
   763.99999999999079      -0.31305700133671577     
   764.79999999999075      -0.11361978509412229     
   765.59999999999070       0.10653794892438476     
   766.39999999999065       0.39538692772838635     
   767.19999999999061       0.73874005294332834     
   767.99999999999056        1.0360918109611634     
   768.79999999999052        1.1506069993276988     
   769.59999999999047        1.0338987287222088     
   770.39999999999043       0.77508525009280804     
   771.19999999999038       0.50144972093688833     
   771.99999999999034       0.27529399323583648     
   772.79999999999029        7.6860077383885089E-002
   773.59999999999025      -0.15346229652086113     
   774.39999999999020      -0.45580752598442703     
   775.19999999999015      -0.80060361665420188     
   775.99999999999011       -1.0739896642701872     
   776.79999999999006       -1.1454874771577475     
   777.59999999999002      -0.99322271385814132     
   778.39999999998997      -0.72320885378362143     
   779.19999999998993      -0.45625978976409098     
   779.99999999998988      -0.23856670987340514     
   780.79999999998984       -3.8981696928237941E-002
   781.59999999998979       0.20298424324426584     
   782.39999999998975       0.51790079354529894     
   783.19999999998970       0.86016901053364192     
   783.99999999998965        1.1048203549460460     
   784.79999999998961        1.1325060402517131     
   785.59999999998956       0.94860362517426433     
   786.39999999998952       0.67167147852193376     
   787.19999999998947       0.41293621487596899     
   787.99999999998943       0.20252537048509131     
   788.79999999998938       -3.9305818283233429E-004
   789.59999999998934      -0.25515363122195345     
   790.39999999998929      -0.58115546900581594     
   791.19999999998925      -0.91649432616375970     
   791.99999999998920       -1.1280237529678370     
   792.79999999998915       -1.1121230488578275     
   793.59999999998911      -0.90093286882474566     
   794.39999999998906      -0.62099084123292392     
   795.19999999998902      -0.37142684889340272     
   795.99999999998897      -0.16678525885997122     
   796.79999999998893        4.1606789918961523E-002
   797.59999999998888       0.30992943956561880     
   798.39999999998884       0.64495302774698648     
   799.19999999998879       0.96862907299747136     
