   0.0000000000000000       0.15313110990665391     
  0.80000000000000004       0.98594825885361770     
   1.6000000000000001       0.84290402714405110     
   2.4000000000000004      -0.22157971823450606     
   3.2000000000000002       -1.1059871267666777     
   4.0000000000000000      -0.83875503816663066     
   4.7999999999999998       0.25968291977382929     
   5.5999999999999996       0.99902231093197269     
   6.3999999999999995       0.63555413926279358     
   7.1999999999999993      -0.30114036537508238     
   7.9999999999999991      -0.72815671215743460     
   8.7999999999999989      -0.26038766756276599     
   9.5999999999999996       0.40533521542836948     
   10.400000000000000       0.41364490923212749     
   11.200000000000001      -0.20353911166155303     
   12.000000000000002      -0.59438208290502237     
   12.800000000000002      -0.17331257830017949     
   13.600000000000003       0.60808150282770490     
   14.400000000000004       0.76877956988220741     
   15.200000000000005        1.2102262153586452E-002
   16.000000000000004      -0.85382680473676831     
   16.800000000000004      -0.81616575933183066     
   17.600000000000005       0.11950952864884801     
   18.400000000000006       0.92143203790433548     
   19.200000000000006       0.69971623938166516     
   20.000000000000007      -0.24890726074624725     
   20.800000000000008      -0.83466131079910033     
   21.600000000000009      -0.43624147953570624     
   22.400000000000009       0.39422571796853056     
   23.200000000000010       0.65211059636245006     
   24.000000000000011        7.6603289777387840E-002
   24.800000000000011      -0.56609382519307738     
   25.600000000000012      -0.44885506946474762     
   26.400000000000013       0.29439264398104870     
   27.200000000000014       0.72886923289213901     
   28.000000000000014       0.26323536444758078     
   28.800000000000015      -0.59189011212067100     
   29.600000000000016      -0.81064466391450196     
   30.400000000000016       -8.5600883177969544E-002
   31.200000000000017       0.77012927030462297     
   32.000000000000014       0.76323775269189698     
   32.800000000000011       -9.8680932640622609E-002
   33.600000000000009      -0.82095747178115819     
   34.400000000000006      -0.58384392274862962     
   35.200000000000003       0.29200676752309396     
   36.000000000000000       0.76472057394208370     
   36.799999999999997       0.30399544159652414     
   37.599999999999994      -0.48913829259675412     
   38.399999999999991      -0.64080044065724096     
   39.199999999999989        2.1679431467073962E-002
   39.999999999999986       0.66869075110439147     
   40.799999999999983       0.48335548331363554     
   41.599999999999980      -0.33057091328854349     
   42.399999999999977      -0.78763456642876661     
   43.199999999999974      -0.30282849766568776     
   43.999999999999972       0.57350913445122864     
   44.799999999999969       0.80403521690443336     
   45.599999999999966        9.8270106765272702E-002
   46.399999999999963      -0.72403120212067840     
   47.199999999999960      -0.70200669234487489     
   47.999999999999957       0.12495971205209278     
   48.799999999999955       0.77702439316696192     
   49.599999999999952       0.49571330703092398     
   50.399999999999949      -0.35293462477839732     
   51.199999999999946      -0.74506966981570688     
   51.999999999999943      -0.22120119120585036     
   52.799999999999940       0.56379195654804504     
   53.599999999999937       0.64787788046601769     
   54.399999999999935       -7.5017751469408589E-002
   55.199999999999932      -0.72586586202646475     
   55.999999999999929      -0.49907867874729944     
   56.799999999999926       0.34862972990451307     
   57.599999999999923       0.80471683374050884     
   58.399999999999920       0.30545476222005707     
   59.199999999999918      -0.56611271853307832     
   59.999999999999915      -0.77852789375082032     
   60.799999999999912       -7.6605186309764761E-002
   61.599999999999909       0.70724283791358289     
   62.399999999999906       0.64750962614362573     
   63.199999999999903      -0.17007033538285254     
   63.999999999999901      -0.76533872985651996     
   64.799999999999898      -0.43250661127556200     
   65.599999999999895       0.41058024303911866     
   66.399999999999892       0.74430387953929533     
   67.199999999999889       0.16738443383622670     
   67.999999999999886      -0.61582885494853123     
   68.799999999999883      -0.65179182235027233     
   69.599999999999881       0.11015915108369045     
   70.399999999999878       0.75482998986655836     
   71.199999999999875       0.49528313018663189     
   71.999999999999872      -0.36572612613512551     
   72.799999999999869      -0.80281650254662518     
   73.599999999999866      -0.28523632232445584     
   74.399999999999864       0.57170464515895025     
   75.199999999999861       0.74979166204915848     
   75.999999999999858        3.9201419700040874E-002
   76.799999999999855      -0.70901218950174705     
   77.599999999999852      -0.60343021855649748     
   78.399999999999849       0.21836992731844962     
   79.199999999999847       0.76787554088898990     
   79.999999999999844       0.38582332799107627     
   80.799999999999841      -0.45861737784592421     
   81.599999999999838      -0.74615204664531265     
   82.399999999999835      -0.12711818086848314     
   83.199999999999832       0.65117241958787664     
   83.999999999999829       0.64667330859530103     
   84.799999999999827      -0.14060231173781312     
   85.599999999999824      -0.76887735311338457     
   86.399999999999821      -0.47728871175023013     
   87.199999999999818       0.38724270530462546     
   87.999999999999815       0.79414664604187424     
   88.799999999999812       0.25306189662279543     
   89.599999999999810      -0.58693859224739942     
   90.399999999999807      -0.72346752172843654     
   91.199999999999804        3.2965299670113524E-003
   91.999999999999801       0.71998223563379482     
   92.799999999999798       0.56752540578745814     
   93.599999999999795      -0.26369193874670294     
   94.399999999999793      -0.77409991486896368     
   95.199999999999790      -0.34773822098382839     
   95.999999999999787       0.49774811579745454     
   96.799999999999784       0.74439728646895442     
   97.599999999999781        9.1536635132369537E-002
   98.399999999999778      -0.67630259034406626     
   99.199999999999775      -0.63316284948120072     
   99.999999999999773       0.17166807131910033     
   100.79999999999977       0.77600253374703243     
   101.59999999999977       0.45067874982809208     
   102.39999999999976      -0.41324047263108399     
   103.19999999999976      -0.78396922070054087     
   103.99999999999976      -0.21571968327454938     
   104.79999999999976       0.60749658863944755     
   105.59999999999975       0.70011599407897152     
   106.39999999999975       -4.5991770984465385E-002
   107.19999999999975      -0.73393055526237261     
   107.99999999999974      -0.53622545311245584     
   108.79999999999974       0.30483722151516024     
   109.59999999999974       0.77910865969237997     
   110.39999999999974       0.31298558448837382     
   111.19999999999973      -0.53056054313656720     
   111.99999999999973      -0.73778648930734159     
   112.79999999999973       -5.6534932381711478E-002
   113.59999999999972       0.69579355506617002     
   114.39999999999972       0.61360185007034085     
   115.19999999999972      -0.20461090331909415     
   115.99999999999972      -0.78016559850901057     
   116.79999999999971      -0.41946168532972561     
   117.59999999999971       0.44207704331406827     
   118.39999999999971       0.77379865437400064     
   119.19999999999970       0.17673170054496234     
   119.99999999999970      -0.62998392663538316     
   120.79999999999970      -0.67851345898883231     
   121.59999999999970        8.7259016805981471E-002
   122.39999999999969       0.74749622072591981     
   123.19999999999969       0.50666799248407102     
   123.99999999999969      -0.34247757593425476     
   124.79999999999968      -0.78123288711950178     
   125.59999999999968      -0.27877138580289496     
   126.39999999999968       0.55936546460671011     
   127.19999999999968       0.72692192638143593     
   127.99999999999967        2.0705564464620352E-002
   128.79999999999967      -0.71222433726668055     
   129.59999999999968      -0.59012568155035383     
   130.39999999999969       0.23906251752588215     
   131.19999999999970       0.78289834271100867     
   131.99999999999972       0.38598165174899213     
   132.79999999999973      -0.47204787964822448     
   133.59999999999974      -0.76353781400569587     
   134.39999999999975      -0.13757666635928878     
   135.19999999999976       0.65229685619941202     
   135.99999999999977       0.65727481192043880     
   136.79999999999978      -0.12694684718076943     
   137.59999999999980      -0.75921916709002635     
   138.39999999999981      -0.47711522353194424     
   139.19999999999982       0.37761271305549748     
   139.99999999999983       0.78028944835444869     
   140.79999999999984       0.24392784411000534     
   141.59999999999985      -0.58565435770048546     
   142.39999999999986      -0.71277625249252030     
   143.19999999999987        1.6101062462267501E-002
   143.99999999999989       0.72677389130680337     
   144.79999999999990       0.56417149182047721     
   145.59999999999991      -0.27424983519955504     
   146.39999999999992      -0.78452637069140196     
   147.19999999999993      -0.35139042234488216     
   147.99999999999994       0.50192071940839911     
   148.79999999999995       0.75263451631662526     
   149.59999999999997        9.8687621527526526E-002
   150.39999999999998      -0.67335285500942565     
   151.19999999999999      -0.63540987962020390     
   152.00000000000000       0.16536830249198431     
   152.80000000000001       0.76865756587620226     
   153.60000000000002       0.44672698861872912     
   154.40000000000003      -0.41100727445674740     
   155.20000000000005      -0.77659795584794744     
   156.00000000000006      -0.20815632655516580     
   156.80000000000007       0.61019631375357253     
   157.60000000000008       0.69614423712373419     
   158.40000000000009       -5.3585882785583183E-002
   159.20000000000010      -0.73982837031001858     
   160.00000000000011      -0.53654653114541329     
   160.80000000000013       0.30948590395258946     
   161.60000000000014       0.78490937657776616     
   162.40000000000015       0.31615309470757280     
   163.20000000000016      -0.53096036138667602     
   164.00000000000017      -0.74057785088046746     
   164.80000000000018       -6.0076858885061646E-002
   165.60000000000019       0.69269704019924361     
   166.40000000000020       0.61237083301831796     
   167.20000000000022      -0.20285274644627083     
   168.00000000000023      -0.77580735141251522     
   168.80000000000024      -0.41521387919955621     
   169.60000000000025       0.44309685539940991     
   170.40000000000026       0.77053454388374742     
   171.20000000000027       0.17153556007378812     
   172.00000000000028      -0.63329014501152536     
   172.80000000000030      -0.67753662445628993     
   173.60000000000031        9.1379202619738420E-002
   174.40000000000032       0.75140746802424285     
   175.20000000000033       0.50764246823187209     
   176.00000000000034      -0.34429356528281674     
   176.80000000000035      -0.78381034707534902     
   177.60000000000036      -0.28041154863116391     
   178.40000000000038       0.55878635020889023     
   179.20000000000039       0.72703752360426999     
   180.00000000000040        2.1654062515868655E-002
   180.80000000000041      -0.71019114870809108     
   181.60000000000042      -0.58793013925579674     
   182.40000000000043       0.23960682199870220     
   183.20000000000044       0.78079415017484055     
   184.00000000000045       0.38256416063261711     
   184.80000000000047      -0.47406182253723983     
   185.60000000000048      -0.76238290091480088     
   186.40000000000049      -0.13425987897218661     
   187.20000000000050       0.65498510109135699     
   188.00000000000051       0.65723716866434712     
   188.80000000000052      -0.12917580612931978     
   189.60000000000053      -0.76140684682550919     
   190.40000000000055      -0.47762819402278978     
   191.20000000000056       0.37837981691955025     
   192.00000000000057       0.78103864079772645     
   192.80000000000058       0.24419349250132327     
   193.60000000000059      -0.58522242793987855     
   194.40000000000060      -0.71185132024149578     
   195.20000000000061        1.6646621258488814E-002
   196.00000000000063       0.72582358823526893     
   196.80000000000064       0.56204586558065261     
   197.60000000000065      -0.27571084904019627     
   198.40000000000066      -0.78374230291288427     
   199.20000000000067      -0.34887744590182568     
   200.00000000000068       0.50392836694773124     
   200.80000000000069       0.75231960281710841     
   201.60000000000070        9.6525871575848354E-002
   202.40000000000072      -0.67522492189160122     
   203.20000000000073      -0.63539078081992462     
   204.00000000000074       0.16675613263429634     
   204.80000000000075       0.76971094522474925     
   205.60000000000076       0.44657696992034990     
   206.40000000000077      -0.41157252637285557     
   207.20000000000078      -0.77648034255384346     
   208.00000000000080      -0.20751059220380863     
   208.80000000000081       0.61018953557911570     
   209.60000000000082       0.69497062531529541     
   210.40000000000083       -5.4836070193982289E-002
   211.20000000000084      -0.73961459888848946     
   212.00000000000085      -0.53476504367865052     
   212.80000000000086       0.31115682961064428     
   213.60000000000088       0.78473735216698870     
   214.40000000000089       0.31428137395897676     
   215.20000000000090      -0.53264688030340168     
   216.00000000000091      -0.74044406484296510     
   216.80000000000092       -5.8497910540934672E-002
   217.60000000000093       0.69392488951398656     
   218.40000000000094       0.61207382580718417     
   219.20000000000095      -0.20396673578877711     
   220.00000000000097      -0.77623196549838680     
   220.80000000000098      -0.41453465966837222     
   221.60000000000099       0.44376506067169275     
   222.40000000000100       0.77008514405622064     
   223.20000000000101       0.17039304628105867     
   224.00000000000102      -0.63364482436029568     
   224.80000000000103      -0.67641020210530300     
   225.60000000000105        9.2877990240065489E-002
   226.40000000000106       0.75157926690174603     
   227.20000000000107       0.50616825143680200     
   228.00000000000108      -0.34588732651867293     
   228.80000000000109      -0.78382812842947680     
   229.60000000000110      -0.27889859394801086     
   230.40000000000111       0.56013966015156746     
   231.20000000000113       0.72681261394998908     
   232.00000000000114        2.0307776615791973E-002
   232.80000000000115      -0.71100512708207131     
   233.60000000000116      -0.58733735137929521     
   234.40000000000117       0.24069448906938029     
   235.20000000000118       0.78091454921814407     
   236.00000000000119       0.38154921295054656     
   236.80000000000121      -0.47488027583803649     
   237.60000000000122      -0.76184414810197976     
   238.40000000000123      -0.13289445246202614     
   239.20000000000124       0.65555330118241784     
   240.00000000000125       0.65621475276631891     
   240.80000000000126      -0.13070583434419092     
   241.60000000000127      -0.76171935398045265     
   242.40000000000128      -0.47634355116790872     
   243.20000000000130       0.37982278461504426     
   244.00000000000131       0.78104009013460540     
   244.80000000000132       0.24283884784729504     
   245.60000000000133      -0.58632487229731400     
   246.40000000000134      -0.71146326550237438     
   247.20000000000135        1.7935442823253767E-002
   248.00000000000136       0.72640050771622588     
   248.80000000000138       0.56122881830829829     
   249.60000000000139      -0.27684684233883805     
   250.40000000000140      -0.78372864357269456     
   251.20000000000141      -0.34767940936961006     
   252.00000000000142       0.50485141755964147     
   252.80000000000143       0.75177177099131076     
   253.60000000000144        9.5086249083873975E-002
   254.40000000000146      -0.67587806066438150     
   255.20000000000147      -0.63444079663907649     
   256.00000000000148       0.16823731727248570     
   256.80000000000149       0.77002633963438172     
   257.60000000000150       0.44537717024300683     
   258.40000000000151      -0.41287709811000473     
   259.20000000000152      -0.77638793081764679     
   260.00000000000153      -0.20620092071945340     
   260.80000000000155       0.61112608817217950     
   261.60000000000156       0.69443003565415218     
   262.40000000000157       -5.6135460404768245E-002
   263.20000000000158      -0.74006048298592453     
   264.00000000000159      -0.53380063576185455     
   264.80000000000160       0.31233999011461955     
   265.60000000000161       0.78466099258591981     
   266.40000000000163       0.31299465261788051     
   267.20000000000164      -0.53361402630632127     
   268.00000000000165      -0.73989443755016415     
   268.80000000000166       -5.7050698871996652E-002
   269.60000000000167       0.69457916737593672     
   270.40000000000168       0.61114868555758017     
   271.20000000000169      -0.20538382008901701     
   272.00000000000171      -0.77648692200522029     
   272.80000000000172      -0.41335199196768080     
   273.60000000000173       0.44496495116684431     
   274.40000000000174       0.76988406713544699     
   275.20000000000175       0.16907687995778919     
   276.00000000000176      -0.63447460804209832     
   276.80000000000177      -0.67574966353279886     
   277.60000000000178        9.4201979063989083E-002
   278.40000000000180       0.75194594038747209     
   279.20000000000181       0.50511206218522375     
   280.00000000000182      -0.34709309585732329     
   280.80000000000183      -0.78370882396513375     
   281.60000000000184      -0.27757209730265320     
   282.40000000000185       0.56110370219675665     
   283.20000000000186       0.72624477800161080     
   284.00000000000188        1.8875540439762140E-002
   284.80000000000189      -0.71161553521538845     
   285.60000000000190      -0.58640006979274129     
   286.40000000000191       0.24205543910017679     
   287.20000000000192       0.78108757553988406     
   288.00000000000193       0.38034878091889573     
   288.80000000000194      -0.47600450390801891     
   289.60000000000196      -0.76154325348692575     
   290.40000000000197      -0.13155563836841899     
   291.20000000000198       0.65630894866715483     
   292.00000000000199       0.65546394612654224     
   292.80000000000200      -0.13204694377689774     
   293.60000000000201      -0.76202614574290017     
   294.40000000000202      -0.47522848090963765     
   295.20000000000203       0.38102616554989854     
   296.00000000000205       0.78087612982224130     
   296.80000000000206       0.24149380581428559     
   297.60000000000207      -0.58725638610192732     
   298.40000000000208      -0.71085923788682615     
   299.20000000000209        1.9349271009891145E-002
   300.00000000000210       0.72694717313666590     
   300.80000000000211       0.56025772609356073     
   301.60000000000213      -0.27816323923250286     
   302.40000000000214      -0.78381742349281169     
   303.20000000000215      -0.34644778437686963     
   304.00000000000216       0.50591792099020394     
   304.80000000000217       0.75138458813191722     
   305.60000000000218        9.3725165244200936E-002
   306.40000000000219      -0.67657368151399777     
   307.20000000000221      -0.63361999818921277     
   308.00000000000222       0.16958291094554778     
   308.80000000000223       0.77027666320367616     
   309.60000000000224       0.44422005714347490     
   310.40000000000225      -0.41405973346966496     
   311.20000000000226      -0.77617185989393489     
   312.00000000000227      -0.20484473131659808     
   312.80000000000229       0.61200937695023927     
   313.60000000000230       0.69377741777305235     
   314.40000000000231       -5.7533248805273773E-002
   315.20000000000232      -0.74053688408274698     
   316.00000000000233      -0.53278609199430493     
   316.80000000000234       0.31362003656165582     
   317.60000000000235       0.78466971482850889     
   318.40000000000236       0.31172989051163374     
   319.20000000000238      -0.53463115418127849     
   320.00000000000239      -0.73943209310753311     
   320.80000000000240       -5.5673560753595641E-002
   321.60000000000241       0.69521847641414991     
   322.40000000000242       0.61026976767611540     
   323.20000000000243      -0.20672260527658926     
   324.00000000000244      -0.77667821769395406     
   324.80000000000246      -0.41216056487405595     
   325.60000000000247       0.44611525518323913     
   326.40000000000248       0.76960923038537810     
   327.20000000000249       0.16771151097021386     
   328.00000000000250      -0.63530231970467654     
   328.80000000000251      -0.67504210091540828     
   329.60000000000252        9.5586122671583840E-002
   330.40000000000254       0.75235130269475725     
   331.20000000000255       0.50405179090635688     
   332.00000000000256      -0.34834055945757136     
   332.80000000000257      -0.78364241826228853     
   333.60000000000258      -0.27627723631282075     
   334.40000000000259       0.56207363179428771     
   335.20000000000260       0.72571466081046521     
   336.00000000000261        1.7489408476405011E-002
   336.80000000000263      -0.71219754122754497     
   337.60000000000264      -0.58546943177017530     
   338.40000000000265       0.24337902330764161     
   339.20000000000266       0.78121619517057628     
   340.00000000000267       0.37912656547054563     
   340.80000000000268      -0.47711566001001776     
   341.60000000000269      -0.76120556233616710     
   342.40000000000271      -0.13018181653079219     
   343.20000000000272       0.65707793789663849     
   344.00000000000273       0.65469944111872647     
   344.80000000000274      -0.13341812770649308     
   345.60000000000275      -0.76236143411747259     
   346.40000000000276      -0.47412393498890326     
   347.20000000000277       0.38224143553820145     
   348.00000000000279       0.78073835640566180     
   348.80000000000280       0.24017340401250720     
   349.60000000000281      -0.58817807901253638     
   350.40000000000282      -0.71026579827676795     
   351.20000000000283        2.0738247408666810E-002
   352.00000000000284       0.72746938852712839     
   352.80000000000285       0.55927889424727062     
   353.60000000000286      -0.27946572585487606     
   354.40000000000288      -0.78388048847610758     
   355.20000000000289      -0.34519688317273345     
   356.00000000000290       0.50698584962601323     
   356.80000000000291       0.75098230754844875     
   357.60000000000292        9.2344016727250455E-002
   358.40000000000293      -0.67728251606375878     
   359.20000000000294      -0.63279910011759710     
   360.00000000000296       0.17094011916146390     
   360.80000000000297       0.77054289046855273     
   361.60000000000298       0.44307420909854833     
   362.40000000000299      -0.41524119395154402     
   363.20000000000300      -0.77596514615056078     
   364.00000000000301      -0.20350337546190145     
   364.80000000000302       0.61288049454799964     
   365.60000000000304       0.69312335827408356     
   366.40000000000305       -5.8920081045804040E-002
   367.20000000000306      -0.74099680271171131     
   368.00000000000307      -0.53176141594770154     
   368.80000000000308       0.31489715614907932     
   369.60000000000309       0.78466549042120937     
   370.40000000000310       0.31045226954809985     
   371.20000000000312      -0.53565309473335487     
   372.00000000000313      -0.73896509902070029     
   372.80000000000314       -5.4286983494480578E-002
   373.60000000000315       0.69586620529663801     
   374.40000000000316       0.60939428384939143     
   375.20000000000317      -0.20806365291352780     
   376.00000000000318      -0.77687597197893432     
   376.80000000000319      -0.41097680311269780     
   377.60000000000321       0.44726033681532129     
   378.40000000000322       0.76933508248129545     
   379.20000000000323       0.16635337098014469     
   380.00000000000324      -0.63612024057528471     
   380.80000000000325      -0.67432931513309347     
   381.60000000000326        9.6966706457557117E-002
   382.40000000000327       0.75274690221102836     
   383.20000000000329       0.50298334410053802     
   384.00000000000330      -0.34958892875506709     
   384.80000000000331      -0.78357012541165993     
   385.60000000000332      -0.27497516695167823     
   386.40000000000333       0.56304734554154068     
   387.20000000000334       0.72518376687686736     
   388.00000000000335        1.6099948758750648E-002
   388.80000000000337      -0.71278322287251272     
   389.60000000000338      -0.58454169058515948     
   390.40000000000339       0.24470108563294324     
   391.20000000000340       0.78134568011997885     
   392.00000000000341       0.37790825869707378     
   392.80000000000342      -0.47822147592679098     
   393.60000000000343      -0.76086502196324779     
   394.40000000000344      -0.12881064746083437     
   395.20000000000346       0.65784019462700560     
   396.00000000000347       0.65392958585017436     
   396.80000000000348      -0.13478889512453918     
   397.60000000000349      -0.76269123020616947     
   398.40000000000350      -0.47301389748328337     
   399.20000000000351       0.38345808361568556     
   400.00000000000352       0.78059787178337792     
   400.80000000000354       0.23884951452919523     
   401.60000000000355      -0.58910148553462405     
   402.40000000000356      -0.70967231015397092     
   403.20000000000357        2.2127630867752157E-002
   404.00000000000358       0.72799199431780359     
   404.80000000000359       0.55830139900134146     
   405.60000000000360      -0.28076570663633726     
   406.40000000000362      -0.78394170560327758     
   407.20000000000363      -0.34394727629373728     
   408.00000000000364       0.50804951411126398     
   408.80000000000365       0.75057628053406866     
   409.60000000000366        9.0963292024068498E-002
   410.40000000000367      -0.67798692468575328     
   411.20000000000368      -0.63197387951529305     
   412.00000000000369       0.17229777769424948     
   412.80000000000371       0.77080583960284188     
   413.60000000000372       0.44192497551252530     
   414.40000000000373      -0.41642331590007009     
   415.20000000000374      -0.77575676039577401     
   416.00000000000375      -0.20216056800093130     
   416.80000000000376       0.61375155241266344     
   417.60000000000377       0.69246883247419433     
   418.40000000000379       -6.0306216265590518E-002
   419.20000000000380      -0.74145526446820720     
   420.00000000000381      -0.53073672030153773     
   420.80000000000382       0.31617189729967565     
   421.60000000000383       0.78465840796304842     
   422.40000000000384       0.30917450838744864     
   423.20000000000385      -0.53667185119059535     
   424.00000000000387      -0.73849454319123276     
   424.80000000000388       -5.2900024712349447E-002
   425.60000000000389       0.69651086382061367     
   426.40000000000390       0.60851555807201763     
   427.20000000000391      -0.20940503234522823     
   428.00000000000392      -0.77707135855865606     
   428.80000000000393      -0.40979097301569939     
   429.60000000000394       0.44840519367246318     
   430.40000000000396       0.76905934979554469     
   431.20000000000397       0.16499472177913477     
   432.00000000000398      -0.63693694039220639     
   432.80000000000399      -0.67361545229402586     
   433.60000000000400        9.8346337190468036E-002
   434.40000000000401       0.75314018936149751     
   435.20000000000402       0.50191403013064728     
   436.00000000000404      -0.35083531037485960     
   436.80000000000405      -0.78349479079472828     
   437.60000000000406      -0.27367235161154080     
   438.40000000000407       0.56401860014904848     
   439.20000000000408       0.72464977872887726     
   440.00000000000409        1.4710012547256013E-002
   440.80000000000410      -0.71336647210889892     
   441.60000000000412      -0.58361149667850531     
   442.40000000000413       0.24602306620821501     
   443.20000000000414       0.78147303364293041     
   444.00000000000415       0.37668859264797572     
   444.80000000000416      -0.47932637169589987     
   445.60000000000417      -0.76052268278224355     
   446.40000000000418      -0.12743933074101432     
   447.20000000000420       0.65860059010990391     
   448.00000000000421       0.65315819577842626     
   448.80000000000422      -0.13615875117931719     
   449.60000000000423      -0.76301841282031968     
   450.40000000000424      -0.47190258901450771     
   451.20000000000425       0.38467306275565089     
   452.00000000000426       0.78045447202423146     
   452.80000000000427       0.23752474272002078     
   453.60000000000429      -0.59002280442426380     
   454.40000000000430      -0.70907615333935470     
   455.20000000000431        2.3517307096412088E-002
   456.00000000000432       0.72851238050012890     
   456.80000000000433       0.55732193724668067     
   457.60000000000434      -0.28206519569945576     
   458.40000000000435      -0.78400075226195498     
   459.20000000000437      -0.34269665294785789     
   460.00000000000438       0.50911180549023483     
   460.80000000000439       0.75016822916406589     
   461.60000000000440        8.9582532389094083E-002
   462.40000000000441      -0.67868916745777785     
   463.20000000000442      -0.63114687696157101     
   464.00000000000443       0.17365460803459365     
   464.80000000000445       0.77106612819611986     
   465.60000000000446       0.44077435568857304     
   466.40000000000447      -0.41760393737100943     
   467.20000000000448      -0.77554564766952461     
   468.00000000000449      -0.20081695993477011     
   468.80000000000450       0.61462065088843709     
   469.60000000000451       0.69181193885728753     
   470.40000000000452       -6.1692396889212020E-002
   471.20000000000454      -0.74191151486137952     
   472.00000000000455      -0.52971033250617572     
   472.80000000000456       0.31744582981891079     
   473.60000000000457       0.78464904727092966     
   474.40000000000458       0.30789589292021724     
   475.20000000000459      -0.53768896661091337     
   476.00000000000460      -0.73802181800827127     
   476.80000000000462       -5.1513070785879855E-002
   477.60000000000463       0.69715323027536358     
   478.40000000000464       0.60763496735234923     
   479.20000000000465      -0.21074561884161502     
   480.00000000000466      -0.77726412487296048     
   480.80000000000467      -0.40860379549809267     
   481.60000000000468       0.44954859151950466     
   482.40000000000470       0.76878104799692970     
   483.20000000000471       0.16363542984490476     
   484.00000000000472      -0.63775167511386477     
   484.80000000000473      -0.67289941316130630     
   485.60000000000474        9.9725786584471066E-002
   486.40000000000475       0.75353120004956831     
   487.20000000000476       0.50084318016857043     
   488.00000000000477      -0.35208065872820149     
   488.80000000000479      -0.78341708658792997     
   489.60000000000480      -0.27236877505478874     
   490.40000000000481       0.56498805817203746     
   491.20000000000482       0.72411356116210057     
   492.00000000000483        1.3320123186581379E-002
   492.80000000000484      -0.71394738102804034     
   493.60000000000485      -0.58267945575092028     
   494.40000000000487       0.24734422939035994     
   495.20000000000488       0.78159781935078743     
   496.00000000000489       0.37546768522437457     
   496.80000000000490      -0.48042976982893149     
   497.60000000000491      -0.76017788560898192     
   498.40000000000492      -0.12606753965824102     
   499.20000000000493       0.65935895648931298     
   500.00000000000495       0.65238475139529184     
   500.80000000000496      -0.13752823904237377     
   501.60000000000497      -0.76334324449522628     
   502.40000000000498      -0.47078984792568440     
   503.20000000000499       0.38588684861446826     
   504.00000000000500       0.78030865009429529     
   504.80000000000501       0.23619928876600205     
   505.60000000000502      -0.59094222861252010     
   506.40000000000504      -0.70847776869739942     
   507.20000000000505        2.4906870441110729E-002
   508.00000000000506       0.72903040366041205     
   508.80000000000507       0.55634069849869383     
   509.60000000000508      -0.28336379843344361     
   510.40000000000509      -0.78405727125062019     
   511.20000000000510      -0.34144491552606343     
   512.00000000000512       0.51017252029341553     
   512.80000000000507       0.74975779541468623     
   513.60000000000502        8.8201454519374889E-002
   514.40000000000498      -0.67938930118544016     
   515.20000000000493      -0.63031790732490323     
   516.00000000000489       0.17501091713164718     
   516.80000000000484       0.77132400603998308     
   517.60000000000480       0.43962239056183927     
   518.40000000000475      -0.41878324294040015     
   519.20000000000471      -0.77533209555430826     
   520.00000000000466      -0.19947275592820946     
   520.80000000000462       0.61548778125858217     
   521.60000000000457       0.69115285624667278     
   522.40000000000452       -6.3078375472522263E-002
   523.20000000000448      -0.74236538324568746     
   524.00000000000443      -0.52868226035212917     
   524.80000000000439       0.31871878139627086     
   525.60000000000434       0.78463718505071967     
   526.40000000000430       0.30661629224399450     
   527.20000000000425      -0.53870441175828976     
   528.00000000000421      -0.73754676657576801     
   528.80000000000416       -5.0125939532451369E-002
   529.60000000000412       0.69779341120056915     
   530.40000000000407       0.60675248450589714     
   531.20000000000402      -0.21208555306532118     
   532.00000000000398      -0.77745443991692575     
   532.80000000000393      -0.40741536069763884     
   533.60000000000389       0.45069056954910469     
   534.40000000000384       0.76850031482425241     
   535.20000000000380       0.16227563974416059     
   536.00000000000375      -0.63856437712242997     
   536.80000000000371      -0.67218124384269839     
   537.60000000000366       0.10110492919029557     
   538.40000000000362       0.75391980759409127     
   539.20000000000357       0.49977074638181351     
   540.00000000000352      -0.35332492006547156     
   540.80000000000348      -0.78333689865577805     
   541.60000000000343      -0.27106433787302897     
   542.40000000000339       0.56595575100152506     
   543.20000000000334       0.72357506646949332     
   544.00000000000330        1.1930185973758500E-002
   544.80000000000325      -0.71452603794112457     
   545.60000000000321      -0.58174559717655416     
   546.40000000000316       0.24866462147917923     
   547.20000000000312       0.78172012990575612     
   548.00000000000307       0.37424561478775697     
   548.80000000000302      -0.48153165261975650     
   549.60000000000298      -0.75983068125950071     
   550.40000000000293      -0.12469535775348806     
   551.20000000000289       0.66011522844504178     
   552.00000000000284       0.65160924575735968     
   552.80000000000280      -0.13889730706019643     
   553.60000000000275      -0.76366565051177293     
   554.40000000000271      -0.46967562561522319     
   555.20000000000266       0.38709943849492695     
   556.00000000000261       0.78016036001677391     
   556.80000000000257       0.23487309449529103     
   557.60000000000252      -0.59185979730770610     
   558.40000000000248      -0.70787715656867645     
   559.20000000000243        2.6296359005843706E-002
   560.00000000000239       0.72954611905288702     
   560.80000000000234       0.55535772100113090     
   561.60000000000230      -0.28466151731550382     
   562.40000000000225      -0.78411130380922645     
   563.20000000000221      -0.34019211602067023     
   564.00000000000216       0.51123162807441402     
   564.80000000000211       0.74934498890257528     
   565.60000000000207        8.6820099361054059E-002
   566.40000000000202      -0.68008728066792812     
   567.20000000000198      -0.62948695083735895     
   568.00000000000193       0.17636669006775563     
   568.80000000000189       0.77157943687248687     
   569.60000000000184       0.43846904742249571     
   570.40000000000180      -0.41996124502124454     
   571.20000000000175      -0.77511609298636541     
   572.00000000000171      -0.19812792931677092     
   572.80000000000166       0.61635297226940666     
   573.60000000000161       0.69049159997231357     
   574.40000000000157       -6.4464160130450865E-002
   575.20000000000152      -0.74281689757199998     
   576.00000000000148      -0.52765253400933676     
   576.80000000000143       0.31999073934310085     
   577.60000000000139       0.78462283450989501     
   578.40000000000134       0.30533573573957973     
   579.20000000000130      -0.53971816072144096     
   580.00000000000125      -0.73706938377206654     
   580.80000000000121       -4.8738647883132646E-002
   581.60000000000116       0.69843138078184253     
   582.40000000000111       0.60586809296247479     
   583.20000000000107      -0.21342483446318250     
   584.00000000000102      -0.77764229006012420     
   584.80000000000098      -0.40622565191156146     
   585.60000000000093       0.45183113985807355     
   586.40000000000089       0.76821715345900332     
   587.20000000000084       0.16091534374616079     
   588.00000000000080      -0.63937506245109621     
   588.80000000000075      -0.67146096020371249     
   589.60000000000070       0.10248376031773865     
   590.40000000000066       0.75430602283588910     
   591.20000000000061       0.49869674833125566     
   592.00000000000057      -0.35456807983488092     
   592.80000000000052      -0.78325422790120092     
   593.60000000000048      -0.26975905492574614     
   594.40000000000043       0.56692166113483622     
   595.20000000000039       0.72303428731775954     
   596.00000000000034        1.0540206757633008E-002
   596.80000000000030      -0.71510243031203968     
   597.60000000000025      -0.58080991142857608     
   598.40000000000020       0.24998424517470186     
   599.20000000000016       0.78183996265164346     
   600.00000000000011       0.37302237577678077     
   600.80000000000007      -0.48263202733069788     
   601.60000000000002      -0.75948107663640940     
   602.39999999999998      -0.12332278666030039     
   603.19999999999993       0.66086941257561338     
   603.99999999999989       0.65083169083235304     
   604.79999999999984      -0.14026594683398752     
   605.59999999999980      -0.76398563299954403     
   606.39999999999975      -0.46855993358025166     
   607.19999999999970       0.38831082059388039     
   607.99999999999966       0.78000959896928546     
   608.79999999999961       0.23354616714178589     
   609.59999999999957      -0.59277550006140756     
   610.39999999999952      -0.70727431189607759     
   611.19999999999948        2.7685770750186744E-002
   611.99999999999943       0.73005952156663734     
   612.79999999999939       0.55437300128963662     
   613.59999999999934      -0.28595835397844471     
   614.39999999999930      -0.78416285144078546     
   615.19999999999925      -0.33893825515209747     
   615.99999999999920       0.51228913142046983     
   616.79999999999916       0.74892981601332886     
   617.59999999999911        8.5438472174853786E-002
   618.39999999999907      -0.68078310701437073     
   619.19999999999902      -0.62865401549724242     
   619.99999999999898       0.17772191862055475     
   620.79999999999893       0.77183241938947889     
   621.59999999999889       0.43731433298084332     
   622.39999999999884      -0.42113793514281395     
   623.19999999999879      -0.77489763720740501     
   623.99999999999875      -0.19678248412879407     
   624.79999999999870       0.61721621801050486     
   625.59999999999866       0.68982816795126134     
   626.39999999999861       -6.5849749282396175E-002
   627.19999999999857      -0.74326605617574326     
   627.99999999999852      -0.52662115395602438     
   628.79999999999848       0.32126170327081027     
   629.59999999999843       0.78460599804966036     
   630.39999999999839       0.30405422704646573     
   631.19999999999834      -0.54073021293593837     
   631.99999999999829      -0.73658967441842571     
   632.79999999999825       -4.7351201897182893E-002
   633.59999999999820       0.69906713757572259     
   634.39999999999816       0.60498179800386143     
   635.19999999999811      -0.21476345611790726     
   635.99999999999807      -0.77782767327693836     
   636.79999999999802      -0.40503467354662970     
   637.59999999999798       0.45297029649914022     
   638.39999999999793       0.76793156238721827     
   639.19999999999789       0.15955454499165256     
   639.99999999999784      -0.64018372763267350     
   640.79999999999779      -0.67073856247984875     
   641.59999999999775       0.10386227770667056     
   642.39999999999770       0.75468984536603656     
   643.19999999999766       0.49762118862567672     
   643.99999999999761      -0.35581013598491418     
   644.79999999999757      -0.78316907643493638     
   645.59999999999752      -0.26845293088458588     
   646.39999999999748       0.56788578633083631     
   647.19999999999743       0.72249122719300840     
   647.99999999999739        9.1501913009749414E-003
   648.79999999999734      -0.71567655587957268     
   649.59999999999729      -0.57987240233022486     
   650.39999999999725       0.25130309482421243     
   651.19999999999720       0.78195731594814122     
   651.99999999999716       0.37179797177172769     
   652.79999999999711      -0.48373088956179855     
   653.59999999999707      -0.75912907150376285     
   654.39999999999702      -0.12194982960531953     
   655.19999999999698       0.66162150653566509     
   655.99999999999693       0.65005208831563943     
   656.79999999999688      -0.14163415529982992     
   657.59999999999684      -0.76430319182847495     
   658.39999999999679      -0.46744277539751378     
   659.19999999999675       0.38952099184356581     
   659.99999999999670       0.77985636857180496     
   660.79999999999666       0.23221851154261020     
   661.59999999999661      -0.59368933396593893     
   662.39999999999657      -0.70666923736939624     
   663.19999999999652        2.9075100448559987E-002
   663.99999999999648       0.73057060896260662     
   664.79999999999643       0.55338654259742870     
   665.59999999999638      -0.28725430365639970     
   666.39999999999634      -0.78421191317265815     
   667.19999999999629      -0.33768333639302039     
   667.99999999999625       0.51334502675392979     
   668.79999999999620       0.74851227746774307     
   669.59999999999616        8.4056576543444450E-002
   670.39999999999611      -0.68147677832011744     
   671.19999999999607      -0.62781910380354533     
   671.99999999999602       0.17907659914323470     
   672.79999999999598       0.77208295342830491     
   673.59999999999593       0.43615825116775353     
   674.39999999999588      -0.42231330975985482     
   675.19999999999584      -0.77467672950275657     
   675.99999999999579      -0.19543642506759906     
   676.79999999999575       0.61807751547137424     
   677.59999999999570       0.68916256253938846     
   678.39999999999566       -6.7235138154552176E-002
   679.19999999999561      -0.74371285715397539     
   679.99999999999557      -0.52558812331643179     
   680.79999999999552       0.32253166894061480     
   681.59999999999548       0.78458667531264381     
   682.39999999999543       0.30277176979754994     
   683.19999999999538      -0.54174056522250946     
   683.99999999999534      -0.73610763986209493     
   684.79999999999529       -4.5963605486592618E-002
   685.59999999999525       0.69970067984098749     
   686.39999999999520       0.60409360253609878     
   687.19999999999516      -0.21610141406089767     
   687.99999999999511      -0.77801058935733125     
   688.79999999999507      -0.40384242962339811     
   689.59999999999502       0.45410803579571923     
   690.39999999999498       0.76764354277468139     
   691.19999999999493       0.15819324801030454     
   691.99999999999488      -0.64099036981351831     
   692.79999999999484      -0.67001405298959171     
   693.59999999999479       0.10524047687890914     
   694.39999999999475       0.75507127367737192     
   695.19999999999470       0.49654407049581728     
   695.99999999999466      -0.35705108456080181     
   696.79999999999461      -0.78308144437674820     
   697.59999999999457      -0.26714596959125014     
   698.39999999999452       0.56884812360707337     
   699.19999999999447       0.72194588783608293     
   699.99999999999443        7.7601437354685165E-003
   700.79999999999438      -0.71624841299685771     
   701.59999999999434      -0.57893307299584396     
   702.39999999999429       0.25262116633308196     
   703.19999999999425       0.78207218961691505     
   703.99999999999420       0.37057240680222370     
   704.79999999999416      -0.48482823568968925     
   705.59999999999411      -0.75877466707324337     
   706.39999999999407      -0.12057649099308032     
   707.19999999999402       0.66237150771782016     
   707.99999999999397       0.64927044064094686     
   708.79999999999393      -0.14300192814784896     
   709.59999999999388      -0.76461832585133060     
   710.39999999999384      -0.46632415446992020     
   711.19999999999379       0.39072994844352399     
   711.99999999999375       0.77970066929902448     
   712.79999999999370       0.23089013171256101     
   713.59999999999366      -0.59460129616716073     
   714.39999999999361      -0.70606193499036818     
   715.19999999999357        3.0464343853012998E-002
   715.99999999999352       0.73107937970515091     
   716.79999999999347       0.55239834816697564     
   717.59999999999343      -0.28854936224719963     
   718.39999999999338      -0.78425848894064187     
   719.19999999999334      -0.33642736377840310     
   719.99999999999329       0.51439931058660804     
   720.79999999999325       0.74809237462084799     
   721.59999999999320        8.2674416803166784E-002
   722.39999999999316      -0.68216829223680364     
   723.19999999999311      -0.62698221836515156     
   723.99999999999307       0.18043072741791111     
   724.79999999999302       0.77233103814904747     
   725.59999999999297       0.43500080555638426     
   726.39999999999293      -0.42348736517378588     
   727.19999999999288      -0.77445337062198727     
   727.99999999999284      -0.19408975626920566     
   728.79999999999279       0.61893686192088160     
   729.59999999999275       0.68849478593557323     
   730.39999999999270       -6.8620322454688298E-002
   731.19999999999266      -0.74415729912007489     
   731.99999999999261      -0.52455344543759130     
   732.79999999999256       0.32380063230502831     
   733.59999999999252       0.78456486640585532     
   734.39999999999247       0.30148836804980239     
   735.19999999999243      -0.54274921425792755     
   735.99999999999238      -0.73562328164734825     
   736.79999999999234       -4.4575862958577073E-002
   737.59999999999229       0.70033200547660590     
   738.39999999999225       0.60320350935517175     
   739.19999999999220      -0.21743870413117861     
   739.99999999999216      -0.77819103772750020     
   740.79999999999211      -0.40264892386122908     
   741.59999999999206       0.45524435414078102     
   742.39999999999202       0.76735309560189213     
   743.19999999999197       0.15683145701585477     
   743.99999999999193      -0.64179498640333588     
   744.79999999999188      -0.66928743410333802     
   745.59999999999184       0.10661835354135074     
   746.39999999999179       0.75545030656589929     
   747.19999999999175       0.49546539739119311     
   747.99999999999170      -0.35829092159949449     
   748.79999999999166      -0.78299133203685001     
   749.59999999999161      -0.26583817514006391     
   750.39999999999156       0.56980866981338840     
   751.19999999999152       0.72139827099604437     
   751.99999999999147        6.3700683594861696E-003
   752.79999999999143      -0.71681799979574423     
   753.59999999999138      -0.57799192640020025     
   754.39999999999134       0.25393845558728489     
   755.19999999999129       0.78218458332428309     
   755.99999999999125       0.36934568470725498     
   756.79999999999120      -0.48592406220748124     
   757.59999999999116      -0.75841786453508186     
   758.39999999999111      -0.11920277508434951     
   759.19999999999106       0.66311941369453054     
   759.99999999999102       0.64848675034197389     
   760.79999999999097      -0.14436926110810855     
   761.59999999999093      -0.76493103406941054     
   762.39999999999088      -0.46520407435201416     
   763.19999999999084       0.39193768652842353     
   763.99999999999079       0.77954250167771688     
   764.79999999999075       0.22956103179098597     
   765.59999999999070      -0.59551138368886458     
   766.39999999999065      -0.70545240671160903     
   767.19999999999061        3.1853496668776571E-002
   767.99999999999056       0.73158583214906037     
   768.79999999999052       0.55140842113632171     
   769.59999999999047      -0.28984352568841687     
   770.39999999999043      -0.78430257863786668     
   771.19999999999038      -0.33517034124452411     
   771.99999999999034       0.51545197952732869     
   772.79999999999029       0.74767010886420882     
   773.59999999999025        8.1291997242075031E-002
   774.39999999999020      -0.68285764651828473     
   775.19999999999015      -0.62614336187646380     
   775.99999999999011       0.18178429921135586     
   776.79999999999006       0.77257667277077946     
   777.59999999999002       0.43384199980591931     
   778.39999999998997      -0.42466009762530565     
   779.19999999998993      -0.77422756131163228     
   779.99999999998988      -0.19274248191777765     
   780.79999999998984       0.61979425455943216     
   781.59999999998979       0.68782484028983515     
   782.39999999998975       -7.0005297894540353E-002
   783.19999999998970      -0.74459938064811149     
   783.99999999998965      -0.52351712360658453     
   784.79999999998961       0.32506858936304239     
   785.59999999998956       0.78454057144356404     
   786.39999999998952       0.30020402582049899     
   787.19999999998947      -0.54375615678215883     
   787.99999999998943      -0.73513660136374148     
   788.79999999998938       -4.3187978616176403E-002
   789.59999999998934       0.70096111243106607     
   790.39999999998929       0.60231152131386478     
   791.19999999998925      -0.21877532214052930     
   791.99999999998920      -0.77836901782969314     
   792.79999999998915      -0.40145416002041051     
   793.59999999998911       0.45637924788753009     
   794.39999999998906       0.76706022183280798     
   795.19999999998902       0.15546917623275558     
   795.99999999998897      -0.64259757478255786     
   796.79999999998893      -0.66855870815972418     
   797.59999999998888       0.10799590341907928     
   798.39999999998884       0.75582694282384366     
   799.19999999998879       0.49438517273449151     
