   0.0000000000000000      -0.11992568383477931     
  0.80000000000000004       0.26271544423005483     
   1.6000000000000001        4.2545703235617738E-002
   2.4000000000000004      -0.28167723373861148     
   3.2000000000000002       -1.3366178350758318E-002
   4.0000000000000000       0.41654170116701411     
   4.7999999999999998       0.20422981828889303     
   5.5999999999999996      -0.34774616313117829     
   6.3999999999999995      -0.33159584542713422     
   7.1999999999999993       0.16797043633816727     
   7.9999999999999991       0.25597753375334276     
   8.7999999999999989      -0.15671219804197412     
   9.5999999999999996      -0.23386123190148150     
   10.400000000000000       0.21826487965069863     
   11.200000000000001       0.37073224780684000     
   12.000000000000002      -0.11332863240892932     
   12.800000000000002      -0.42987140877850971     
   13.600000000000003       -5.3819929127051858E-002
   14.400000000000004       0.33175032484820033     
   15.200000000000005        7.5423367727123214E-002
   16.000000000000004      -0.28882057310313058     
   16.800000000000004       -5.0824855805329916E-002
   17.600000000000005       0.35980773736224247     
   18.400000000000006       0.15545418859039750     
   19.200000000000006      -0.35216155306705932     
   20.000000000000007      -0.28475399242633004     
   20.800000000000008       0.22859427513079222     
   21.600000000000009       0.28769297468661237     
   22.400000000000009      -0.16234797048038052     
   23.200000000000010      -0.26128668626087875     
   24.000000000000011       0.17981848396050365     
   24.800000000000011       0.33183814832771114     
   25.600000000000012      -0.12786391195991537     
   26.400000000000013      -0.40189502582134667     
   27.200000000000014       -2.5228630357411741E-003
   28.000000000000014       0.36511197001579371     
   28.800000000000015        7.2587296907313137E-002
   29.600000000000016      -0.31234687494980579     
   30.400000000000016       -7.7842305586350802E-002
   31.200000000000017       0.33288559025119879     
   32.000000000000014       0.13825415981169520     
   32.800000000000011      -0.34047472203307760     
   33.600000000000009      -0.24542551109026445     
   34.400000000000006       0.26338044494616053     
   35.200000000000003       0.29054650865696691     
   36.000000000000000      -0.18371439266620382     
   36.799999999999997      -0.28374585038376665     
   37.599999999999994       0.16290409294430241     
   38.399999999999991       0.31828481569862588     
   39.199999999999989      -0.12715561525647229     
   39.999999999999986      -0.37651418895964628     
   40.799999999999983        3.0563667955893215E-002
   41.599999999999980       0.37546468099436681     
   42.399999999999977        5.5153533360990270E-002
   43.199999999999974      -0.33457715203281480     
   43.999999999999972       -8.9589410164166883E-002
   44.799999999999969       0.32598599470047862     
   45.599999999999966       0.13480030826515321     
   46.399999999999963      -0.32828611617297804     
   47.199999999999960      -0.21850637494083228     
   47.999999999999957       0.28019313809774071     
   48.799999999999955       0.28023321353375186     
   49.599999999999952      -0.20624319594145801     
   50.399999999999949      -0.29562575103156663     
   51.199999999999946       0.16161328467325170     
   51.999999999999943       0.31670388572018715     
   52.799999999999940      -0.12418057096980861     
   53.599999999999937      -0.35926077474601514     
   54.399999999999935        4.9933961747500422E-002
   55.199999999999932       0.37432000948355992     
   55.999999999999929        3.4969735357159970E-002
   56.799999999999926      -0.34978013740504199     
   57.599999999999923       -8.9249532383580632E-002
   58.399999999999920       0.32927939878556928     
   59.199999999999918       0.13446969379263946     
   59.999999999999915      -0.32117883677726622     
   60.799999999999912      -0.20181561874918802     
   61.599999999999909       0.28731966781718277     
   62.399999999999906       0.26627543858578018     
   63.199999999999903      -0.22446698223532524     
   63.999999999999901      -0.29825905779696382     
   64.799999999999898       0.16890105351973450     
   65.599999999999895       0.31854870541105107     
   66.399999999999892      -0.12421225006687170     
   67.199999999999889      -0.34948596344609939     
   67.999999999999886        6.1421064897829836E-002
   68.799999999999883       0.36922316243296138     
   69.599999999999881        1.7038577937212696E-002
   70.399999999999878      -0.35807828788660562     
   71.199999999999875       -8.1728298537808386E-002
   71.999999999999872       0.33602344319320510     
   72.799999999999869       0.13249394771109549     
   73.599999999999866      -0.31947646297523813     
   74.399999999999864      -0.19135828645168176     
   75.199999999999861       0.29063899864968723     
   75.999999999999858       0.25310828529535917     
   76.799999999999855      -0.23775215148290618     
   77.599999999999852      -0.29494556531739213     
   78.399999999999849       0.17955305722221582     
   79.199999999999847       0.31965064493933304     
   79.999999999999844      -0.12815180501270468     
   80.799999999999841      -0.34455230968454964     
   81.599999999999838        6.9531468789287176E-002
   82.399999999999835       0.36399391968731609     
   83.199999999999832        2.4275162428656349E-003
   83.999999999999829      -0.36158663716204958     
   84.799999999999827       -7.0986830671318668E-002
   85.599999999999824       0.34267679361031006     
   86.399999999999821       0.12766929389023651     
   87.199999999999818      -0.32153398921375698     
   87.999999999999815      -0.18373214772648552     
   88.799999999999812       0.29335720957719524     
   89.599999999999810       0.24200381694190981     
   90.399999999999807      -0.24735415683042633     
   91.199999999999804      -0.28864037245347662     
   91.999999999999801       0.19063101770364077     
   92.799999999999798       0.31869260915399666     
   93.599999999999795      -0.13506693720132290     
   94.399999999999793      -0.34193511725972797     
   95.199999999999790        7.6900930869483630E-002
   95.999999999999787       0.35994811257183595     
   96.799999999999784       -9.5140123640974350E-003
   97.599999999999781      -0.36246206194645531     
   98.399999999999778       -5.9417737113480362E-002
   99.199999999999775       0.34793362616600748     
   99.999999999999773       0.12043145270600863     
   100.79999999999977      -0.32551947534191922     
   101.59999999999977      -0.17680521669931562     
   102.39999999999976       0.29673321635480032     
   103.19999999999976       0.23271932932082470     
   103.99999999999976      -0.25480528944474445     
   104.79999999999976      -0.28125745634267424     
   105.59999999999975       0.20091469846663446     
   106.39999999999975       0.31577760923917875     
   107.19999999999975      -0.14366503705207223     
   107.99999999999974      -0.33993694477610903     
   108.79999999999974        8.4677475164859295E-002
   109.59999999999974       0.35710290850273990     
   110.39999999999974       -1.9842401090417794E-002
   111.19999999999973      -0.36220562235503767     
   111.99999999999973       -4.8116332180144605E-002
   112.79999999999973       0.35168493984807969     
   113.59999999999972       0.11166216058673489     
   114.39999999999972      -0.33010529680285078     
   115.19999999999972      -0.16956324390426319     
   115.99999999999972       0.30094028493556524     
   116.79999999999971       0.22455060546031161     
   117.59999999999971      -0.26125873200065663     
   118.39999999999971      -0.27374824610695148     
   119.19999999999970       0.21016989161159555     
   119.99999999999970       0.31147998288651690     
   120.79999999999970      -0.15292728106255005     
   121.59999999999970      -0.33768399988641173     
   122.39999999999969        9.3120380427781368E-002
   123.19999999999969       0.35500853956551121     
   123.99999999999969       -2.9427941474101604E-002
   124.79999999999968      -0.36161903992104799     
   125.59999999999968       -3.7379767575224598E-002
   126.39999999999968       0.35427898569210536     
   127.19999999999968       0.10212816985572654     
   127.99999999999967      -0.33455580370554999     
   128.79999999999967      -0.16170709909632558     
   129.59999999999968       0.30571052217315237     
   130.39999999999969       0.21685006839998719     
   131.19999999999970      -0.26737298829108858     
   131.99999999999972      -0.26642833160266999     
   132.79999999999973       0.21858302636919991     
   133.59999999999974       0.30636323927451603     
   134.39999999999975      -0.16224749664259391     
   135.19999999999976      -0.33486790012586165     
   135.99999999999977       0.10209027157211037     
   136.79999999999978       0.35318962973638224     
   137.59999999999980       -3.8801865316539563E-002
   138.39999999999981      -0.36100634416107091     
   139.19999999999982       -2.7131799473946117E-002
   139.99999999999983       0.35611733308104454     
   140.79999999999984        9.2318749837409453E-002
   141.59999999999985      -0.33857371934362440     
   142.39999999999986      -0.15328672885220485     
   143.19999999999987       0.31070156461390003     
   143.99999999999989       0.20919364338205079     
   144.79999999999990      -0.27342443542179706     
   145.59999999999991      -0.25929094310727097     
   146.39999999999992       0.22643005423694751     
   147.19999999999993       0.30081282988805758     
   147.99999999999994      -0.17135267854175945     
   148.79999999999995      -0.33147779062846405     
   149.59999999999997       0.11134751906801316     
   150.39999999999998       0.35131017708033979     
   151.19999999999999       -4.8207346749581770E-002
   152.00000000000000      -0.36040024025115991     
   152.80000000000001       -1.7189583272160081E-002
   153.60000000000002       0.35749515258201076     
   154.40000000000003        8.2474603473716712E-002
   155.20000000000005      -0.34210911489977036     
   156.00000000000006      -0.14446245792427037     
   156.80000000000007       0.31565010402835769     
   157.60000000000008       0.20137055761261732     
   158.40000000000009      -0.27946622380408803     
   159.20000000000010      -0.25221855371283869     
   160.00000000000011       0.23393112151789858     
   160.80000000000013       0.29503234288159047     
   161.60000000000014      -0.18017107045420361     
   162.40000000000015      -0.32761268274533728     
   163.20000000000016       0.12068941401002542     
   164.00000000000017       0.34918881960381309     
   164.80000000000018       -5.7707300573792975E-002
   165.60000000000019      -0.35972700331082563     
   166.40000000000020       -7.3915844380199047E-003
   167.20000000000022       0.35857769158988229     
   168.00000000000023        7.2675516696805109E-002
   168.80000000000024      -0.34521468822016249     
   169.60000000000025      -0.13538594843373319     
   170.40000000000026       0.32040181746541413     
   171.20000000000027       0.19331332256157199     
   172.00000000000028      -0.28545426698866272     
   172.80000000000030      -0.24509254921894114     
   173.60000000000031       0.24121635000222225     
   174.40000000000032       0.28909879576363073     
   175.20000000000033      -0.18872275079320772     
   176.00000000000034      -0.32338073167466908     
   176.80000000000035       0.12998736079296780     
   177.60000000000036       0.34675615160004658     
   178.40000000000038       -6.7278818063107648E-002
   179.20000000000039      -0.35889824238115775     
   180.00000000000040        2.3636148028807202E-003
   180.80000000000041       0.35943240352716238     
   181.60000000000042        6.2921554759608422E-002
   182.40000000000043      -0.34796252470570188     
   183.20000000000044      -0.12616069207593100     
   184.00000000000045       0.32488810163255333     
   184.80000000000047       0.18502827967940827     
   185.60000000000048      -0.29132231494576472     
   186.40000000000049      -0.23783256134659519     
   187.20000000000050       0.24834173362214029     
   188.00000000000051       0.28302170045196862     
   188.80000000000052      -0.19705224787581971     
   189.60000000000053      -0.31886071067831795     
   190.40000000000055       0.13917701694780527     
   191.20000000000056       0.34400476846079026     
   192.00000000000057       -7.6873438781784709E-002
   192.80000000000058      -0.35784811764677382     
   193.60000000000059        1.2122245768522222E-002
   194.40000000000060       0.36007085039807585     
   195.20000000000061        5.3186707071271822E-002
   196.00000000000063      -0.35040857687482946     
   196.80000000000064      -0.11684301234322542     
   197.60000000000065       0.32909117948477790     
   198.40000000000066       0.17654798535981875     
   199.20000000000067      -0.29701556254886086     
   200.00000000000068      -0.23039856887801485     
   200.80000000000069       0.25531789723099141     
   201.60000000000070       0.27678509229700005     
   202.40000000000072      -0.20519703966035086     
   203.20000000000073      -0.31409754146981667     
   204.00000000000074       0.14823481235623426     
   204.80000000000075       0.34095229147467127     
   205.60000000000076       -8.6446518370745573E-002
   206.40000000000077      -0.35653959634722449     
   207.20000000000078        2.1894288181465327E-002
   208.00000000000080       0.36048103973168161     
   208.80000000000081        4.3446057379831093E-002
   209.60000000000082      -0.35258513492091381     
   210.40000000000083      -0.10745712471764957     
   211.20000000000084       0.33301594660975109     
   212.00000000000085       0.16790617760915894     
   212.80000000000086      -0.30249906903872237     
   213.60000000000088      -0.22277912095794467     
   214.40000000000089       0.26213447498071180     
   215.20000000000090       0.27037043015227852     
   216.00000000000091      -0.21317859785792037     
   216.80000000000092      -0.30911130046011931     
   217.60000000000093       0.15715694666551677     
   218.40000000000094       0.33762051259703252     
   219.20000000000095       -9.5966481098073375E-002
   220.00000000000097      -0.35495776742478552     
   220.80000000000098        3.1671484902612568E-002
   221.60000000000099       0.36064630052059526     
   222.40000000000100        3.3685095795285724E-002
   223.20000000000101      -0.35450557843555586     
   224.00000000000102       -9.8010495754444094E-002
   224.80000000000103       0.33667297510374372     
   225.60000000000105       0.15912855123174802     
   226.40000000000106      -0.30775461392095432     
   227.20000000000107      -0.21497829902006760     
   228.00000000000108       0.26877534528176172     
   228.80000000000109       0.26376557535506528     
   229.60000000000110      -0.22100422615370113     
   230.40000000000111      -0.30390820413402453     
   231.20000000000113       0.16594580567253081     
   232.00000000000114       0.33402675279751121     
   232.80000000000115      -0.10541405269453691     
   233.60000000000116      -0.35310064333473146     
   234.40000000000117        4.1439422253911395E-002
   235.20000000000118       0.36055350373810274     
   236.00000000000119        2.3899789566850904E-002
   236.80000000000121      -0.35617201026173789     
   237.60000000000122       -8.8504525323282179E-002
   238.40000000000123       0.34007076943718167     
   239.20000000000124       0.15023201436667444     
   240.00000000000125      -0.31277442739441280     
   240.80000000000126      -0.20700628937667934     
   241.60000000000127       0.27522587718246949     
   242.40000000000128       0.25696603180296107     
   243.20000000000130      -0.22867216055456990     
   244.00000000000131      -0.29848887661819723     
   244.80000000000132       0.17460324127501398     
   245.60000000000133       0.33018224509297200     
   246.40000000000134      -0.11477817683512470     
   247.20000000000135      -0.35097193333264642     
   248.00000000000136        5.1183743651061819E-002
   248.80000000000138       0.36019494065975732     
   249.60000000000139        1.4093349092997420E-002
   250.40000000000140      -0.35758153800282177     
   251.20000000000141       -7.8940241474009132E-002
   252.00000000000142       0.34321371815729729     
   252.80000000000143       0.14122718521535760     
   253.60000000000144      -0.31755576380857309     
   254.40000000000146      -0.19887417139135724     
   255.20000000000147       0.28147508543388777     
   256.00000000000148       0.24997305135099529     
   256.80000000000149      -0.23617624166168710     
   257.60000000000150      -0.29285307782311826     
   258.40000000000151       0.18312838153734329     
   259.20000000000152       0.32609351378853368     
   260.00000000000153      -0.12405202715021219     
   260.80000000000155      -0.34857676609125565     
   261.60000000000156        6.0892347477135733E-002
   262.40000000000157       0.35956736484425933     
   263.20000000000158        4.2728258755635462E-003
   264.00000000000159      -0.35873012044990443     
   264.80000000000160       -6.9320450162395020E-002
   265.60000000000161       0.34610270604697047     
   266.40000000000163       0.13212125995150800     
   267.20000000000164      -0.32209746449882282     
   268.00000000000165      -0.19059182322928606     
   268.80000000000166       0.28751530802251746     
   269.60000000000167       0.24279121501231202     
   270.40000000000168      -0.24350898169710891     
   271.20000000000169      -0.28700170216733428     
   272.00000000000171       0.19151773228577634     
   272.80000000000172       0.32176438724029588     
   273.60000000000173      -0.13323029617786386     
   274.40000000000174      -0.34591979049021387     
   275.20000000000175        7.0555476651363080E-002
   276.00000000000176       0.35867032540320282     
   276.80000000000177       -5.5532916240257912E-003
   277.60000000000178      -0.35961435241807455     
   278.40000000000180       -5.9649955486365036E-002
   279.20000000000181       0.34873648090678855     
   280.00000000000182       0.12292011787450902     
   280.80000000000183      -0.32639829767895634     
   281.60000000000184      -0.18216758473409442     
   282.40000000000185       0.29334110545224990     
   283.20000000000186       0.23542657981551396     
   284.00000000000188      -0.25066310799276281     
   284.80000000000189      -0.28093718507428961     
   285.60000000000190       0.19976606205630870     
   286.40000000000191       0.31719760816529319     
   287.20000000000192      -0.14230778313655029     
   288.00000000000193      -0.34300471143610067     
   288.80000000000194        8.0165033435753985E-002
   289.60000000000196       0.35750476746744037     
   290.40000000000197       -1.5376380997280170E-002
   291.20000000000198      -0.36023196230701099     
   292.00000000000199       -4.9935024713128828E-002
   292.80000000000200       0.35111286335474789     
   293.60000000000201       0.11362949874293832     
   294.40000000000202      -0.33045644681450648     
   295.20000000000203      -0.17360864743853494     
   296.00000000000205       0.29894822733720172     
   296.80000000000206       0.22788560203585986     
   297.60000000000207      -0.25763208621530576     
   298.40000000000208      -0.27466321658115189     
   299.20000000000209       0.20786729102324636     
   300.00000000000210       0.31239579896966835     
   300.80000000000211      -0.15127888393888306     
   301.60000000000213      -0.33983447913383291     
   302.40000000000214        8.9713834087459032E-002
   303.20000000000215       0.35607216306813400     
   304.00000000000216       -2.5188193956838745E-002
   304.80000000000217      -0.36058169797265910     
   305.60000000000218       -4.0182750098010589E-002
   306.40000000000219       0.35322952480153158     
   307.20000000000221       0.10425548254515493     
   308.00000000000222      -0.33426956677102171     
   308.80000000000223      -0.16492157969582177     
   309.60000000000224       0.30433292553662822     
   310.40000000000225       0.22017466984882331     
   311.20000000000226      -0.26441011960372707     
   312.00000000000227      -0.26818429698258112     
   312.80000000000229       0.21581510592319492     
   313.60000000000230       0.30736189673445169     
   314.40000000000231      -0.16013756175360472     
   315.20000000000232      -0.33641165088504604     
   316.00000000000233        9.9195075764774709E-002
   316.80000000000234       0.35437410070459424     
   317.60000000000235       -3.4980925652144002E-002
   318.40000000000236      -0.36066303113133136     
   319.20000000000238       -3.0400571088178174E-002
   320.00000000000239       0.35508437039938379     
   320.80000000000240        9.4804570615810324E-002
   321.60000000000241      -0.33783502478457406     
   322.40000000000242      -0.15611273469908515     
   323.20000000000243       0.30949160506896789     
   324.00000000000244       0.21229999637820612     
   324.80000000000246      -0.27099196351496518     
   325.60000000000247      -0.26150537353292358     
   326.40000000000248       0.22360328755094411     
   327.20000000000249       0.30209926360826689     
   328.00000000000250      -0.16887749877795455     
   328.80000000000251      -0.33273870092817825     
   329.60000000000252       0.10860204630161696     
   330.40000000000254       0.35241216529412128     
   331.20000000000255       -4.4747108273917369E-002
   332.00000000000256      -0.36047588947608694     
   332.80000000000257       -2.0596000551993898E-002
   333.60000000000258       0.35667566295544756     
   334.40000000000259        8.5283598319190246E-002
   335.20000000000260      -0.34115013271937306     
   336.00000000000261      -0.14718848829941142     
   336.80000000000263       0.31442070451684934     
   337.60000000000264       0.20426767251116004     
   338.40000000000265      -0.27737273321212230     
   339.20000000000266      -0.25463161777951254     
   340.00000000000267       0.23122583551385528     
   340.80000000000268       0.29661164664578088     
   341.60000000000269      -0.17749226651109556     
   342.40000000000271      -0.32881821475201090     
   343.20000000000272       0.11792801209395665     
   344.00000000000273       0.35018795830702359     
   344.80000000000274       -5.4479477024447331E-002
   345.60000000000275      -0.36002048209252135     
   346.40000000000276       -1.0776507006326708E-002
   347.20000000000277       0.35800201668430748     
   348.00000000000279        7.5699613460412540E-002
   348.80000000000280      -0.34421230457421442     
   349.60000000000281      -0.13815534075335750     
   350.40000000000282       0.31911669600646297     
   351.20000000000283       0.19608375849666609     
   352.00000000000284      -0.28354777014781213     
   352.80000000000285      -0.24756832085396277     
   353.60000000000286       0.23867698340285479     
   354.40000000000288       0.29090309569680406     
   355.20000000000289      -0.18597545097864454     
   356.00000000000290      -0.32465298122781611     
   356.80000000000291       0.12716620564203035     
   357.60000000000292       0.34770316107497862     
   358.40000000000293       -6.4170869614422810E-002
   359.20000000000294      -0.35929721236574924     
   360.00000000000296       -9.4948722857318701E-004
   360.80000000000297       0.35906234702812245     
   361.60000000000298        6.6059778716533124E-002
   362.40000000000299      -0.34701913902311643     
   363.20000000000300      -0.12901993686719165     
   364.00000000000301       0.32357612848218148     
   364.80000000000302       0.18775435928451401     
   365.60000000000304      -0.28951257167380445     
   366.40000000000305      -0.24032086191506158     
   367.20000000000306       0.24595117154311613     
   368.00000000000307       0.28497789091170700     
   368.80000000000308      -0.19432072434816633     
   369.60000000000309      -0.32024601905542099     
   370.40000000000310       0.13630985385190747     
   371.20000000000312       0.34495959333917170     
   372.00000000000313       -7.3814170550783986E-002
   372.80000000000314      -0.35830664903066439     
   373.60000000000315        8.8777221756216051E-003
   374.40000000000316       0.35985582079082767     
   375.20000000000317        5.6371311300463023E-002
   376.00000000000318      -0.34956845021193617     
   376.80000000000319      -0.11978904926839207     
   377.60000000000321       0.32779567368282908     
   378.40000000000322       0.17928566910550670     
   379.20000000000323      -0.29526276615565583     
   380.00000000000324      -0.23289471102994677     
   380.80000000000325       0.25304301435172727     
   381.60000000000326       0.27884049513059950     
   382.40000000000327      -0.20252187656301163     
   383.20000000000329      -0.31560057087589954     
   384.00000000000330       0.14535221347961841     
   384.80000000000331       0.34195925145074318     
   385.60000000000332       -8.3402290256825107E-002
   386.40000000000333      -0.35704952679590057     
   387.20000000000334        1.8697824627885440E-002
   388.00000000000335       0.36038182215148340     
   388.80000000000337        4.6641452954549134E-002
   389.60000000000338      -0.35185827112478774     
   390.40000000000339      -0.11046955215371704     
   391.20000000000340       0.33177215953271499     
   392.00000000000341       0.17068398970274928     
   392.80000000000342      -0.30079411293051278     
   393.60000000000343      -0.22529544199838017     
   394.40000000000344       0.25994727710170573     
   395.20000000000346       0.27249552878655436     
   396.00000000000347      -0.21057282425651536     
   396.80000000000348      -0.31072008690603259     
   397.60000000000349       0.15428659954021218     
   398.40000000000350       0.33870432697027553     
   399.20000000000351       -9.2928164631782662E-002
   400.00000000000352      -0.35552675714113502     
   400.80000000000354        2.8503548303941528E-002
   401.60000000000355       0.36063993509389997     
   402.40000000000356        3.6877458380545236E-002
   403.20000000000357      -0.35388684665148057     
   404.00000000000358      -0.10106839817857932     
   404.80000000000359       0.33550258940438393     
   405.60000000000360       0.16195573196515139     
   406.40000000000362      -0.30610251204392941     
   407.20000000000363      -0.21752874329903635     
   408.00000000000364       0.26665886439213804     
   408.80000000000365       0.26594775943047499     
   409.60000000000366      -0.21846761012577065     
   410.40000000000367      -0.30560820906521835     
   411.20000000000368       0.16310640381971098     
   412.00000000000369       0.33519721198048419     
   412.80000000000371      -0.10238476356215392     
   413.60000000000372      -0.35373943918090922     
   414.40000000000373        3.8287638980965599E-002
   415.20000000000374       0.36062993728531823     
   416.00000000000375        2.7086592144747346E-002
   416.80000000000376      -0.35565262560416605     
   417.60000000000377       -9.1592601999037793E-002
   418.40000000000379       0.33898415106809127     
   419.20000000000380       0.15310740957455771     
   420.00000000000381      -0.31118401534406986     
   420.80000000000382      -0.20960042351934455     
   421.60000000000383       0.27317281747009187     
   422.40000000000384       0.25920209848552278     
   423.20000000000385      -0.22620040038920664     
   424.00000000000387      -0.30026875928687796     
   424.80000000000388       0.17180510553478329     
   425.60000000000389       0.33144049743604831     
   426.40000000000390      -0.11176510150521018     
   427.20000000000391      -0.35168886693426382     
   428.00000000000392        4.8042859621441947E-002
   428.80000000000393       0.36035180002907846     
   429.60000000000394        1.7276127886671933E-002
   430.40000000000396      -0.35715425525156980     
   431.20000000000397       -8.2049229635882182E-002
   432.00000000000398       0.34221421985790473     
   432.80000000000399       0.14414563019533366     
   433.60000000000400      -0.31603483548889455     
   434.40000000000401      -0.20151641166713594     
   435.20000000000402       0.27948431660841011     
   436.00000000000404       0.25226360031791145     
   436.80000000000405      -0.23376548360796917     
   437.60000000000406      -0.29470573197501521     
   438.40000000000407       0.18037627729027261     
   439.20000000000408       0.32743696891027640     
   440.00000000000409      -0.12106224704138069     
   440.80000000000410      -0.34937653276602187     
   441.60000000000412        5.7761994095152036E-002
   442.40000000000413       0.35980569044306432     
   443.20000000000414        7.4533469262010321E-003
   444.00000000000415      -0.35839057881169023     
   444.80000000000416       -7.2445391548995153E-002
   445.60000000000417       0.34519035942676418     
   446.40000000000418       0.13507708692000059     
   447.20000000000420      -0.32065135226277719     
   448.00000000000421      -0.19328275407536261     
   448.80000000000422       0.28558868558972111     
   449.60000000000423       0.24513746112281759     
   450.40000000000424      -0.24115727158635736     
   451.20000000000425      -0.28892328925584482     
   452.00000000000426       0.18881358889522204     
   452.80000000000427       0.32318960204466296     
   453.60000000000429      -0.13026933059738077     
   454.40000000000430      -0.34680412805431271     
   455.20000000000431        6.7437852817806176E-002
   456.00000000000432       0.35899197375508762     
   456.80000000000433       -2.3744645705512935E-003
   457.60000000000434      -0.35936063509569721     
   458.40000000000435       -6.2788237514906420E-002
   459.20000000000437       0.34791032200139171     
   460.00000000000438       0.12590855084329650     
   460.80000000000439      -0.32503011679284705     
   461.60000000000440      -0.18490560954437174     
   462.40000000000441       0.29148139656566235     
   463.20000000000442       0.23782901676042115     
   464.00000000000443      -0.24837030193274909     
   464.80000000000445      -0.28292575762938776     
   465.60000000000446       0.19711081059213181     
   466.40000000000447       0.31870155856037230     
   467.20000000000448      -0.13937955061005902     
   468.00000000000449      -0.34397354226980703     
   468.80000000000450        7.7063278908388877E-002
   469.60000000000451       0.35791121487919431     
   470.40000000000452       -1.2200019710227994E-002
   471.20000000000454      -0.36006365930118256     
   472.00000000000455       -5.3084952066244473E-002
   472.80000000000456       0.35037204893353513     
   473.60000000000457       0.11664686471171856     
   474.40000000000458      -0.32916785449696584     
   475.20000000000459      -0.17639124383376625     
   476.00000000000460       0.29715807453095994     
   476.80000000000462       0.23034373952911461     
   477.60000000000463      -0.25539924158979743     
   478.40000000000464      -0.27671762504671155     
   479.20000000000465       0.20526181641150171     
   480.00000000000466       0.31397618291083429     
   480.80000000000467      -0.14838617869350323     
   481.60000000000468      -0.34088686132745138     
   482.40000000000470        8.6631154195430771E-002
   483.20000000000471       0.35656417914937288     
   484.00000000000472       -2.2016035813701484E-002
   484.80000000000473      -0.36049908419614107     
   485.60000000000474       -4.3342749877636533E-002
   486.40000000000475       0.35257367169895099     
   487.20000000000476       0.10729893728614506     
   488.00000000000477      -0.33306146741993936     
   488.80000000000479      -0.16774602408150074     
   489.60000000000480       0.30261450123324579     
   490.40000000000481       0.22268723417137942     
   491.20000000000482      -0.26223889076047191     
   492.00000000000483      -0.27030353789231837     
   492.80000000000484       0.21326058784258656     
   493.60000000000485       0.30901699935369864     
   494.40000000000487      -0.15728256430109100     
   495.20000000000488      -0.33754636568969670     
   496.00000000000489        9.6134404867441792E-002
   496.80000000000490       0.35495183237643985     
   497.60000000000491       -3.1815239752920443E-002
   498.40000000000492      -0.36066654125648484     
   499.20000000000493       -3.3568870897003111E-002
   500.00000000000495       0.35451351321823332     
   500.80000000000496        9.7871738058699143E-002
   501.60000000000497      -0.33670803634738528     
   502.40000000000498      -0.15897641335936974     
   503.20000000000499       0.30784661860152013     
   504.00000000000500       0.21486523342677144     
   504.80000000000501      -0.26888418687694982     
   505.60000000000502      -0.26368829767626351     
   506.40000000000504       0.22110121776594643     
   507.20000000000505       0.30382770918332985     
   508.00000000000506      -0.16606213919469376     
   508.80000000000507      -0.33395452841461559     
   509.60000000000508       0.10556600679192696     
   510.40000000000509       0.35307534044597966     
   511.20000000000510       -4.1590373399510550E-002
   512.00000000000512      -0.36056586156843573     
   512.80000000000507       -2.3770575231146951E-002
   513.60000000000502       0.35619008931500101     
   514.40000000000498        8.8372292081035031E-002
   515.20000000000493      -0.34010482287019944     
   516.00000000000489      -0.15008896538199687     
   516.80000000000484       0.31285053184095879     
   517.60000000000480       0.20688359335695139     
   518.40000000000475      -0.27533020844623596     
   519.20000000000471      -0.25687685741769861     
   520.00000000000466       0.22877791452368545     
   520.80000000000462       0.29841218793497976     
   521.60000000000457      -0.17471842187132913     
   522.40000000000452      -0.33011401318270817     
   523.20000000000448       0.11491899059797667     
   524.00000000000443       0.35093606862403159     
   524.80000000000439       -5.1334199039822059E-002
   525.60000000000434      -0.36019707645377380     
   526.40000000000430       -1.3955137869283707E-002
   527.20000000000425       0.35760211015941173     
   528.00000000000421        7.8807674776519121E-002
   528.80000000000416      -0.34324927144047546     
   529.60000000000412      -0.14109031931100025     
   530.40000000000407       0.31762251232093386     
   531.20000000000402       0.19874828856706270     
   532.00000000000398      -0.28157217872539653     
   532.80000000000393      -0.24987431777141869     
   533.60000000000389       0.23628500601621502     
   534.40000000000384       0.29277448245296728     
   535.20000000000380      -0.18324502199504683     
   536.00000000000375      -0.32602767226606300     
   536.80000000000371       0.12418644661744638     
   537.60000000000366       0.34853558066701895     
   538.40000000000362       -6.1039504708207404E-002
   539.20000000000357      -0.35956041783978498     
   540.00000000000352       -4.1298433245753330E-003
   540.80000000000348       0.35874848160784134     
   541.60000000000343        6.9185006692495166E-002
   542.40000000000339      -0.34613901140123859     
   543.20000000000334      -0.13198719459285840     
   544.00000000000330       0.32215900033382938     
   544.80000000000325       0.19046540737785392     
   545.60000000000321      -0.28760546923313490     
   546.40000000000316      -0.24268592296130162     
   547.20000000000312       0.24361694375212231     
   548.00000000000307       0.28691880778463041     
   548.80000000000302      -0.19163564482526274     
   549.60000000000298      -0.32169854439693324     
   550.40000000000293       0.13336152973961513     
   551.20000000000289       0.34587563777972963     
   552.00000000000284       -7.0699109428552065E-002
   552.80000000000280      -0.35865631841146112     
   553.60000000000275        5.6980197397644150E-003
   554.40000000000271       0.35962830639091786     
   555.20000000000266        5.9511448195371852E-002
   556.00000000000261      -0.34877185895166851     
   556.80000000000257      -0.12278638578643747     
   557.60000000000252       0.32645660775926849     
   558.40000000000248       0.18204114695942591     
   559.20000000000243      -0.29342560312387606     
   560.00000000000239      -0.23531705656939927     
   560.80000000000234       0.25076830681384860     
   561.60000000000230       0.28084954389274841     
   562.40000000000225      -0.19988409561951703     
   563.20000000000221      -0.31712985249534020     
   564.00000000000216       0.14243746421472869     
   564.80000000000211       0.34295819742832867     
   565.60000000000207       -8.0305868384646428E-002
   566.40000000000202      -0.35748541157575475     
   567.20000000000198        1.5521163873897625E-002
   568.00000000000193       0.36024088513976699     
   568.80000000000189        4.9794194122962543E-002
   569.60000000000184      -0.35114581901840430     
   570.40000000000180      -0.11349475735583398     
   571.20000000000175       0.33051212064476981     
   572.00000000000171       0.17348180842178321     
   572.80000000000166      -0.29902825844774861     
   573.60000000000161      -0.22777323720960102     
   574.40000000000157       0.25773380572828358     
   575.20000000000152       0.27457123219989421     
   576.00000000000148      -0.20798428398768853     
   576.80000000000143      -0.31232500123793411     
   577.60000000000139       0.15140754841220078     
   578.40000000000134       0.33978541200282908     
   579.20000000000130       -8.9852678031968891E-002
   580.00000000000125      -0.35604853125604791     
   580.80000000000121        2.5332308176594098E-002
   581.60000000000116       0.36058571724852662     
   582.40000000000111        4.0040468413649721E-002
   583.20000000000107      -0.35325908701209807     
   584.00000000000102      -0.10411923842430762     
   584.80000000000098       0.33432250169773692     
   585.60000000000093       0.16479379185559795     
   586.40000000000089      -0.30440927131016932     
   587.20000000000084      -0.22006011410242193     
   588.00000000000080       0.26450828624026085     
   588.80000000000075       0.26808857197873665     
   589.60000000000070      -0.21593022818206875     
   590.40000000000066      -0.30728757446025595     
   591.20000000000061       0.16026515953315956     
   592.00000000000057       0.33635962732232788     
   592.80000000000052       -9.9332481159518315E-002
   593.60000000000048      -0.35434671152351765     
   594.40000000000043        3.5124183597986691E-002
   595.20000000000039       0.36066250157771729     
   596.00000000000034        3.0257518728209309E-002
   596.80000000000030      -0.35511005045653043     
   597.60000000000025       -9.4666817491722344E-002
   598.40000000000020       0.33788489268062394     
   599.20000000000016       0.15598359131896658     
   600.00000000000011      -0.30956463893785513     
   600.80000000000007      -0.21218346255938261     
   601.60000000000002       0.27108673299153463     
   602.39999999999998       0.26140641660204234     
   603.19999999999993      -0.22371605931285959     
   603.99999999999989      -0.30202133239234075     
   604.79999999999984       0.16900375826960212     
   605.59999999999980       0.33268338097269057     
   606.39999999999975      -0.10873827190764773     
   607.19999999999970      -0.35238118606606106     
   607.99999999999966        4.4889538210447277E-002
   608.79999999999961       0.36047113700122324     
   609.59999999999957        2.0452611072857341E-002
   610.39999999999952      -0.35669729048475879     
   611.19999999999948       -8.5144537121331243E-002
   611.99999999999943       0.34119661670211537     
   612.79999999999939       0.14705778976977718     
   613.59999999999934      -0.31449052265153665     
   614.39999999999930      -0.20414917937933469     
   615.19999999999925       0.27746427310988897     
   615.99999999999920       0.25452976966182023     
   616.79999999999916      -0.23133602548646337     
   617.59999999999911      -0.29653020873220448     
   618.39999999999907       0.17761689340631959     
   619.19999999999902       0.32875940047629781     
   619.99999999999898      -0.11806310074016679     
   620.79999999999893      -0.35015338749258385     
   621.59999999999889        5.4621142447297988E-002
   622.39999999999884       0.36001172279837079     
   623.19999999999879        1.0633024429763327E-002
   623.99999999999875      -0.35801958320049154     
   624.79999999999870       -7.5559488604053926E-002
   625.59999999999866       0.34425518039789854     
   626.39999999999861       0.13802305394657471     
   627.19999999999857      -0.31918325074508314     
   627.99999999999852      -0.19596327816271020     
   628.79999999999848       0.28363617970862665     
   629.59999999999843       0.24746378096572189     
   630.39999999999839      -0.23878449586312037     
   631.19999999999834      -0.29081830756233207     
   631.99999999999829       0.18609820635906121     
   632.79999999999825       0.32459060129062051     
   633.59999999999820      -0.12730007936944160     
   634.39999999999816      -0.34766494647041429     
   635.19999999999811        6.4311794308047732E-002
   635.99999999999807       0.35928455888970395     
   636.79999999999802        8.0604540022638504E-004
   637.59999999999798      -0.35907590090012098     
   638.39999999999793       -6.5918806605315461E-002
   639.19999999999789       0.34705827599640737     
   639.99999999999784       0.12888612920243925     
   640.79999999999779      -0.32363932126650796     
   641.59999999999775      -0.18763188454532137     
   642.39999999999770       0.28959787529731063     
   643.19999999999766       0.24021374241597299     
   643.99999999999761      -0.24605596463380591     
   644.79999999999757      -0.28488990011454729     
   645.59999999999752       0.19444143564526767     
   646.39999999999748       0.32018008463596426     
   647.19999999999743      -0.13644238563154532     
   647.99999999999739      -0.34491769069228473     
   648.79999999999734        7.3954324530309423E-002
   649.59999999999729       0.35829014591470426     
   650.39999999999725       -9.0210371385091026E-003
   651.19999999999720      -0.35986541315620674     
   651.99999999999716       -5.6229663801095231E-002
   652.79999999999711       0.34960378326562586     
   653.59999999999707       0.11965383429630605     
   654.39999999999702      -0.32785540469924074     
   655.19999999999698      -0.17916123135664291     
   655.99999999999693       0.29534493510386062     
   656.79999999999688       0.23278508377652457     
   657.59999999999684      -0.25314505491605538     
   658.39999999999679      -0.27874942138847186     
   659.19999999999675       0.20264042128632143     
   659.99999999999670       0.31553113515657716     
   660.79999999999666      -0.14548326830726632     
   661.59999999999661      -0.34191364367198662     
   662.39999999999657        8.3541601725178938E-002
   663.19999999999652       0.35702918514940235     
   663.99999999999648       -1.8840937358508614E-002
   664.79999999999643      -0.36038748775843932     
   665.59999999999638       -4.6499265506899978E-002
   666.39999999999634       0.35188977133929839     
   667.19999999999629       0.11033305614885730     
   667.99999999999625      -0.33182834653986909     
   668.79999999999620      -0.17055765370853368     
   669.59999999999616       0.30087309030468723     
   670.39999999999611       0.22518336833321512     
   671.19999999999607      -0.26004652256740574     
   671.99999999999602      -0.27240146662890669     
   672.79999999999598       0.21068910913726285     
   673.59999999999593       0.31064721841547105     
   674.39999999999588      -0.15441605188669871     
   675.19999999999584      -0.33865502336802467     
   675.99999999999579        9.3066537472373090E-002
   676.79999999999575       0.35550257825937542     
   677.59999999999570       -2.8646377786690380E-002
   678.39999999999566      -0.36064169150911191     
   679.19999999999561       -3.6734844303580594E-002
   679.99999999999557       0.35391450041868688     
   680.79999999999552       0.10093074456671314     
   681.59999999999548      -0.33555516976976402     
   682.39999999999543      -0.16182758401839797     
   683.19999999999538       0.30617823116241483     
   683.99999999999534       0.21741428845209013     
   684.79999999999529      -0.26675525991507620     
   685.59999999999525      -0.26585078766521369     
   686.39999999999520       0.21858155514436323     
   687.19999999999516       0.30553197822687161     
   687.99999999999511      -0.16323414127483560     
   688.79999999999507      -0.33514424063449955     
   689.59999999999502       0.10252209137442958     
   690.39999999999498       0.35371142688818996     
   691.19999999999493       -3.8430094587237673E-002
   691.99999999999488      -0.36062779087058011     
   692.79999999999484       -2.6943654663493577E-002
   693.59999999999479       0.35567642334727412     
   694.39999999999475        9.1453906939092666E-002
   695.19999999999470      -0.33903307721987297     
   695.99999999999466      -0.15297754697359608     
   696.79999999999461       0.31125641006922822     
   697.59999999999457       0.20948366104179933     
   698.39999999999452      -0.27326629940138980     
   699.19999999999447      -0.25910228911957067     
   699.99999999999443       0.22631192952749257     
   700.79999999999438       0.30018923382911533     
   701.59999999999434      -0.17193102643575059     
   702.39999999999429      -0.33138389750072661     
   703.19999999999425       0.11190127606532690     
   703.99999999999420       0.35165703207805410     
   704.79999999999416       -4.8184842817823981E-002
   705.59999999999411      -0.36034575246178191     
   706.39999999999407       -1.7132967581675262E-002
   707.19999999999402       0.35717418705548859     
   707.99999999999397        8.1909602913662838E-002
   708.79999999999393      -0.34225945382322054     
   709.59999999999388      -0.14401415444094012     
   710.39999999999384       0.31610384449401902     
   711.19999999999379       0.20139742292562984     
   711.99999999999375      -0.27957481714282201     
   712.79999999999370      -0.25216102448828315     
   713.59999999999366       0.23387452088552330     
   714.39999999999361       0.29462297690106021     
   715.19999999999357      -0.18050028697252951     
   715.99999999999352      -0.32737678527898473     
   716.79999999999347       0.12119716217140047     
   717.59999999999343       0.34934089352041608     
   718.39999999999338       -5.7903401657434073E-002
   719.19999999999334      -0.35979574340032761     
   719.99999999999329       -7.3100652141245837E-003
   720.79999999999325       0.35840663387194233     
   721.59999999999320        7.2304939053611961E-002
   722.39999999999316      -0.34523186875497330     
   723.19999999999311      -0.13494410032771614     
   723.99999999999307       0.32071691983055917     
   724.79999999999302       0.19316162612733678     
   725.59999999999297      -0.28567613640174006     
   726.39999999999293      -0.24503219210011473     
   727.19999999999288       0.24126374022531472     
   727.99999999999284       0.28883736842660457     
   728.79999999999279      -0.18893559664149084     
   729.59999999999275      -0.32312588250252799     
   730.39999999999270       0.13040288322234267     
   731.19999999999266       0.34676470863659759     
   731.99999999999261       -6.7578579602113276E-002
   732.79999999999256      -0.35897813148736724     
   733.59999999999252        2.5177644734168947E-003
   734.39999999999247       0.35937280269910726     
   735.19999999999243        6.2647063481453436E-002
   735.99999999999238      -0.34794807745677359     
   736.79999999999234      -0.12577415539896880     
   737.59999999999229       0.32509219214633528     
   738.39999999999225       0.18478243307893183     
   739.19999999999220      -0.29156573096888189     
   739.99999999999216      -0.23772113095890912     
   740.79999999999211       0.24847412491021931     
   741.59999999999206       0.28283673540973697     
   742.39999999999202      -0.19723072779930961     
   743.19999999999197      -0.31863435269629581     
   743.99999999999193       0.13951164050857034     
   744.79999999999188       0.34393037148696837     
   745.59999999999184       -7.7203219625240183E-002
   746.39999999999179      -0.35789348523275183     
   747.19999999999175        1.2343233041437585E-002
   747.99999999999170       0.36007193004846733     
   748.79999999999166        5.2943160513214738E-002
   749.59999999999161      -0.35040602354162970     
   750.39999999999156      -0.11651116205558903     
   751.19999999999152       0.32922639082883448     
   751.99999999999147       0.17626611175418797     
   752.79999999999143      -0.29723922845510542     
   753.59999999999138      -0.23023331647457521     
   754.39999999999134       0.25550034252782616     
   755.19999999999129       0.27662556744543421     
   755.99999999999125      -0.20537955577903749     
   756.79999999999120      -0.31390554197943210     
   757.59999999999116       0.14851670788416033     
   758.39999999999111       0.34083997150771250     
   759.19999999999106       -8.6770204300829490E-002
   759.99999999999102      -0.35654257371774806     
   760.79999999999097        2.2159056895662610E-002
   761.59999999999093       0.36050345093285191     
   762.39999999999088        4.3200445286333433E-002
   763.19999999999084      -0.35260384057768462     
   763.99999999999079      -0.10716202907843017     
   764.79999999999075       0.33311642112713824     
   765.59999999999070       0.16761903073314210     
   766.39999999999065      -0.30269241349170573     
   767.19999999999061      -0.22257435608824799     
   767.99999999999056       0.26233719467597444     
   768.79999999999052       0.27020851315029659     
   769.59999999999047      -0.21337606319591917     
   770.39999999999043      -0.30894297650556563     
   771.19999999999038       0.15741143651124234     
   771.99999999999034       0.33749579207545716     
   772.79999999999029       -9.6272460885928945E-002
   773.59999999999025      -0.35492636629321911     
   774.39999999999020        3.1957962585569710E-002
   775.19999999999015       0.36066699961347110     
   775.99999999999011        3.3426158386048122E-002
   776.79999999999006      -0.35453985374731933     
   777.59999999999002       -9.7733726343016969E-002
   778.39999999998997       0.33675936658780781     
   779.19999999998993       0.15884765420516753     
   779.99999999998988      -0.30792123083635936     
   780.79999999998984      -0.21474998479776103     
   781.59999999998979       0.26897962066442133     
   782.39999999998975       0.26359037645814076     
   783.19999999998970      -0.22121434417880004     
   783.99999999998965      -0.30375035974088416     
   784.79999999998961       0.16618925954451991     
   785.59999999998956       0.33390030889986710     
   786.39999999998952      -0.10570296635947363     
   787.19999999998947      -0.35304603211125185     
   787.99999999998943        4.1732692078045752E-002
   788.79999999998938       0.36056241019632745     
   789.59999999998934        2.3627560473045151E-002
   790.39999999998929      -0.35621258137811912     
   791.19999999998925       -8.8233279509214002E-002
   791.99999999998920       0.34015249138085540     
   792.79999999998915       0.14995853691350861     
   793.59999999998911      -0.31292178838392026     
   794.39999999998906      -0.20676606058834474     
   795.19999999998902       0.27542270113100725     
   795.99999999998897       0.25677611278385992     
   796.79999999998893      -0.22888860852711945     
   797.59999999998888      -0.29833156958361495     
   798.39999999998884       0.17484369675411726     
   799.19999999998879       0.33005618824496580     
