        6384   0.0000000000000000     
        6385   0.0000000000000000     
        6386   0.0000000000000000     
        6387   0.0000000000000000     
        6388   0.0000000000000000     
        6389   0.0000000000000000     
        6390   0.0000000000000000     
        6391   0.0000000000000000     
        6392   0.0000000000000000     
        6393   0.0000000000000000     
        6394   0.0000000000000000     
        6395   0.0000000000000000     
        6396   0.0000000000000000     
        6397   0.0000000000000000     
        6398   0.0000000000000000     
        6399   0.0000000000000000     
        6400   0.0000000000000000     
        6401   0.0000000000000000     
        6402   0.0000000000000000     
        6403   0.0000000000000000     
        6404   0.0000000000000000     
        6405   0.0000000000000000     
        6406   0.0000000000000000     
        6407   0.0000000000000000     
        6408   0.0000000000000000     
        6409   0.0000000000000000     
        6410   0.0000000000000000     
        6411   0.0000000000000000     
        6412   0.0000000000000000     
        6413   0.0000000000000000     
        6414   0.0000000000000000     
        6415   0.0000000000000000     
        6416   0.0000000000000000     
        6417   0.0000000000000000     
        6418   0.0000000000000000     
        6419   0.0000000000000000     
        6420   0.0000000000000000     
        6421   0.0000000000000000     
        6422   0.0000000000000000     
        6423   0.0000000000000000     
        6424   0.0000000000000000     
        6425   0.0000000000000000     
        6426   0.0000000000000000     
        6427   0.0000000000000000     
        6428   0.0000000000000000     
        6429   0.0000000000000000     
        6430   0.0000000000000000     
        6431   0.0000000000000000     
        6432   0.0000000000000000     
        6433   0.0000000000000000     
        6434   0.0000000000000000     
        6435   0.0000000000000000     
        6436   0.0000000000000000     
        6437   0.0000000000000000     
        6438   0.0000000000000000     
        6439   0.0000000000000000     
        6440   0.0000000000000000     
        6441   0.0000000000000000     
        6442   0.0000000000000000     
        6443   0.0000000000000000     
        6444   0.0000000000000000     
        6445   0.0000000000000000     
        6446   0.0000000000000000     
        6447   0.0000000000000000     
        6448   0.0000000000000000     
        6449   0.0000000000000000     
        6450   0.0000000000000000     
        6451   0.0000000000000000     
        6452   0.0000000000000000     
        6453   0.0000000000000000     
        6454   0.0000000000000000     
        6455   0.0000000000000000     
        6456   0.0000000000000000     
        6457   0.0000000000000000     
        6458   0.0000000000000000     
        6459   0.0000000000000000     
        6460   0.0000000000000000     
        6461   0.0000000000000000     
        6462   0.0000000000000000     
        6463   0.0000000000000000     
        6464   0.0000000000000000     
        6465   0.0000000000000000     
        6466   0.0000000000000000     
        6467   0.0000000000000000     
        6468   0.0000000000000000     
        6469   0.0000000000000000     
        6470   0.0000000000000000     
        6471   0.0000000000000000     
        6472   0.0000000000000000     
        6473   0.0000000000000000     
        6474   0.0000000000000000     
        6475   0.0000000000000000     
        6476   0.0000000000000000     
        6477   0.0000000000000000     
        6478   0.0000000000000000     
        6479   0.0000000000000000     
        6480   0.0000000000000000     
        6481   0.0000000000000000     
        6482   0.0000000000000000     
        6483   0.0000000000000000     
        6484   0.0000000000000000     
        6485   0.0000000000000000     
        6486   0.0000000000000000     
        6487   0.0000000000000000     
        6488   0.0000000000000000     
        6489   0.0000000000000000     
        6490   0.0000000000000000     
        6491   0.0000000000000000     
        6492   0.0000000000000000     
        6493   0.0000000000000000     
        6494   0.0000000000000000     
        6495   0.0000000000000000     
        6496   0.0000000000000000     
        6497   0.0000000000000000     
        6498   0.0000000000000000     
        6499   0.0000000000000000     
        6500   0.0000000000000000     
        6501   0.0000000000000000     
        6502   0.0000000000000000     
        6503   0.0000000000000000     
        6504   0.0000000000000000     
        6505   0.0000000000000000     
        6506   0.0000000000000000     
        6507   0.0000000000000000     
        6508   0.0000000000000000     
        6509   0.0000000000000000     
        6510   0.0000000000000000     
        6511   0.0000000000000000     
        6512   0.0000000000000000     
        6513   0.0000000000000000     
        6514   0.0000000000000000     
        6515   0.0000000000000000     
        6516   0.0000000000000000     
        6517   0.0000000000000000     
        6518   0.0000000000000000     
        6519   0.0000000000000000     
        6520   0.0000000000000000     
        6521   0.0000000000000000     
        6522   0.0000000000000000     
        6523   0.0000000000000000     
        6524   0.0000000000000000     
        6525   0.0000000000000000     
        6526   0.0000000000000000     
        6527   0.0000000000000000     
        6528   0.0000000000000000     
        6529   0.0000000000000000     
        6530   0.0000000000000000     
        6531   0.0000000000000000     
        6532   0.0000000000000000     
        6533   0.0000000000000000     
        6534   0.0000000000000000     
        6535   0.0000000000000000     
        6536   0.0000000000000000     
        6537   0.0000000000000000     
        6538   0.0000000000000000     
        6539   0.0000000000000000     
        6540   0.0000000000000000     
        6541   0.0000000000000000     
        6542   0.0000000000000000     
        6543   0.0000000000000000     
        6544   0.0000000000000000     
        6545   0.0000000000000000     
        6546   0.0000000000000000     
        6547   0.0000000000000000     
        6548   0.0000000000000000     
        6549   0.0000000000000000     
        6550   0.0000000000000000     
        6551   0.0000000000000000     
        6552   0.0000000000000000     
        6553   0.0000000000000000     
        6554   0.0000000000000000     
        6555   0.0000000000000000     
        6556   0.0000000000000000     
        6557   0.0000000000000000     
        6558   0.0000000000000000     
        6559   0.0000000000000000     
        6560   0.0000000000000000     
        6561   0.0000000000000000     
        6562   0.0000000000000000     
        6563   0.0000000000000000     
        6564   0.0000000000000000     
        6565   0.0000000000000000     
        6566   0.0000000000000000     
        6567   0.0000000000000000     
        6568   0.0000000000000000     
        6569   0.0000000000000000     
        6570   0.0000000000000000     
        6571   0.0000000000000000     
        6572   0.0000000000000000     
        6573   0.0000000000000000     
        6574   0.0000000000000000     
        6575   0.0000000000000000     
        6576   0.0000000000000000     
        6577   0.0000000000000000     
        6578   0.0000000000000000     
        6579   0.0000000000000000     
        6580   0.0000000000000000     
        6581   0.0000000000000000     
        6582   0.0000000000000000     
        6583   0.0000000000000000     
        6584   0.0000000000000000     
        6585   0.0000000000000000     
        6586   0.0000000000000000     
        6587   0.0000000000000000     
        6588   0.0000000000000000     
        6589   0.0000000000000000     
        6590   0.0000000000000000     
        6591   0.0000000000000000     
        6592   0.0000000000000000     
        6593   0.0000000000000000     
        6594   0.0000000000000000     
        6595   0.0000000000000000     
        6596   0.0000000000000000     
        6597   0.0000000000000000     
        6598   0.0000000000000000     
        6599   0.0000000000000000     
        6600   0.0000000000000000     
        6601   0.0000000000000000     
        6602   0.0000000000000000     
        6603   0.0000000000000000     
        6604   0.0000000000000000     
        6605   0.0000000000000000     
        6606   0.0000000000000000     
        6607   0.0000000000000000     
        6608   0.0000000000000000     
        6609   0.0000000000000000     
        6610   0.0000000000000000     
        6611   0.0000000000000000     
        6612   0.0000000000000000     
        6613   0.0000000000000000     
        6614   0.0000000000000000     
        6615   0.0000000000000000     
        6616   0.0000000000000000     
        6617   0.0000000000000000     
        6618   0.0000000000000000     
        6619   0.0000000000000000     
        6620   0.0000000000000000     
        6621   0.0000000000000000     
        6622   0.0000000000000000     
        6623   0.0000000000000000     
        6624   0.0000000000000000     
        6625   0.0000000000000000     
        6626   0.0000000000000000     
        6627   0.0000000000000000     
        6628   0.0000000000000000     
        6629   0.0000000000000000     
        6630   0.0000000000000000     
        6631   0.0000000000000000     
        6632   0.0000000000000000     
        6633   0.0000000000000000     
        6634   0.0000000000000000     
        6635   0.0000000000000000     
        6636   0.0000000000000000     
        6637   0.0000000000000000     
        6638   0.0000000000000000     
        6639   0.0000000000000000     
        6640   0.0000000000000000     
        6641   0.0000000000000000     
        6642   0.0000000000000000     
        6643   0.0000000000000000     
        6644   0.0000000000000000     
        6645   0.0000000000000000     
        6646   0.0000000000000000     
        6647   0.0000000000000000     
        6648   0.0000000000000000     
        6649   0.0000000000000000     
        6650   0.0000000000000000     
        6651   0.0000000000000000     
        6652   0.0000000000000000     
        6653   0.0000000000000000     
