   0.0000000000000000       0.75817103148259790     
  0.80000000000000004       0.75832150286400268     
   1.6000000000000001       0.82948402217643014     
   2.4000000000000004       0.90837264423869069     
   3.2000000000000002       0.92619924015388588     
   4.0000000000000000       0.86036068584683112     
   4.7999999999999998       0.74753052493998029     
   5.5999999999999996       0.64918170565732292     
   6.3999999999999995       0.60639018666344302     
   7.1999999999999993       0.61704125318358871     
   7.9999999999999991       0.64236156659260146     
   8.7999999999999989       0.63449282767348680     
   9.5999999999999996       0.56773921987018972     
   10.400000000000000       0.45250021709702515     
   11.200000000000001       0.32396924043521402     
   12.000000000000002       0.21813340439979634     
   12.800000000000002       0.15233059595064669     
   13.600000000000003       0.11881739094261140     
   14.400000000000004        9.1766874659544806E-002
   15.200000000000005        4.2834506774115377E-002
   16.000000000000004       -4.3195372938075322E-002
   16.800000000000004      -0.16072569436554832     
   17.600000000000005      -0.28674447083283089     
   18.400000000000006      -0.39290381651597145     
   19.200000000000006      -0.46068883824708512     
   20.000000000000007      -0.49197287307162696     
   20.800000000000008      -0.50779663945707398     
   21.600000000000009      -0.53517228971595943     
   22.400000000000009      -0.59027178840159067     
   23.200000000000010      -0.66840745097897714     
   24.000000000000011      -0.74686264330377994     
   24.800000000000011      -0.79975953173667091     
   25.600000000000012      -0.81617235658765430     
   26.400000000000013      -0.80793868388960177     
   27.200000000000014      -0.80037711734316852     
   28.000000000000014      -0.81356312454395407     
   28.800000000000015      -0.84849983951298291     
   29.600000000000016      -0.88735499907393456     
   30.400000000000016      -0.90717007246710357     
   31.200000000000017      -0.89714711051470464     
   32.000000000000014      -0.86600539164628654     
   32.800000000000011      -0.83388833036374621     
   33.600000000000009      -0.81663691022573093     
   34.400000000000006      -0.81499418828779391     
   35.200000000000003      -0.81550718331202388     
   36.000000000000000      -0.80118763309197571     
   36.799999999999997      -0.76370155941652818     
   37.599999999999994      -0.70820439645928845     
   38.399999999999991      -0.64817158681446707     
   39.199999999999989      -0.59542123302342576     
   39.999999999999986      -0.55282240569011742     
   40.799999999999983      -0.51369005331562034     
   41.599999999999980      -0.46703417212093201     
   42.399999999999977      -0.40466993685889674     
   43.199999999999974      -0.32574996408303858     
   43.999999999999972      -0.23650791003238680     
   44.799999999999969      -0.14623014688578698     
   45.599999999999966       -6.2329402625943164E-002
   46.399999999999963        1.2859924524978084E-002
   47.199999999999960        8.2315480907427824E-002
   47.999999999999957       0.15183621997616964     
   48.799999999999955       0.22626285791317471     
   49.599999999999952       0.30637357628585388     
   50.399999999999949       0.38804904551825609     
   51.199999999999946       0.46420433124519284     
   51.999999999999943       0.52859081242983907     
   52.799999999999940       0.57938684861130951     
   53.599999999999937       0.62027438911846189     
   54.399999999999935       0.65805856757330683     
   55.199999999999932       0.69821238558609666     
   55.999999999999929       0.74126803288526366     
   56.799999999999926       0.78252967035429721     
   57.599999999999923       0.81542505756931971     
   58.399999999999920       0.83623919114688394     
   59.199999999999918       0.84676088275968719     
   59.999999999999915       0.85281424178219312     
   60.799999999999912       0.85986062924516671     
   61.599999999999909       0.86908039054978836     
   62.399999999999906       0.87679702789533054     
   63.199999999999903       0.87748703592385036     
   63.999999999999901       0.86795623200950822     
   64.799999999999898       0.84948377198173242     
   65.599999999999895       0.82648054679740723     
   66.399999999999892       0.80300226207295078     
   67.199999999999889       0.77989500902875852     
   67.999999999999886       0.75450829396531938     
   68.799999999999883       0.72284398463360144     
   69.599999999999881       0.68235816111171088     
   70.399999999999878       0.63343207847768412     
   71.199999999999875       0.57872929790686434     
   71.999999999999872       0.52120699798781545     
   72.799999999999869       0.46227931055912530     
   73.599999999999866       0.40123123303032149     
   74.399999999999864       0.33601392928767349     
   75.199999999999861       0.26474357063086346     
   75.999999999999858       0.18697627823071017     
   76.799999999999855       0.10413262840957804     
   77.599999999999852        1.8998517392165445E-002
   78.399999999999849       -6.5320608347821829E-002
   79.199999999999847      -0.14645015876370063     
   79.999999999999844      -0.22334840155756994     
   80.799999999999841      -0.29624194964995282     
   81.599999999999838      -0.36597308952158425     
   82.399999999999835      -0.43311018222317182     
   83.199999999999832      -0.49730430482363086     
   83.999999999999829      -0.55726872418226425     
   84.799999999999827      -0.61142027843156532     
   85.599999999999824      -0.65880643394880845     
   86.399999999999821      -0.69970729424264766     
   87.199999999999818      -0.73546241531482770     
   87.999999999999815      -0.76758790760444384     
   88.799999999999812      -0.79677212329636660     
   89.599999999999810      -0.82246002463898571     
   90.399999999999807      -0.84333179023047522     
   91.199999999999804      -0.85832549279290493     
   91.999999999999801      -0.86743771973361428     
   92.799999999999798      -0.87170426323187000     
   93.599999999999795      -0.87240326943011570     
   94.399999999999793      -0.87011729753563549     
   95.199999999999790      -0.86436279059872023     
   95.999999999999787      -0.85402061060445378     
   96.799999999999784      -0.83818508935901248     
   97.599999999999781      -0.81677100214753784     
   98.399999999999778      -0.79046188599255318     
   99.199999999999775      -0.76011278077370603     
   99.999999999999773      -0.72609938218887382     
   100.79999999999977      -0.68807390022173998     
   101.59999999999977      -0.64523840155647361     
   102.39999999999976      -0.59688190993471757     
   103.19999999999976      -0.54279888629208262     
   103.99999999999976      -0.48335374328684877     
   104.79999999999976      -0.41922556861970567     
   105.59999999999975      -0.35105826644637295     
   106.39999999999975      -0.27925298521132202     
   107.19999999999975      -0.20401073184095786     
   107.99999999999974      -0.12557342951380954     
   108.79999999999974       -4.4512882153866576E-002
   109.59999999999974        3.8090654186394138E-002
   110.39999999999974       0.12067715474989543     
   111.19999999999973       0.20144937546990344     
   111.99999999999973       0.27874883681340873     
   112.79999999999973       0.35142166251207335     
   113.59999999999972       0.41901387836791198     
   114.39999999999972       0.48169026546968780     
   115.19999999999972       0.53989722671994711     
   115.99999999999972       0.59393584208658456     
   116.79999999999971       0.64368427331050881     
   117.59999999999971       0.68863918178220418     
   118.39999999999971       0.72825101012531923     
   119.19999999999970       0.76232420573576432     
   119.99999999999970       0.79119160715258630     
   120.79999999999970       0.81552168246482459     
   121.59999999999970       0.83588615537466648     
   122.39999999999969       0.85240083385958076     
   123.19999999999969       0.86470256875268403     
   123.99999999999969       0.87227150246522345     
   124.79999999999968       0.87484595396554055     
   125.59999999999968       0.87261416818503590     
   126.39999999999968       0.86605125607620681     
   127.19999999999968       0.85554730105780696     
   127.99999999999967       0.84111928209756759     
   128.79999999999967       0.82241107900205634     
   129.59999999999968       0.79895300996742491     
   130.39999999999969       0.77046670210482338     
   131.19999999999970       0.73699520943777208     
   131.99999999999972       0.69879260256158515     
   132.79999999999973       0.65608559983348180     
   133.59999999999974       0.60889067823883725     
   134.39999999999975       0.55700413758637113     
   135.19999999999976       0.50015230051589521     
   135.99999999999977       0.43819391561960136     
   136.79999999999978       0.37125943850422682     
   137.59999999999980       0.29977550449388884     
   138.39999999999981       0.22440065463647127     
   139.19999999999982       0.14593992759128688     
   139.99999999999983        6.5296410588089285E-002
   140.79999999999984       -1.6524635531771706E-002
   141.59999999999985       -9.8388563431725598E-002
   142.39999999999986      -0.17903421811426290     
   143.19999999999987      -0.25715165976671200     
   143.99999999999989      -0.33154117151682727     
   144.79999999999990      -0.40130655460402509     
   145.59999999999991      -0.46599425347379858     
   146.39999999999992      -0.52559189741166357     
   147.19999999999993      -0.58036043722726849     
   147.99999999999994      -0.63056985344774896     
   148.79999999999995      -0.67627983015712756     
   149.59999999999997      -0.71729491570554449     
   150.39999999999998      -0.75331929110708284     
   151.19999999999999      -0.78420039458103097     
   152.00000000000000      -0.81008171486796732     
   152.80000000000001      -0.83134526930734665     
   153.60000000000002      -0.84837947442159800     
   154.40000000000003      -0.86134202783128389     
   155.20000000000005      -0.87009262416799571     
   156.00000000000006      -0.87433982038575431     
   156.80000000000007      -0.87388275428092788     
   157.60000000000008      -0.86876133551261014     
   158.40000000000009      -0.85920842189635871     
   159.20000000000010      -0.84545472569449398     
   160.00000000000011      -0.82754352147221288     
   160.80000000000013      -0.80528989512044846     
   161.60000000000014      -0.77839903055298987     
   162.40000000000015      -0.74664194570601394     
   163.20000000000016      -0.70996034381871653     
   164.00000000000017      -0.66844121377311827     
   164.80000000000018      -0.62220172839628252     
   165.60000000000019      -0.57128029462876362     
   166.40000000000020      -0.51561118133252670     
   167.20000000000022      -0.45509579786826937     
   168.00000000000023      -0.38972511075243793     
   168.80000000000024      -0.31968965577806113     
   169.60000000000025      -0.24543603508495715     
   170.40000000000026      -0.16766658236627247     
   171.20000000000027       -8.7304772324044350E-002
   172.00000000000028       -5.4508010120293687E-003
   172.80000000000030        7.6664618847205199E-002
   173.60000000000031       0.15773917220281847     
   174.40000000000032       0.23648795656532309     
   175.20000000000033       0.31176676606285580     
   176.00000000000034       0.38270548509116642     
   176.80000000000035       0.44880063173462026     
   177.60000000000036       0.50991321280656221     
   178.40000000000038       0.56615263488864198     
   179.20000000000039       0.61768848206656890     
   180.00000000000040       0.66458268509923291     
   180.80000000000041       0.70673394810031198     
   181.60000000000042       0.74396218937052283     
   182.40000000000043       0.77616828319463471     
   183.20000000000044       0.80344880649871131     
   184.00000000000045       0.82607461060832821     
   184.80000000000047       0.84434216360301595     
   185.60000000000048       0.85840424013091243     
   186.40000000000049       0.86820408109638125     
   187.20000000000050       0.87355832437441427     
   188.00000000000051       0.87432029704733372     
   188.80000000000052       0.87049693677447437     
   189.60000000000053       0.86223456266993515     
   190.40000000000055       0.84969371290451579     
   191.20000000000056       0.83291515949385053     
   192.00000000000057       0.81177644080217459     
   192.80000000000058       0.78606150398760422     
   193.60000000000059       0.75558181649822076     
   194.40000000000060       0.72025913902782379     
   195.20000000000061       0.68012063857055782     
   196.00000000000063       0.63522624343751177     
   196.80000000000064       0.58559236766075073     
   197.60000000000065       0.53116973899754816     
   198.40000000000066       0.47189080748489043     
   199.20000000000067       0.40775940745481892     
   200.00000000000068       0.33893878010779721     
   200.80000000000069       0.26580663632463375     
   201.60000000000070       0.18897138885487513     
   202.40000000000072       0.10926224554185833     
   203.20000000000073        2.7707489913486913E-002
   204.00000000000074       -5.4496872362364390E-002
   204.80000000000075      -0.13604033246300584     
   205.60000000000076      -0.21558939205395039     
   206.40000000000077      -0.29192059573660140     
   207.20000000000078      -0.36407031992790662     
   208.00000000000080      -0.43144829934659984     
   208.80000000000081      -0.49385553592746928     
   209.60000000000082      -0.55137899341028584     
   210.40000000000083      -0.60419819136776354     
   211.20000000000084      -0.65239703829128437     
   212.00000000000085      -0.69588336599065337     
   212.80000000000086      -0.73445941325668851     
   213.60000000000088      -0.76798857621112804     
   214.40000000000089      -0.79653404401734529     
   215.20000000000090      -0.82036094048445463     
   216.00000000000091      -0.83979263615205235     
   216.80000000000092      -0.85502298310174385     
   217.60000000000093      -0.86602197040799667     
   218.40000000000094      -0.87260170452372166     
   219.20000000000095      -0.87458700598414785     
   220.00000000000097      -0.87195746741693936     
   220.80000000000098      -0.86485605665312548     
   221.60000000000099      -0.85346717255951832     
   222.40000000000100      -0.83786530273259574     
   223.20000000000101      -0.81794845017299089     
   224.00000000000102      -0.79349654188395347     
   224.80000000000103      -0.76429986526625615     
   225.60000000000105      -0.73025984132028798     
   226.40000000000106      -0.69139823796727629     
   227.20000000000107      -0.64778509613472190     
   228.00000000000108      -0.59945079436125970     
   228.80000000000109      -0.54634919343177879     
   229.60000000000110      -0.48839656062172054     
   230.40000000000111      -0.42556212820924211     
   231.20000000000113      -0.35796302593362195     
   232.00000000000114      -0.28592632039124810     
   232.80000000000115      -0.21000845614358138     
   233.60000000000116      -0.13098530346998491     
   234.40000000000117       -4.9831022368857836E-002
   235.20000000000118        3.2307739973641433E-002
   236.00000000000119       0.11415282859025601     
   236.80000000000121       0.19437003584351387     
   237.60000000000122       0.27168975404690560     
   238.40000000000123       0.34505751742521990     
   239.20000000000124       0.41376736477801285     
   240.00000000000125       0.47751504721429083     
   240.80000000000126       0.53632836971096154     
   241.60000000000127       0.59038950492500419     
   242.40000000000128       0.63983022960919211     
   243.20000000000130       0.68460930049962065     
   244.00000000000131       0.72454060577449353     
   244.80000000000132       0.75944621692649295     
   245.60000000000133       0.78932098960039099     
   246.40000000000134       0.81438270070940899     
   247.20000000000135       0.83496286905086037     
   248.00000000000136       0.85131331686069722     
   248.80000000000138       0.86346972034546576     
   249.60000000000139       0.87127113607452189     
   250.40000000000140       0.87451509650493697     
   251.20000000000141       0.87312568227502563     
   252.00000000000142       0.86720768006795812     
   252.80000000000143       0.85695392102580503     
   253.60000000000144       0.84248622795381956     
   254.40000000000146       0.82375329177222389     
   255.20000000000147       0.80055467291585969     
   256.00000000000148       0.77266064850838934     
   256.80000000000149       0.73993283527708609     
   257.60000000000150       0.70236349687384947     
   258.40000000000151       0.66002115752318402     
   259.20000000000152       0.61295756056813644     
   260.00000000000153       0.56114957065162685     
   260.80000000000155       0.50451643456618400     
   261.60000000000156       0.44300085105400155     
   262.40000000000157       0.37666895814687379     
   263.20000000000158       0.30578538637575564     
   264.00000000000159       0.23084467973912906     
   264.80000000000160       0.15256713548975120     
   265.60000000000161        7.1878186857968915E-002
   266.40000000000163       -1.0117154277449095E-002
   267.20000000000164       -9.2170282989358032E-002
   268.00000000000165      -0.17295342691765714     
   268.80000000000166      -0.25116750893091089     
   269.60000000000167      -0.32568684245581592     
   270.40000000000168      -0.39570220349956003     
   271.20000000000169      -0.46080122399542595     
   272.00000000000171      -0.52093397922655671     
   272.80000000000172      -0.57626019532276695     
   273.60000000000173      -0.62694221007530604     
   274.40000000000174      -0.67299068530514805     
   275.20000000000175      -0.71424934769109982     
   276.00000000000176      -0.75052131409578959     
   276.80000000000177      -0.78174323014407543     
   277.60000000000178      -0.80807559843345567     
   278.40000000000180      -0.82983517739203394     
   279.20000000000181      -0.84731276203215045     
   280.00000000000182      -0.86060846440617644     
   280.80000000000183      -0.86960495989282593     
   281.60000000000184      -0.87409374800904560     
   282.40000000000185      -0.87395311973645506     
   283.20000000000186      -0.86924145968518096     
   284.00000000000188      -0.86014138957042841     
   284.80000000000189      -0.84680760637135344     
   285.60000000000190      -0.82923929482446457     
   286.40000000000191      -0.80726837774060090     
   287.20000000000192      -0.78066040013205695     
   288.00000000000193      -0.74924425468086742     
   288.80000000000194      -0.71297809638976939     
   289.60000000000196      -0.67191768955853581     
   290.40000000000197      -0.62612701296580131     
   291.20000000000198      -0.57560501345160808     
   292.00000000000199      -0.52028132652216508     
   292.80000000000200      -0.46008317433846069     
   293.60000000000201      -0.39503470713793276     
   294.40000000000202      -0.32534175667890303     
   295.20000000000203      -0.25143540176506946     
   296.00000000000205      -0.17397603406436091     
   296.80000000000206       -9.3835796817991854E-002
   297.60000000000207       -1.2074269596968570E-002
   298.40000000000208        7.0093380377369563E-002
   299.20000000000209       0.15135149192631098     
   300.00000000000210       0.23037979374721232     
   300.80000000000211       0.30599074479829597     
   301.60000000000213       0.37727845671391191     
   302.40000000000214       0.44372199677231217     
   303.20000000000215       0.50518465682491509     
   304.00000000000216       0.56178938318671046     
   304.80000000000217       0.61371675594869590     
   305.60000000000218       0.66102604732897829     
   306.40000000000219       0.70359823917890540     
   307.20000000000221       0.74123002570297536     
   308.00000000000222       0.77380796405211472     
   308.80000000000223       0.80143242998313846     
   309.60000000000224       0.82439323598447600     
   310.40000000000225       0.84300752616677699     
   311.20000000000226       0.85743612887178744     
   312.00000000000227       0.86761299508045164     
   312.80000000000229       0.87333635284363864     
   313.60000000000230       0.87444666781528235     
   314.40000000000231       0.87095341896071865     
   315.20000000000232       0.86301873615748537     
   316.00000000000233       0.85082044559393910     
   316.80000000000234       0.83440611572285095     
   317.60000000000235       0.81364627706317627     
   318.40000000000236       0.78831097119418581     
   319.20000000000238       0.75820187223827928     
   320.00000000000239       0.72324177727278183     
   320.80000000000240       0.68346786751400390     
   321.60000000000241       0.63895095362138987     
   322.40000000000242       0.58971105670954016     
   323.20000000000243       0.53569223605325278     
   324.00000000000244       0.47681299754172540     
   324.80000000000246       0.41306179751957089     
   325.60000000000247       0.34458944019534238     
   326.40000000000248       0.27176455999272081     
   327.20000000000249       0.19518684847037032     
   328.00000000000250       0.11567343082399366     
   328.80000000000251        3.4235766171186691E-002
   329.60000000000252       -4.7949002094522714E-002
   330.40000000000254      -0.12958482930141907     
   331.20000000000255      -0.20934053682286541     
   332.00000000000256      -0.28597756158870735     
   332.80000000000257      -0.35850061084012963     
   333.60000000000258      -0.42627972814400572     
   334.40000000000259      -0.48908193860337495     
   335.20000000000260      -0.54697843218682807     
   336.00000000000261      -0.60015501231840129     
   336.80000000000263      -0.64871573061112342     
   337.60000000000264      -0.69258615802033607     
   338.40000000000265      -0.73156962543263160     
   339.20000000000266      -0.76551162082937496     
   340.00000000000267      -0.79445017611518587     
   340.80000000000268      -0.81863575402793320     
   341.60000000000269      -0.83839815782562344     
   342.40000000000271      -0.85395402206258963     
   343.20000000000272      -0.86529583399320287     
   344.00000000000273      -0.87224205514911357     
   344.80000000000274      -0.87460460141108420     
   345.60000000000275      -0.87234236907261253     
   346.40000000000276      -0.86558640663639630     
   347.20000000000277      -0.85452678125782322     
   348.00000000000279      -0.83925631044351157     
   348.80000000000280      -0.81969025545144603     
   349.60000000000281      -0.79561315609116434     
   350.40000000000282      -0.76680592727368702     
   351.20000000000283      -0.73315511504622111     
   352.00000000000284      -0.69467302769211647     
   352.80000000000285      -0.65143103772999766     
   353.60000000000286      -0.60346861140152741     
   354.40000000000288      -0.55074823616658808     
   355.20000000000289      -0.49318687063053085     
   356.00000000000290      -0.43074398231874850     
   356.80000000000291      -0.36351919482220951     
   357.60000000000292      -0.29181947232785566     
   358.40000000000293      -0.21618277868056282     
   359.20000000000294      -0.13736969174497921     
   360.00000000000296       -5.6341718473050945E-002
   360.80000000000297        2.5765225700775579E-002
   361.60000000000298       0.10768080814428727     
   362.40000000000299       0.18807250952843624     
   363.20000000000300       0.26566218794198926     
   364.00000000000301       0.33937451046627998     
   364.80000000000302       0.40847299382245628     
   365.60000000000304       0.47262134582801324     
   366.40000000000305       0.53182448726332765     
   367.20000000000306       0.58625839380203937     
   368.00000000000307       0.63606455145548813     
   368.80000000000308       0.68121763016054515     
   369.60000000000309       0.72154048325140474     
   370.40000000000310       0.75684927282432746     
   371.20000000000312       0.78712120428771482     
   372.00000000000313       0.81255695582017062     
   372.80000000000314       0.83348396027358684     
   373.60000000000315       0.85016607370823238     
   374.40000000000316       0.86265836286281194     
   375.20000000000317       0.87081269173476339     
   376.00000000000318       0.87442438970504377     
   376.80000000000319       0.87340360188949118     
   377.60000000000321       0.86784132248042245     
   378.40000000000322       0.85792763118714466     
   379.20000000000323       0.84379443225398076     
   380.00000000000324       0.82540552201020878     
   380.80000000000325       0.80256991997903904     
   381.60000000000326       0.77505622683746211     
   382.40000000000327       0.74271614105406802     
   383.20000000000329       0.70553175600853224     
   384.00000000000330       0.66356787341340195     
   384.80000000000331       0.61687992824984395     
   385.60000000000332       0.56545130683455946     
   386.40000000000333       0.50920419627340785     
   387.20000000000334       0.44807647798760647     
   388.00000000000335       0.38212156083250481     
   388.80000000000337       0.31158634276685548     
   389.60000000000338       0.23694627525038708     
   390.40000000000339       0.15890371914408669     
   391.20000000000340        7.8368349159994591E-002
   392.00000000000341       -3.5679112883516967E-003
   392.80000000000342       -8.5665576342444427E-002
   393.60000000000343      -0.16659930621957575     
   394.40000000000344      -0.24506244525994153     
   395.20000000000346      -0.31990993324090733     
   396.00000000000347      -0.39030355898276820     
   396.80000000000348      -0.45579941195743101     
   397.60000000000349      -0.51632330303769580     
   398.40000000000350      -0.57202571531494972     
   399.20000000000351      -0.62307542188122444     
   400.00000000000352      -0.66949734742868194     
   400.80000000000354      -0.71114510079240845     
   401.60000000000355      -0.74781856763164301     
   402.40000000000356      -0.77943905848921824     
   403.20000000000357      -0.80615003695801013     
   404.00000000000358      -0.82826181803841448     
   404.80000000000359      -0.84607419975278753     
   405.60000000000360      -0.85970526343210152     
   406.40000000000362      -0.86905168747128148     
   407.20000000000363      -0.87390553856546649     
   408.00000000000364      -0.87413331749133272     
   408.80000000000365      -0.86977956499906950     
   409.60000000000366      -0.86102213449590392     
   410.40000000000367      -0.84802351068897652     
   411.20000000000368      -0.83079712113029724     
   412.00000000000369      -0.80918537252881539     
   412.80000000000371      -0.78295409658615822     
   413.60000000000372      -0.75192372089206494     
   414.40000000000373      -0.71604234045320703     
   415.20000000000374      -0.67536101585852637     
   416.00000000000375      -0.62994630154995446     
   416.80000000000376      -0.57980331121773387     
   417.60000000000377      -0.52486532522548490     
   418.40000000000379      -0.46505619046210400     
   419.20000000000380      -0.40038891547194655     
   420.00000000000381      -0.33105285275953056     
   420.80000000000382      -0.25746070594915066     
   421.60000000000383      -0.18025510793680272     
   422.40000000000384      -0.10029208988956829     
   423.20000000000385       -1.8617154703323910E-002
   424.00000000000387        6.3565455347307120E-002
   424.80000000000388       0.14494520790916710     
   425.60000000000389       0.22419754288929039     
   426.40000000000390       0.30011860599983653     
   427.20000000000391       0.37177516135039762     
   428.00000000000392       0.43861395861306862     
   428.80000000000393       0.50047079236732817     
   429.60000000000394       0.55745498418970274     
   430.40000000000396       0.60975022433838177     
   431.20000000000397       0.65742961297589786     
   432.00000000000398       0.70038660700975730     
   432.80000000000399       0.73841838781368074     
   433.60000000000400       0.77139822139814584     
   434.40000000000401       0.79940812545647655     
   435.20000000000402       0.82272758221911091     
   436.00000000000404       0.84167907883062654     
   436.80000000000405       0.85644066278823294     
   437.60000000000406       0.86696292195637081     
   438.40000000000407       0.87304856204367820     
   439.20000000000408       0.87452843821297255     
   440.00000000000409       0.87139709649539787     
   440.80000000000410       0.86380858861096044     
   441.60000000000412       0.85194564364048275     
   442.40000000000413       0.83586970154529927     
   443.20000000000414       0.81546393867381506     
   444.00000000000415       0.79050155953201562     
   444.80000000000416       0.76077727962978525     
   445.60000000000417       0.72620316970024290     
   446.40000000000418       0.68680972310825239     
   447.20000000000420       0.64266867239320280     
   448.00000000000421       0.59380607420440912     
   448.80000000000422       0.54017107801857256     
   449.60000000000423       0.48168096673390587     
   450.40000000000424       0.41831486578718313     
   451.20000000000425       0.35020799838430561     
   452.00000000000426       0.27771068872238874     
   452.80000000000427       0.20140454160876567     
   453.60000000000429       0.12209020048723811     
   454.40000000000430        4.0764602801144953E-002
   455.20000000000431       -4.1406958840500177E-002
   456.00000000000432      -0.12313545657508718     
   456.80000000000433      -0.20308839723826599     
   457.60000000000434      -0.28001438656043032     
   458.40000000000435      -0.35289349855303098     
   459.20000000000437      -0.42106396276238006     
   460.00000000000438      -0.48426290427040020     
   460.80000000000439      -0.54254338042234207     
   461.60000000000440      -0.59608989584177074     
   462.40000000000441      -0.64501846225209869     
   463.20000000000442      -0.68926884427352886     
   464.00000000000443      -0.72864887453647542     
   464.80000000000445      -0.76299409297966969     
   465.60000000000446      -0.79232424690443248     
   466.40000000000447      -0.81687604263575042     
   467.20000000000448      -0.83698013818249417     
   468.00000000000449      -0.85286813575117437     
   468.80000000000450      -0.86455074975727808     
   469.60000000000451      -0.87185501229615581     
   470.40000000000452      -0.87458662721095970     
   471.20000000000454      -0.87268974882931749     
   472.00000000000455      -0.86628441301271297     
   472.80000000000456      -0.85556196657273609     
   473.60000000000457      -0.84062752077353897     
   474.40000000000458      -0.82141039761617585     
   475.20000000000459      -0.79770137393568363     
   476.00000000000460      -0.76927679607387767     
   476.80000000000462      -0.73601267207904764     
   477.60000000000463      -0.69791287190483708     
   478.40000000000464      -0.65504757253946289     
   479.20000000000465      -0.60746138240492598     
   480.00000000000466      -0.55512278183772690     
   480.80000000000467      -0.49794961493191209     
   481.60000000000468      -0.43589420389569422     
   482.40000000000470      -0.36904197667201899     
   483.20000000000471      -0.29768195925264523     
   484.00000000000472      -0.22233372226164388     
   484.80000000000473      -0.14374083169281551     
   485.60000000000474       -6.2849697074371352E-002
   486.40000000000475        1.9216467464646433E-002
   487.20000000000476       0.10119592335900142     
   488.00000000000477       0.18175741904054563     
   488.80000000000479       0.25961326749467684     
   489.60000000000480       0.33366646313742326     
   490.40000000000481       0.40314992638225272     
   491.20000000000482       0.46769594904964362     
   492.00000000000483       0.52728736586098002     
   492.80000000000484       0.58209426608855575     
   493.60000000000485       0.63226734363651649     
   494.40000000000487       0.67779611678519192     
   495.20000000000488       0.71851143236594039     
   496.00000000000489       0.75422326181439114     
   496.80000000000490       0.78489167423567185     
   497.60000000000491       0.81070110372838711     
   498.40000000000492       0.83197543109955763     
   499.20000000000493       0.84899038456785625     
   500.00000000000495       0.86181972998795664     
   500.80000000000496       0.87032745939851330     
   501.60000000000497       0.87430651818846383     
   502.40000000000498       0.87365351307841477     
   503.20000000000499       0.86844627852501322     
   504.00000000000500       0.85887254067906427     
   504.80000000000501       0.84507419719219656     
   505.60000000000502       0.82702969054575337     
   506.40000000000504       0.80455702363827131     
   507.20000000000505       0.77742295461927990     
   508.00000000000506       0.74546949607790847     
   508.80000000000507       0.70866903170924977     
   509.60000000000508       0.66708304569651644     
   510.40000000000509       0.62077080879077318     
   511.20000000000510       0.56972210081319286     
   512.00000000000512       0.51386181588887148     
   512.80000000000507       0.45312291003643063     
   513.60000000000502       0.38754623665575094     
   514.40000000000498       0.31736141583892585     
   515.20000000000493       0.24302538566577403     
   516.00000000000489       0.16522303264010668     
   516.80000000000484        8.4848387504098857E-002
   517.60000000000480        2.9799142632915138E-003
   518.40000000000475       -7.9152875298325098E-002
   519.20000000000471      -0.16022825746711045     
   520.00000000000466      -0.23893321414416874     
   520.80000000000462      -0.31410417933598483     
   521.60000000000457      -0.38487412894945972     
   522.40000000000452      -0.45076695721476190     
   523.20000000000448      -0.51168295733912861     
   524.00000000000443      -0.56776208538443917     
   524.80000000000439      -0.61917889101236590     
   525.60000000000434      -0.66597287317374443     
   526.40000000000430      -0.70800855938839879     
   527.20000000000425      -0.74508361934309963     
   528.00000000000421      -0.77710425090439172     
   528.80000000000416      -0.80419607963072415     
   529.60000000000412      -0.82666168625809366     
   530.40000000000407      -0.84480901401786834     
   531.20000000000402      -0.85877430830919621     
   532.00000000000398      -0.86846932484765460     
   532.80000000000393      -0.87368781571233867     
   533.60000000000389      -0.87428481123467094     
   534.40000000000384      -0.87029033399405886     
   535.20000000000380      -0.86187637261590777     
   536.00000000000375      -0.84921253011210907     
   536.80000000000371      -0.83232669112874946     
   537.60000000000366      -0.81107260336694242     
   538.40000000000362      -0.78521720425329178     
   539.20000000000357      -0.75457267176147180     
   540.00000000000352      -0.71907659808614677     
   540.80000000000348      -0.67877466042020762     
   541.60000000000343      -0.63373560170920729     
   542.40000000000339      -0.58397086923045916     
   543.20000000000334      -0.52941798294679387     
   544.00000000000330      -0.46999808552135836     
   544.80000000000325      -0.40571348199349144     
   545.60000000000321      -0.33673715841995089     
   546.40000000000316      -0.26346334654922776     
   547.20000000000312      -0.18651679834289692     
   548.00000000000307      -0.10673738306196015     
   548.80000000000302       -2.5156488130395740E-002
   549.60000000000298        5.7032778961784367E-002
   550.40000000000293       0.13852557631751081     
   551.20000000000289       0.21799400002633706     
   552.00000000000284       0.29421899383824363     
   552.80000000000280       0.36624081375061435     
   553.60000000000275       0.43347399523208363     
   554.40000000000271       0.49572601294473495     
   555.20000000000266       0.55309111813522938     
   556.00000000000261       0.60575477094618235     
   556.80000000000257       0.65380341867983249     
   557.60000000000252       0.69714363876891738     
   558.40000000000248       0.73557439627887022     
   559.20000000000243       0.76895665748749209     
   560.00000000000239       0.79735399821972008     
   560.80000000000234       0.82103442388988612     
   561.60000000000230       0.84032437807829308     
   562.40000000000225       0.85541851994941498     
   563.20000000000221       0.86628467233081130     
   564.00000000000216       0.87273132625897942     
   564.80000000000211       0.87458072667421916     
   565.60000000000207       0.87181244760338461     
   566.40000000000202       0.86457148771428272     
   567.20000000000198       0.85304436903530689     
   568.00000000000193       0.83730598712031767     
   568.80000000000189       0.81725267555273196     
   569.60000000000184       0.79266177553344419     
   570.40000000000180       0.76332174692938159     
   571.20000000000175       0.72913393099152701     
   572.00000000000171       0.69012155000356246     
   572.80000000000166       0.64635660390082739     
   573.60000000000161       0.59787094182397815     
   574.40000000000157       0.54461912094720810     
   575.20000000000152       0.48651787187808576     
   576.00000000000148       0.42353765543120470     
   576.80000000000143       0.35579851166091220     
   577.60000000000139       0.28363253221781548     
   578.40000000000134       0.20760310810359089     
   579.20000000000130       0.12849421560086374     
   580.00000000000125        4.7288082692063138E-002
   580.80000000000121       -3.4862109955199477E-002
   581.60000000000116      -0.11667482368453176     
   582.40000000000111      -0.19681701615397484     
   583.20000000000107      -0.27402542378235206     
   584.00000000000102      -0.34725633219778962     
   584.80000000000098      -0.41581646527546090     
   585.60000000000093      -0.47941254389111776     
   586.40000000000089      -0.53807829376718941     
   587.20000000000084      -0.59199558438455546     
   588.00000000000080      -0.64129164043901277     
   588.80000000000075      -0.68592068941000095     
   589.60000000000070      -0.72569613186505988     
   590.40000000000066      -0.76044463552909003     
   591.20000000000061      -0.79016792106755285     
   592.00000000000057      -0.81508813554873172     
   592.80000000000052      -0.83553548904125396     
   593.60000000000048      -0.85175570606952866     
   594.40000000000043      -0.86377795422829495     
   595.20000000000039      -0.87143892446341042     
   596.00000000000034      -0.87453920031717436     
   596.80000000000030      -0.87300846779673857     
   597.60000000000025      -0.86695505669216721     
   598.40000000000020      -0.85657052705678827     
   599.20000000000016      -0.84197166599239825     
   600.00000000000011      -0.82310209403540280     
   600.80000000000007      -0.79975965678178762     
   601.60000000000002      -0.77171690489368194     
   602.39999999999998      -0.73883950624687467     
   603.19999999999993      -0.70112248334194038     
   603.99999999999989      -0.65863419800874767     
   604.79999999999984      -0.61142405191127080     
   605.59999999999980      -0.55946667520194970     
   606.39999999999975      -0.50268135308379402     
   607.19999999999970      -0.44101391059217998     
   607.99999999999966      -0.37453604354689979     
   608.79999999999961      -0.30351901582329638     
   609.59999999999957      -0.22846396007320008     
   610.39999999999952      -0.15009729102671848     
   611.19999999999948       -6.9350153364850911E-002
   611.99999999999943        1.2667181420625617E-002
   612.79999999999939        9.4702005304279899E-002
   613.59999999999934       0.17542505743140957     
   614.39999999999930       0.25354005640593702     
   615.19999999999925       0.32792923351240943     
   615.99999999999920       0.39779537449521124     
   616.79999999999916       0.46273904297279905     
   617.59999999999911       0.52271991723284983     
   618.39999999999907       0.57790083616141430     
   619.19999999999902       0.62844076297481433     
   619.99999999999898       0.67434408540886059     
   620.79999999999893       0.71545057070021578     
   621.59999999999889       0.75156515116962741     
   622.39999999999884       0.78263126211771494     
   623.19999999999879       0.80881652359737199     
   623.99999999999875       0.83044000167123622     
   624.79999999999870       0.84778826288279663     
   625.59999999999866       0.86095372501365586     
   626.39999999999861       0.86981344909643732     
   627.19999999999857       0.87415917543698629     
   627.99999999999852       0.87387448913460875     
   628.79999999999848       0.86902357458286728     
   629.59999999999843       0.85979075019182249     
   630.39999999999839       0.84632711918436909     
   631.19999999999834       0.82862580088470272     
   631.99999999999829       0.80651452377840660     
   632.79999999999825       0.77975905191717809     
   633.59999999999820       0.74819207135128118     
   634.39999999999816       0.71177596664933662     
   635.19999999999811       0.67056828580216021     
   635.99999999999807       0.62463168589531548     
   636.79999999999802       0.57396237456043220     
   637.59999999999798       0.51848843888812557     
   638.39999999999793       0.45813856556756338     
   639.19999999999789       0.39294157486060516     
   639.99999999999784       0.32311004877442812     
   640.79999999999779       0.24908240586448410     
   641.59999999999775       0.17152593357337886     
   642.39999999999770        9.1318866058759274E-002
   643.19999999999766        9.5260072077031216E-003
   643.99999999999761       -7.2633468880305696E-002
   644.79999999999757      -0.15384209669227134     
   645.59999999999752      -0.23278140832858632     
   646.39999999999748      -0.30827029912882009     
   647.19999999999743      -0.37941356279423266     
   647.99999999999739      -0.44570281347439145     
   648.79999999999734      -0.50701192796799255     
   649.59999999999729      -0.56346897459766576     
   650.39999999999725      -0.61525314948413334     
   651.19999999999720      -0.66241826298045614     
   651.99999999999716      -0.70484049503353374     
   652.79999999999711      -0.74231648906484526     
   653.59999999999707      -0.77473808498613372     
   654.39999999999702      -0.80221278518956440     
   655.19999999999698      -0.82503427390246920     
   655.99999999999693      -0.84351744036612064     
   656.79999999999688      -0.85781634018639452     
   657.59999999999684      -0.86785853462841955     
   658.39999999999679      -0.87344068047940515     
   659.19999999999675      -0.87440710545333178     
   659.99999999999670      -0.87077308126994490     
   660.79999999999666      -0.86270374614277112     
   661.59999999999661      -0.85037487826487534     
   662.39999999999657      -0.83382860844002504     
   663.19999999999652      -0.81293062540496519     
   663.99999999999648      -0.78744986692741048     
   664.79999999999643      -0.75719079510804654     
   665.59999999999638      -0.72208036983960633     
   666.39999999999634      -0.68215830228885033     
   667.19999999999629      -0.63749498035736418     
   667.99999999999625      -0.58810807503341112     
   668.79999999999620      -0.53393973225814828     
   669.59999999999616      -0.47490903730071671     
   670.39999999999611      -0.41100817645028037     
   671.19999999999607      -0.34239408979805397     
   671.99999999999602      -0.26944258503727536     
   672.79999999999598      -0.19276042525394499     
   673.59999999999593      -0.11317116697947263     
   674.39999999999588       -3.1691901852744647E-002
   675.19999999999584        5.0495702659875380E-002
   675.99999999999579       0.13209305334523092     
   676.79999999999575       0.21176975171720250     
   677.59999999999570       0.28829252406474681     
   678.39999999999566       0.36067588283717289     
   679.19999999999561       0.42830228567049700     
   679.99999999999557       0.49095019543468094     
   680.79999999999552       0.54869749899557296     
   681.59999999999548       0.60173015943583064     
   682.39999999999543       0.65014743177734191     
   683.19999999999538       0.69386950353422616     
   683.99999999999534       0.73269827266281318     
   684.79999999999529       0.76648336237260928     
   685.59999999999525       0.79526992430403365     
   686.39999999999520       0.81931350064738806     
   687.19999999999516       0.83894320279573120     
   687.99999999999511       0.85436965872932036     
   688.79999999999507       0.86557838781383800     
   689.59999999999502       0.87238484389561177     
   690.39999999999498       0.87460363473356673     
   691.19999999999493       0.87219941124794031     
   691.99999999999488       0.86530727226298354     
   692.79999999999484       0.85411649354237718     
   693.59999999999479       0.83871497869487421     
   694.39999999999475       0.81901262997891577     
   695.19999999999470       0.79479180871428323     
   695.99999999999466       0.76583540172963427     
   696.79999999999461       0.73203407077903748     
   697.59999999999457       0.69340326427022803     
   698.39999999999452       0.65001464644394269     
   699.19999999999447       0.60190560974010288     
   699.99999999999443       0.54903638420211276     
   700.79999999999438       0.49132375654433519     
   701.59999999999434       0.42873015206499482     
   702.39999999999429       0.36136082873740494     
   703.19999999999425       0.28952975938875564     
   703.99999999999420       0.21378204227877096     
   704.79999999999416       0.13488484085818511     
   705.59999999999411        5.3805506441999745E-002
   706.39999999999407       -2.8315151142489961E-002
   707.19999999999402      -0.11020356307041777     
   707.99999999999397      -0.19052691465599425     
   708.79999999999393      -0.26801104862742225     
   709.59999999999388      -0.34158932772805051     
   710.39999999999384      -0.41053730905566993     
   711.19999999999379      -0.47453083852584355     
   711.99999999999375      -0.53358313022717485     
   712.79999999999370      -0.58787207032848965     
   713.59999999999366      -0.63753530698193561     
   714.39999999999361      -0.68254174995079642     
   715.19999999999357      -0.72271141067678679     
   715.99999999999352      -0.75786318317968560     
   716.79999999999347      -0.78798107399889106     
   717.59999999999343      -0.81327191341355520     
   718.39999999999338      -0.83406416008593265     
   719.19999999999334      -0.85061676709034451     
   719.99999999999329      -0.86297752193206356     
   720.79999999999325      -0.87099383865532309     
   721.59999999999320      -0.87446230124384283     
   722.39999999999316      -0.87329845822094720     
   723.19999999999311      -0.86759827922544963     
   723.99999999999307      -0.85755246380013384     
   724.79999999999302      -0.84328881287139590     
   725.59999999999297      -0.82476543937265268     
   726.39999999999293      -0.80178807779798944     
   727.19999999999288      -0.77412628034968201     
   727.99999999999284      -0.74163560936538575     
   728.79999999999279      -0.70430185134097689     
   729.59999999999275      -0.66219092550085390     
   730.39999999999270      -0.61535665125140226     
   731.19999999999266      -0.56377994006797250     
   731.99999999999261      -0.50738206381238293     
   732.79999999999256      -0.44610300458955032     
   733.59999999999252      -0.38000120274603261     
   734.39999999999247      -0.30933034646358815     
   735.19999999999243      -0.23457309001506527     
   735.99999999999238      -0.15643856016896121     
   736.79999999999234       -7.5842477951214599E-002
   737.59999999999229        6.1180497779585868E-003
   738.39999999999225        8.8199754351269394E-002
   739.19999999999220       0.16907606343493697     
   739.99999999999216       0.24744304552464599     
   740.79999999999211       0.32216310410480808     
   741.59999999999206       0.39240940985422984     
   742.39999999999202       0.45775055528756636     
   743.19999999999197       0.51812203661971967     
   743.99999999999193       0.57367806807361676     
   744.79999999999188       0.62458487731349221     
   745.59999999999184       0.67086165729523162     
   746.39999999999179       0.71235797390600120     
   747.19999999999175       0.74887489604150392     
   747.99999999999170       0.78033981038142664     
   748.79999999999166       0.80690303440340461     
   749.59999999999161       0.82887757471109935     
   750.39999999999156       0.84655974167154158     
   751.19999999999152       0.86006046424155591     
   751.99999999999147       0.86927075846863644     
   752.79999999999143       0.87398236276779628     
   753.59999999999138       0.87406643870775003     
   754.39999999999134       0.86957310328702009     
   755.19999999999129       0.86068222304438302     
   755.99999999999125       0.84755326404018372     
   756.79999999999120       0.83019398040017323     
   757.59999999999116       0.80844253280095635     
   758.39999999999111       0.78206456184938167     
   759.19999999999106       0.75088384235672812     
   759.99999999999102       0.71485251542348160     
   760.79999999999097       0.67402357856104267     
   761.59999999999093       0.62846259232682566     
   762.39999999999088       0.57817218231184875     
   763.19999999999084       0.52308408779118742     
   763.99999999999079       0.46312338400361958     
   764.79999999999075       0.39830740230626033     
   765.59999999999070       0.32883195104932772     
   766.39999999999065       0.25511693748416198     
   767.19999999999061       0.17781192779999064     
   767.99999999999056        9.7779205817108888E-002
   768.79999999999052        1.6069720575155905E-002
   769.59999999999047       -6.6108036587638502E-002
   770.39999999999043      -0.14744147430001925     
   771.19999999999038      -0.22660756871125842     
   771.99999999999034      -0.30240865073537049     
   772.79999999999029      -0.37392200536303788     
   773.59999999999025      -0.44060694945936407     
   774.39999999999020      -0.50231010490111117     
   775.19999999999015      -0.55914630686770506     
   775.99999999999011      -0.61129822188837779     
   776.79999999999006      -0.65883362433851611     
   777.59999999999002      -0.70164101056222727     
   778.39999999998997      -0.73951718184327808     
   779.19999999998993      -0.77234044039375416     
   779.99999999998988      -0.80019997051289860     
   780.79999999998984      -0.82337944442502564     
   781.59999999998979      -0.84219946458707540     
   782.39999999998975      -0.85683145407233541     
   783.19999999998970      -0.86721943205806162     
   783.99999999998965      -0.87316417389823830     
   784.79999999998961      -0.87450013846228558     
   785.59999999998956      -0.87122769679953171     
   786.39999999998952      -0.86350418684227170     
   787.19999999998947      -0.85151058473799313     
   787.99999999998943      -0.83530298477400844     
   788.79999999998938      -0.81475956394008142     
   789.59999999998934      -0.78965215649760789     
   790.39999999998929      -0.75977808940978753     
   791.19999999998925      -0.72505361316791017     
   791.99999999998920      -0.68551191068460293     
   792.79999999998915      -0.64122445055625243     
   793.59999999998911      -0.59221497535850409     
   794.39999999998906      -0.53843060870901971     
   795.19999999998902      -0.47978901607533542     
   795.99999999998897      -0.41627286450739531     
   796.79999999998893      -0.34802339291328022     
   797.59999999998888      -0.27539805179665766     
   798.39999999998884      -0.19898551539188142     
   799.19999999998879      -0.11959287803991898     
