   0.0000000000000000        2.6148669241568014     
  0.80000000000000004       0.51058464418559124     
   1.6000000000000001       -2.0186187377952627     
   2.4000000000000004       -2.9451730368992712     
   3.2000000000000002       -1.0984860705776451     
   4.0000000000000000        1.5508396543677476     
   4.7999999999999998        3.0600851511639298     
   5.5999999999999996        1.5204850502993188     
   6.3999999999999995       -1.0969086838190814     
   7.1999999999999993       -2.9666203038664305     
   7.9999999999999991       -1.9448105689883970     
   8.7999999999999989       0.46824595678943326     
   9.5999999999999996        2.6134047999445844     
   10.400000000000000        2.4429395927023099     
   11.200000000000001       0.38551451802985071     
   12.000000000000002       -1.9609031278169273     
   12.800000000000002       -2.8176356634807238     
   13.600000000000003       -1.1711541118655582     
   14.400000000000004        1.2824237094462383     
   15.200000000000005        2.8963998346296709     
   16.000000000000004        1.7810026942303057     
   16.800000000000004      -0.60847601747353330     
   17.600000000000005       -2.6837105964502816     
   18.400000000000006       -2.3388223104075752     
   19.200000000000006      -0.18650716347060037     
   20.000000000000007        2.1789990161600103     
   20.800000000000008        2.7901937084545914     
   21.600000000000009       0.93469077812281132     
   22.400000000000009       -1.6129341481726240     
   23.200000000000010       -2.9952470925228862     
   24.000000000000011       -1.4662507609209325     
   24.800000000000011        1.1206257629895231     
   25.600000000000012        2.9670392694540997     
   26.400000000000013        1.9150456506780855     
   27.200000000000014      -0.53376516223100423     
   28.000000000000014       -2.6889377018417253     
   28.800000000000015       -2.4015046365866461     
   29.600000000000016      -0.25069652921542396     
   30.400000000000016        2.1246835160409998     
   31.200000000000017        2.8089840834613762     
   32.000000000000014        1.0085847939588461     
   32.800000000000011       -1.5048345764678035     
   33.600000000000009       -2.9616435180493950     
   34.400000000000006       -1.5775977032367607     
   35.200000000000003       0.92525395140800004     
   36.000000000000000        2.8574582331887233     
   36.799999999999997        2.0914346715674998     
   37.599999999999994      -0.21990683102295971     
   38.399999999999991       -2.4656907282028753     
   39.199999999999989       -2.5957766386448209     
   39.999999999999986      -0.59934957344604456     
   40.799999999999983        1.8534589264820895     
   41.599999999999980        2.9126568096222840     
   42.399999999999977        1.2590394971757004     
   43.199999999999974       -1.2923533620059728     
   43.999999999999972       -2.9710700168520772     
   44.799999999999969       -1.7634214898822900     
   45.599999999999966       0.71529888722716795     
   46.399999999999963        2.7786266403077970     
   47.199999999999960        2.2634579078142330     
   47.999999999999957        3.1608237110647863E-002
   48.799999999999955       -2.2947692218159990     
   49.599999999999952       -2.7245805167667672     
   50.399999999999949      -0.82202428447955089     
   51.199999999999946        1.6777311926942367     
   51.999999999999943        2.9564349984119520     
   52.799999999999940        1.4190899979942309     
   53.599999999999937       -1.1263774715066348     
   54.399999999999935       -2.9365411403441950     
   55.199999999999932       -1.9145419096986078     
   55.999999999999929       0.49847501296411112     
   56.799999999999926        2.6520889426271976     
   57.599999999999923        2.4235613395324656     
   58.399999999999920       0.30140653361355163     
   59.199999999999918       -2.0854724868356405     
   59.999999999999915       -2.8272925792630739     
   60.799999999999912       -1.0424710239122414     
   61.599999999999909        1.4866535147157394     
   62.399999999999906        2.9738571400111846     
   63.199999999999903        1.5899543241369489     
   63.999999999999901      -0.92846904503817251     
   64.799999999999898       -2.8707718820129662     
   65.599999999999895       -2.0879621721130404     
   66.399999999999892       0.23950455948742988     
   67.199999999999889        2.4857715201377628     
   67.999999999999886        2.5865989403829932     
   68.799999999999883       0.57577889543212946     
   69.599999999999881       -1.8740013173125645     
   70.399999999999878       -2.9077291964792784     
   71.199999999999875       -1.2418112228027740     
   71.999999999999872        1.3071491163535061     
   72.799999999999869        2.9704101106143632     
   73.599999999999866        1.7512084545940394     
   74.399999999999864      -0.72705034051131578     
   75.199999999999861       -2.7812021524077166     
   75.999999999999858       -2.2542576536069783     
   76.799999999999855       -2.1540148606266740E-002
   77.599999999999852        2.2992165553794570     
   78.399999999999849        2.7189309823151584     
   79.199999999999847       0.81610360663145887     
   79.999999999999844       -1.6799929258521709     
   80.799999999999841       -2.9538904463530926     
   81.599999999999838       -1.4170222201966265     
   82.399999999999835        1.1268323035541945     
   83.199999999999832        2.9359136164995778     
   83.999999999999829        1.9139196219587122     
   84.799999999999827      -0.49938405628354388     
   85.599999999999824       -2.6533646234320694     
   86.399999999999821       -2.4229420005918931     
   87.199999999999818      -0.29878224327361691     
   87.999999999999815        2.0891414399299384     
   88.799999999999812        2.8272976449744909     
   89.599999999999810        1.0386709177672231     
   90.399999999999807       -1.4922956852675677     
   91.199999999999804       -2.9755458724836492     
   91.999999999999801       -1.5846176910317353     
   92.799999999999798       0.93700158585539284     
   93.599999999999795        2.8751404364729658     
   94.399999999999793        2.0807174350997211     
   95.199999999999790      -0.25138837482666165     
   95.999999999999787       -2.4937655910739194     
   96.799999999999784       -2.5798039833996489     
   97.599999999999781      -0.56460902964444015     
   98.399999999999778        1.8818529130011648     
   99.199999999999775        2.9043597505957930     
   99.999999999999773        1.2349007729604002     
   100.79999999999977       -1.3122517116710970     
   101.59999999999977       -2.9697508194645583     
   102.39999999999976       -1.7467931114456297     
   103.19999999999976       0.73156013226049255     
   103.99999999999976        2.7828578750064983     
   104.79999999999976        2.2506249315579270     
   105.59999999999975        1.6201895116416232E-002
   106.39999999999975       -2.3031902438887619     
   107.19999999999975       -2.7165586160205235     
   107.99999999999974      -0.81127153734675561     
   108.79999999999974        1.6844548932795864     
   109.59999999999974        2.9535828790806793     
   110.39999999999974        1.4128647871737394     
   111.19999999999973       -1.1321089211449729     
   111.99999999999973       -2.9378226238651441     
   112.79999999999973       -1.9091234247839088     
   113.59999999999972       0.50694854255217892     
   114.39999999999972        2.6582092525115648     
   115.19999999999972        2.4177561030462740     
   115.99999999999972       0.28988680763712660     
   116.79999999999971       -2.0960084345441325     
   117.59999999999971       -2.8242736213218658     
   118.39999999999971       -1.0319685074851508     
   119.19999999999970        1.4979726176999777     
   119.99999999999970        2.9751014238890177     
   120.79999999999970        1.5796007857678513     
   121.59999999999970      -0.94270766787459337     
   122.39999999999969       -2.8771316136872307     
   123.19999999999969       -2.0758297536168637     
   123.99999999999969       0.25863542914857085     
   124.79999999999968        2.4985765987663449     
   125.59999999999968        2.5756047921506515     
   126.39999999999968       0.55746134434872463     
   127.19999999999968       -1.8874465228653254     
   127.99999999999967       -2.9025922127278649     
   128.79999999999967       -1.2297504593219939     
   129.59999999999968        1.3172211529937377     
   130.39999999999969        2.9702960467673818     
   131.19999999999970        1.7422847226259663     
   131.99999999999972      -0.73760806239617382     
   132.79999999999973       -2.7859547602771255     
   133.59999999999974       -2.2458318891544549     
   134.39999999999975       -8.4139563267542350E-003
   135.19999999999976        2.3089884918895898     
   135.99999999999977        2.7130563219483710     
   136.79999999999978       0.80454470567890590     
   137.59999999999980       -1.6899986949633705     
   138.39999999999981       -2.9525875386108775     
   139.19999999999982       -1.4079099465093821     
   139.99999999999983        1.1374436146586198     
   140.79999999999984        2.9391622710583034     
   141.59999999999985        1.9043480276176690     
   142.39999999999986      -0.51382048126670532     
   143.19999999999987       -2.6623244534187123     
   143.99999999999989       -2.4129748354112466     
   144.79999999999990      -0.28195256417299941     
   145.59999999999991        2.1020989959670779     
   146.39999999999992        2.8215517214597474     
   147.19999999999993        1.0259223139449167     
   147.99999999999994       -1.5032286492205689     
   148.79999999999995       -2.9748246236958176     
   149.59999999999997       -1.5748945283097697     
   150.39999999999998       0.94830943573288540     
   151.19999999999999        2.8792588824946272     
   152.00000000000000        2.0710070216038909     
   152.80000000000001      -0.26601099564764263     
   153.60000000000002       -2.5035794329067249     
   154.40000000000003       -2.5713373823630570     
   155.20000000000005      -0.55006608337074958     
   156.00000000000006        1.8932791658930843     
   156.80000000000007        2.9007663445420713     
   157.60000000000008        1.2243969889072432     
   158.40000000000009       -1.3223606240311057     
   159.20000000000010       -2.9708137114362128     
   160.00000000000011       -1.7376406682284433     
   160.80000000000013       0.74375990578670659     
   161.60000000000014        2.7890342451143830     
   162.40000000000015        2.2409443093173937     
   163.20000000000016        5.5883055742977916E-004
   164.00000000000017       -2.3147732338488818     
   164.80000000000018       -2.7094764772725433     
   165.60000000000019      -0.79778353811737945     
   166.40000000000020        1.6955101441060068     
   167.20000000000022        2.9515328386835238     
   168.00000000000023        1.4029844456166751     
   168.80000000000024       -1.1426871607846620     
   169.60000000000025       -2.9404363174543180     
   170.40000000000026       -1.8996486628206266     
   171.20000000000027       0.52055949586611283     
   172.00000000000028        2.6663510919050077     
   172.80000000000030        2.4082641764908588     
   173.60000000000031       0.27411921748826940     
   174.40000000000032       -2.1081352692527893     
   175.20000000000033       -2.8188566681029563     
   176.00000000000034       -1.0199054750145249     
   176.80000000000035        1.5084896930272016     
   177.60000000000036        2.9745620360663994     
   178.40000000000038        1.5701790090042511     
   179.20000000000039      -0.95394648258702608     
   180.00000000000040       -2.8814008611372612     
   180.80000000000041       -2.0661467477098627     
   181.60000000000042       0.27344959404595404     
   182.40000000000043        2.5086103799659067     
   183.20000000000044        2.5670077397340627     
   184.00000000000045       0.54258348523152566     
   184.80000000000047       -1.8991611385531550     
   185.60000000000048       -2.8988887998198143     
   186.40000000000049       -1.2189957766874975     
   187.20000000000050        1.3275040640078939     
   188.00000000000051        2.9712886372841609     
   188.80000000000052        1.7329972470017232     
   189.60000000000053      -0.74986996278139717     
   190.40000000000055       -2.7920618523784846     
   191.20000000000056       -2.2360745371013682     
   192.00000000000057        7.2480928085481011E-003
   192.80000000000058        2.3205112690349772     
   193.60000000000059        2.7058916567958127     
   194.40000000000060       0.79103341496469604     
   195.20000000000061       -1.7010119319087007     
   196.00000000000063       -2.9504668753944139     
   196.80000000000064       -1.3980635343539363     
   197.60000000000065        1.1479216396028171     
   198.40000000000066        2.9416961845564664     
   199.20000000000067        1.8949532622175158     
   200.00000000000068      -0.52728965517208337     
   200.80000000000069       -2.6703604163291117     
   201.60000000000070       -2.4035396989570574     
   202.40000000000072      -0.26626509710695512     
   203.20000000000073        2.1141832438631378     
   204.00000000000074        2.8161314968366886     
   204.80000000000075        1.0138578881843798     
   205.60000000000076       -1.5137629736949350     
   206.40000000000077       -2.9742744185938070     
   207.20000000000078       -1.5654547825112242     
   208.00000000000080       0.95957202412694054     
   208.80000000000081        2.8835149127867572     
   209.60000000000082        2.0612887362229748     
   210.40000000000083      -0.28086915548270941     
   211.20000000000084       -2.5136117752651765     
   212.00000000000085       -2.5626625407691166     
   212.80000000000086      -0.53508772864925458     
   213.60000000000088        1.9050491675491914     
   214.40000000000089        2.8969885518603085     
   215.20000000000090        1.2135807834052756     
   216.00000000000091       -1.3326464275487755     
   216.80000000000092       -2.9717422730737160     
   217.60000000000093       -1.7283550489544763     
   218.40000000000094       0.75596330804939949     
   219.20000000000095        2.7950629069669146     
   220.00000000000097        2.2312040065833156     
   220.80000000000098       -1.5048142767466022E-002
   221.60000000000099       -2.3262342186271185     
   222.40000000000100       -2.7022833148499554     
   223.20000000000101      -0.78426159203702062     
   224.00000000000102        1.7065237411205967     
   224.80000000000103        2.9493784742830749     
   225.60000000000105        1.3931324465265700     
   226.40000000000106       -1.1531498626154320     
   227.20000000000107       -2.9429330329241328     
   228.00000000000108       -1.8902608474676494     
   228.80000000000109       0.53400105984180879     
   229.60000000000110        2.6743411662041163     
   230.40000000000111        2.3988076652944983     
   231.20000000000113       0.25840592746435265     
   232.00000000000114       -2.1202296908759881     
   232.80000000000115       -2.8133812144254815     
   233.60000000000116       -1.0077906979709828     
   234.40000000000117        1.5190410518864423     
   235.20000000000118        2.9739645748353194     
   236.00000000000119        1.5607273897324805     
   236.80000000000121      -0.96518379250685271     
   237.60000000000122       -2.8856033266199157     
   238.40000000000123       -2.0564348050711332     
   239.20000000000124       0.28827079869376604     
   240.00000000000125        2.5185864224213290     
   240.80000000000126        2.5583018392141792     
   241.60000000000127       0.52757608748663953     
   242.40000000000128       -1.9109465239296015     
   243.20000000000130       -2.8950653511910880     
   244.00000000000131       -1.2081490565944160     
   244.80000000000132        1.3377907988537361     
   245.60000000000133        2.9721748227295137     
   246.40000000000134        1.7237115948322972     
   247.20000000000135      -0.76204250177669830     
   248.00000000000136       -2.7980379812833727     
   248.80000000000138       -2.2263309586374080     
   249.60000000000139        2.2842901991245501E-002
   250.40000000000140        2.3319422016773328     
   251.20000000000141        2.6986503505611559     
   252.00000000000142       0.77746733833265691     
   252.80000000000143       -1.7120452851548336     
   253.60000000000144       -2.9482668197057293     
   254.40000000000146       -1.3881913808112345     
   255.20000000000147        1.1583707041175293     
   256.00000000000148        2.9441460815102900     
   256.80000000000149        1.8855725338954494     
   257.60000000000150      -0.54069171373846503     
   258.40000000000151       -2.6782921989989519     
   259.20000000000152       -2.3940696980670753     
   260.00000000000153      -0.25054410717881836     
   260.80000000000155        2.1262730846995401     
   261.60000000000156        2.8106067541409900     
   262.40000000000157        1.0017048699039219     
   263.20000000000158       -1.5243238735360025     
   264.00000000000159       -2.9736331351066410     
   264.80000000000160       -1.5559967379576682     
   265.60000000000161       0.97078262445250685     
   266.40000000000163        2.8876668438150199     
   267.20000000000164        2.0515844196604607     
   268.00000000000165      -0.29565563548460183     
   268.80000000000166       -2.5235350632319977     
   269.60000000000167       -2.5539251640150047     
   270.40000000000168      -0.52004763356395545     
   271.20000000000169        1.9168537469167930     
   272.00000000000171        2.8931186855995858     
   272.80000000000172        1.2026998981201520     
   273.60000000000173       -1.3429374398215663     
   274.40000000000174       -2.9725859496544982     
   275.20000000000175       -1.7190667669369246     
   276.00000000000176       0.76810724060888602     
   276.80000000000177        2.8009867217675417     
   277.60000000000178        2.2214558376436386     
   278.40000000000180       -3.0631391475093750E-002
   279.20000000000181       -2.3376343394579604     
   280.00000000000182       -2.6949931889994003     
   280.80000000000183      -0.77065117785526072     
   281.60000000000184        1.7175763835091851     
   282.40000000000185        2.9471320830449930     
   283.20000000000186        1.3832403236643582     
   284.00000000000188       -1.1635844085260638     
   284.80000000000189       -2.9453355540615127     
   285.60000000000190       -1.8808882069194670     
   286.40000000000191       0.54736190165307708     
   287.20000000000192        2.6822137548408747     
   288.00000000000193        2.3893258613838073     
   288.80000000000194       0.24267969506048725     
   289.60000000000196       -2.1323132370116928     
   290.40000000000197       -2.8078079840351911     
   291.20000000000198      -0.99560015245987210     
   292.00000000000199        1.5296116323340028     
   292.80000000000200        2.9732800082674355     
   293.60000000000201        1.5512626487229539     
   294.40000000000202      -0.97636859463390113     
   295.20000000000203       -2.8897054392820007     
   296.00000000000205       -2.0467376980028140     
   296.80000000000206       0.30302335284483606     
   297.60000000000207        2.5284574124732884     
   298.40000000000208        2.5495328580706769     
   299.20000000000209       0.51250278117634007     
   300.00000000000210       -1.9227705564897195     
   300.80000000000211       -2.8911485535097849     
   301.60000000000213       -1.1972332591457495     
   302.40000000000214        1.3480864630791385     
   303.20000000000215        2.9729756847888997     
   304.00000000000216        1.7144205053268533     
   304.80000000000217      -0.77415760692405078     
   305.60000000000218       -2.8039092012729778     
   306.40000000000219       -2.2165787958335725     
   307.20000000000221        3.8413323839655344E-002
   308.00000000000222        2.3433103029367781     
   308.80000000000223        2.6913119533036074     
   309.60000000000224       0.76381307856500436     
   310.40000000000225       -1.7231172027938049     
   311.20000000000226       -2.9459742522615988     
   312.00000000000227       -1.3782789974690157     
   312.80000000000229        1.1687912917631653     
   313.60000000000230        2.9465015321256072     
   314.40000000000231        1.8762077113606610     
   315.20000000000232      -0.55401177560380521     
   316.00000000000233       -2.6861059006907686     
   316.80000000000234       -2.3845762978207037     
   317.60000000000235      -0.23481298238289350     
   318.40000000000236        2.1383497533215405     
   319.20000000000238        2.8049848476504597     
   320.00000000000239       0.98947647281129814     
   320.80000000000240       -1.5349043955189730     
   321.60000000000241       -2.9729051431473419     
   322.40000000000242       -1.5465250371325925     
   323.20000000000243       0.98194173088561243     
   324.00000000000244        2.8917191181188020     
   324.80000000000246        2.0418947915960559     
   325.60000000000247      -0.31037364983251248     
   326.40000000000248       -2.5333532309315618     
   327.20000000000249       -2.5451252715958592     
   328.00000000000250      -0.50494191705147440     
   328.80000000000251        1.9286967097513563     
   329.60000000000252        2.8891549551022422     
   330.40000000000254        1.1917490561663655     
   331.20000000000255       -1.3532380223601659     
   332.00000000000256       -2.9733440641931344     
   332.80000000000257       -1.7097727141164571     
   333.60000000000258       0.78019372419138078     
   334.40000000000259        2.8068055039858448     
   335.20000000000260        2.2116999522036371     
   336.00000000000261       -4.6188449241595819E-002
   336.80000000000263       -2.3489697791638111     
   337.60000000000264       -2.6876067497108327     
   338.40000000000265      -0.75695299698655871     
   339.20000000000266        1.7286679029168406     
   340.00000000000267        2.9447933002465025     
   340.80000000000268        1.3733071282713145     
   341.60000000000269       -1.1739916500622618     
   342.40000000000271       -2.9476440816120095     
   343.20000000000272       -1.8715309075301318     
   344.00000000000273       0.56064145850808345     
   344.80000000000274        2.6899686864460746     
   345.60000000000275        2.3798211696253819     
   346.40000000000276       0.22694429280309869     
   347.20000000000277       -2.1443822192044060     
   348.00000000000279       -2.8021373068868041     
   348.80000000000280      -0.98333377490811880     
   349.60000000000281        1.5402022302748548     
   350.40000000000282        2.9725085000086100     
   351.20000000000283        1.5417838139808984     
   352.00000000000284      -0.98750207941139134     
   352.80000000000285       -2.8937078988757503     
   353.60000000000286       -2.0370558349823824     
   354.40000000000288       0.31770625736309288     
   355.20000000000289        2.5382223035398366     
   356.00000000000290        2.5407027415091346     
   356.80000000000291       0.49736541289443714     
   357.60000000000292       -1.9346319648534260     
   358.40000000000293       -2.8871378809732309     
   359.20000000000294       -1.1862472011187037     
   360.00000000000296        1.3583922658180838     
   360.80000000000297        2.9736911149493523     
   361.60000000000298        1.7051233014595510     
   362.40000000000299      -0.78621570234337712     
   363.20000000000300       -2.8096757038866325     
   364.00000000000301       -2.2068194347037573     
   364.80000000000302        5.3956501532035350E-002
   365.60000000000304        2.3546124465535230     
   366.40000000000305        2.6838776983815977     
   367.20000000000306       0.75007090831412460     
   368.00000000000307       -1.7342286332977424     
   368.80000000000308       -2.9435892044415928     
   369.60000000000309       -1.3683244464894830     
   370.40000000000310        1.1791857818758866     
   371.20000000000312        2.9487632718967909     
   372.00000000000313        1.8668576511315795     
   372.80000000000314      -0.56725108470495633     
   373.60000000000315       -2.6938021707333490     
   374.40000000000316       -2.3750606308468889     
   375.20000000000317      -0.21907393858616553     
   376.00000000000318        2.1504102266809721     
   376.80000000000319        2.7992653224932234     
   377.60000000000321       0.97717199554782708     
   378.40000000000322       -1.5455052102939373     
   379.20000000000323       -2.9720900375353825     
   380.00000000000324       -1.5370388825001859     
   380.80000000000325       0.99304969282823419     
   381.60000000000326        2.8956718000480941     
   382.40000000000327        2.0322209561431182     
   383.20000000000329      -0.32502091391740828     
   384.00000000000330       -2.5430644212046531     
   384.80000000000331       -2.5362656050722587     
   385.60000000000332      -0.48977364866281636     
   386.40000000000333        1.9405760664181022     
   387.20000000000334        2.8850973210144937     
   388.00000000000335        1.1807276130984423     
   388.80000000000337       -1.3635493328396708     
   389.60000000000338       -2.9740168614887743     
   390.40000000000339       -1.7004721810773671     
   391.20000000000340       0.79222364380888233     
   392.00000000000341        2.8125198719365700     
   392.80000000000342        2.2019373756929186     
   393.60000000000343       -6.1717209659777783E-002
   394.40000000000344       -2.3602379841857011     
   395.20000000000346       -2.6801249284074418     
   396.00000000000347      -0.74316679723690093     
   396.80000000000348        1.7397995385311495     
   397.60000000000349        2.9423619438061444     
   398.40000000000350        1.3633306826343494     
   399.20000000000351       -1.1843739889445057     
   400.00000000000352       -2.9498591734342967     
   400.80000000000354       -1.8621877927286912     
   401.60000000000355       0.57384079752362016     
   402.40000000000356        2.6976064178179562     
   403.20000000000357        2.3702948286789907     
   404.00000000000358       0.21120222433935698     
   404.80000000000359       -2.1564333710787675     
   405.60000000000360       -2.7963688553263273     
   406.40000000000362      -0.97099106728612083     
   407.20000000000363        1.5508134137433243     
   408.00000000000364        2.9716497134741346     
   408.80000000000365        1.5322901398728237     
   409.60000000000366      -0.99858462943950776     
   410.40000000000367       -2.8976108405451346     
   411.20000000000368       -2.0273902770034740     
   412.00000000000369       0.33231736577042392     
   412.80000000000371        2.5478793814634386     
   413.60000000000372        2.5318141997415911     
   414.40000000000373       0.48216701169843867     
   415.20000000000374       -1.9465287465349084     
   416.00000000000375       -2.8830332645220871     
   416.80000000000376       -1.1751902175570270     
   417.60000000000377        1.3687093550145282     
   418.40000000000379        2.9743213258031425     
   419.20000000000380        1.6958192714470037     
   420.00000000000381      -0.79821764446426613     
   420.80000000000382       -2.8153380763948812     
   421.60000000000383       -2.1970539112364085     
   422.40000000000384        6.9470298506819184E-002
   423.20000000000385        2.3658460721901973     
   424.00000000000387        2.6763485773744500     
   424.80000000000388       0.73624065788052828     
   425.60000000000389       -1.7453807578777605     
   426.40000000000390       -2.9411114984681328     
   427.20000000000391       -1.3583255677435213     
   428.00000000000392        1.1895565754147088     
   428.80000000000393        2.9509318573119341     
   429.60000000000394        1.8575211785124150     
   430.40000000000396      -0.58041074805057069     
   431.20000000000397       -2.7013814968617949     
   432.00000000000398       -2.3655239041911758     
   432.80000000000399      -0.20332944789648133     
   433.60000000000400        2.1624512507548643     
   434.40000000000401        2.7934478668764369     
   435.20000000000402       0.96479091886828239     
   436.00000000000404       -1.5561269233275523     
   436.80000000000405       -2.9711874849444357     
   437.60000000000406       -1.5275374770964742     
   438.40000000000407        1.0041069537892826     
   439.20000000000408        2.8995250400403525     
   440.00000000000409        2.0225639129299759     
   440.80000000000410      -0.33959536787845801     
   441.60000000000412       -2.5526669889951159     
   442.40000000000413       -2.5273488624775347     
   443.20000000000414      -0.47454589574546846     
   444.00000000000415        1.9524897253581166     
   444.80000000000416        2.8809456999920169     
   445.60000000000417        1.1696349458386084     
   446.40000000000418       -1.3738724563710087     
   447.20000000000420       -2.9746045273354382     
   448.00000000000421       -1.6911644956334477     
   448.80000000000422       0.80419779359534571     
   449.60000000000423        2.8181303826840787     
   450.40000000000424        2.1921691811682509     
   451.20000000000425       -7.7215488669633459E-002
   452.00000000000426       -2.3714363915927286     
   452.80000000000427       -2.6725487915130817     
   453.60000000000429      -0.72929249438269661     
   454.40000000000430        1.7509724246088751     
   455.20000000000431        2.9398378497532853     
   456.00000000000432        1.3533088338916341     
   456.80000000000433       -1.1947338473072371     
   457.60000000000434       -2.9519813951629850     
   458.40000000000435       -1.8528576507411691     
   459.20000000000437       0.58696109460924362     
   460.00000000000438        2.7051274816602202     
   460.80000000000439        2.3607479925797499     
   461.60000000000440       0.19545590042641381     
   462.40000000000441       -2.1684634672935004     
   463.20000000000442       -2.7905023194453795     
   464.00000000000443      -0.95857147523102126     
   464.80000000000445        1.5614458264701945     
   465.60000000000446        2.9707033085151284     
   466.40000000000447        1.5227807787900702     
   467.20000000000448       -1.0096167370027356     
   468.00000000000449       -2.9014144190774465     
   468.80000000000450       -2.0177419724145294     
   469.60000000000451       0.34685468432724464     
   470.40000000000452        2.5574270557976369     
   471.20000000000454        2.5228699292975363     
   472.00000000000455       0.46691070037438953     
   472.80000000000456       -1.9584587114608771     
   473.60000000000457       -2.8788346150726003     
   474.40000000000458       -1.1640617349149687     
   475.20000000000459        1.3790387535685831     
   476.00000000000460        2.9748664829832641     
   476.80000000000462        1.6865077811365108     
   477.60000000000463      -0.81016417398275475     
   478.40000000000464       -2.8208968533880112     
   479.20000000000465       -2.1872833290581335     
   480.00000000000466        8.4952496460846127E-002
   480.80000000000467        2.3770086243326802     
   481.60000000000468        2.6687257257456403     
   482.40000000000470       0.72232232128553053     
   483.20000000000471       -1.7565746654646548     
   484.00000000000472       -2.9385409801605409     
   484.80000000000473       -1.3482802146146533     
   485.60000000000474        1.1999061120114562     
   486.40000000000475        2.9530078590408442     
   487.20000000000476        1.8481970481673491     
   488.00000000000477      -0.59349200220024523     
   488.80000000000479       -2.7088444503309015     
   489.60000000000480       -2.3559672234518700     
   490.40000000000481      -0.18758186662844256     
   491.20000000000482        2.1744696256255667     
   492.00000000000483        2.7875321763489405     
   492.80000000000484       0.95233265758075270     
   493.60000000000485       -1.5667702154301146     
   494.40000000000487       -2.9701971402882004     
   495.20000000000488       -1.5180199230514466     
   496.00000000000489        1.0151140570844022     
   496.80000000000490        2.9032789991752717     
   497.60000000000491        2.0129245567907836     
   498.40000000000492      -0.35409508875416851     
   499.20000000000493       -2.5621594013595455     
   500.00000000000495       -2.5183777348404290     
   500.80000000000496      -0.45926183039314017     
   501.60000000000497        1.9644354022234838     
   502.40000000000498        2.8766999965236275     
   503.20000000000499        1.1584705270943387     
   504.00000000000500       -1.3842083561301299     
   504.80000000000501       -2.9751072071120364     
   505.60000000000502       -1.6818490597023934     
   506.40000000000504       0.81611686203606570     
   507.20000000000505        2.8236375482688456     
   508.00000000000506        2.1823965021392637     
   508.80000000000507       -9.2681033960824166E-002
   509.60000000000508       -2.3825624533042555     
   510.40000000000509       -2.6648795437036013     
   511.20000000000510      -0.71533016389592685     
   512.00000000000512        1.7621876001204209     
   512.80000000000507        2.9372208733266514     
   513.60000000000502        1.3432394453294147     
   514.40000000000498       -1.2050736777679298     
   515.20000000000493       -2.9540113212840113     
   516.00000000000489       -1.8435392064767273     
   516.80000000000484       0.60000364191398581     
   517.60000000000480        2.7125324849892882     
   518.40000000000475        2.3511817211378987     
   519.20000000000471       0.17970762497533155     
   520.00000000000466       -2.1804693341126717     
   520.80000000000462       -2.7845374021360438     
   521.60000000000457      -0.94607438351199868     
   522.40000000000452        1.5721001873850688     
   523.20000000000448        2.9696689359869683     
   524.00000000000443        1.5132547813408976     
   524.80000000000439       -1.0205989991956277     
   525.60000000000434       -2.9051188029310109     
   526.40000000000430       -2.0081117599663862     
   527.20000000000425       0.36131636475592277     
   528.00000000000421        2.5668638528234293     
   528.80000000000416        2.5138726119336603     
   529.60000000000412       0.45159969524490684     
   530.40000000000407       -1.9704194842466141     
   531.20000000000402       -2.8745418301761356     
   532.00000000000398       -1.1528612697122496     
   532.80000000000393        1.3893813666973349     
   533.60000000000389        2.9753267115704647     
   534.40000000000384        1.6771882671151475     
   535.20000000000380      -0.82205592795251992     
   536.00000000000375       -2.8263525242907526     
   536.80000000000371       -2.1775088512159817     
   537.60000000000366       0.10040080909176119     
   538.40000000000362        2.3880975624048633     
   539.20000000000357        2.6610104177290084     
   540.00000000000352       0.70831605863171720     
   540.80000000000348       -1.7678113406537879     
   541.60000000000343       -2.9358775139883262     
   542.40000000000339       -1.3381862637539166     
   543.20000000000334        1.2102368531425036     
   544.00000000000330        2.9549918543788833     
   544.80000000000325        1.8388839587370560     
   545.60000000000321      -0.60649619032736313     
   546.40000000000316       -2.7161916714200260     
   547.20000000000312       -2.3463916050240972     
   548.00000000000307      -0.17183344798951605     
   548.80000000000302        2.1864622046067681     
   549.60000000000298        2.7815179628196143     
   550.40000000000293       0.93979656715605264     
   551.20000000000289       -1.5774358444899126     
   552.00000000000284       -2.9691186510472543     
   552.80000000000280       -1.5084852183842683     
   553.60000000000275        1.0260716559177427     
   554.40000000000271        2.9069338541237051     
   555.20000000000266        2.0033036681650729     
   556.00000000000261      -0.36851830629101912     
   556.80000000000257       -2.5715402451486886     
   557.60000000000252       -2.5093548911579058     
   558.40000000000248      -0.44392470838125897     
   559.20000000000243        1.9764106338006866     
   560.00000000000239        2.8723601008905089     
   560.80000000000234        1.1472339147930206     
   561.60000000000230       -1.3945578813236590     
   562.40000000000225       -2.9755250057120355     
   563.20000000000221       -1.6725253429538820     
   564.00000000000216       0.82798143592302598     
   564.80000000000211        2.8290418356634390     
   565.60000000000207        2.1726205305320185     
   566.40000000000202      -0.10811152574797545     
   567.20000000000198       -2.3936136366168239     
   568.00000000000193       -2.6571185288432666     
   568.80000000000189      -0.70128005331959598     
   569.60000000000184        1.7734459910425997     
   570.40000000000180        2.9345108879370638     
   571.20000000000175        1.3331204103017247     
   572.00000000000171       -1.2153959465200392     
   572.80000000000166       -2.9559495308254551     
   573.60000000000161       -1.8342311358312751     
   574.40000000000157       0.61296982891565399     
   575.20000000000152        2.7198220987581077     
   576.00000000000148        2.3415969898830067     
   576.80000000000143       0.16395960252250985     
   577.60000000000139       -2.1924478525007460     
   578.40000000000134       -2.7784738261046265     
   579.20000000000130      -0.93349911934496999     
   580.00000000000125        1.5827772939107791     
   580.80000000000121        2.9685462407016550     
   581.60000000000116        1.5037110920966379     
   582.40000000000111       -1.0315321274861540     
   583.20000000000107       -2.9087241778046082     
   584.00000000000102       -1.9985003596927371     
   584.80000000000098       0.37570071804615757     
   585.60000000000093        2.5761884212486494     
   586.40000000000089        2.5048249004277836     
   587.20000000000084       0.43623728664843853     
   588.00000000000080       -1.9824085172786172     
   588.80000000000075       -2.8701547925213680     
   589.60000000000070       -1.1415884187124736     
   590.40000000000066        1.3997379897728250     
   591.20000000000061        2.9757020964176961     
   592.00000000000057        1.6678602303455214     
   592.80000000000052      -0.83389344434321044     
   593.60000000000048       -2.8317055338828725     
   594.40000000000043       -2.1677316976341032     
   595.20000000000039       0.11581288392339495     
   596.00000000000034        2.3991103620768310     
   596.80000000000030        2.6532040667113543     
   597.60000000000025       0.69422220750109953     
   598.40000000000020       -1.7790916466438877     
   599.20000000000016       -2.9331209819740662     
   600.00000000000011       -1.3280416284956769     
   600.80000000000007        1.2205512655667647     
   601.60000000000002        2.9568844229934865     
   602.39999999999998        1.8295805669208245     
   603.19999999999993      -0.61942474341629605     
   603.99999999999989       -2.7234238591473297     
   604.79999999999984       -2.3367979862477872     
   605.59999999999980      -0.15608635010615579     
   606.39999999999975        2.1984258967268895     
   607.19999999999970        2.7754049616445808     
   607.99999999999966       0.92718194783484709     
   608.79999999999961       -1.5881246478131059     
   609.59999999999957       -2.9679516600731444     
   610.39999999999952       -1.4989322535431366     
   611.19999999999948        1.0369805219954356     
   611.99999999999943        2.9104898003873361     
   612.79999999999939        1.9937019047262847     
   613.59999999999934      -0.38286341578303684     
   614.39999999999930       -2.5808082321205696     
   615.19999999999925       -2.5002829645805162     
   615.99999999999920      -0.42853784966372377     
   616.79999999999916        1.9884127916741097     
   617.59999999999911        2.8679258878843612     
   618.39999999999907        1.1359247418411804     
   619.19999999999902       -1.4049217758460648     
   619.99999999999898       -2.9758579881241785     
   620.79999999999893       -1.6631928756910803     
   621.59999999999889       0.83979200606312276     
   622.39999999999884        2.8343436677885414     
   623.19999999999879        2.1628425132026914     
   623.99999999999875      -0.12350457988742836     
   624.79999999999870       -2.4045874261745230     
   625.59999999999866       -2.6492672295767998     
   626.39999999999861      -0.68714259269276279     
   627.19999999999857        1.7847483937051385     
   627.99999999999852        2.9317077838606873     
   628.79999999999848        1.3229496653542097     
   629.59999999999843       -1.2257031167179291     
   630.39999999999839       -2.9577966029855371     
   631.19999999999834       -1.8249320798880571     
   631.99999999999829       0.62586112321891907     
   632.79999999999825        2.7269970474163134     
   633.59999999999820        2.3319947007762400     
   634.39999999999816       0.14821394729310988     
   635.19999999999811       -2.2043959597572664     
   635.99999999999807       -2.7723113412910818     
   636.79999999999802      -0.92084495753444795     
   637.59999999999798        1.5934780233344936     
   638.39999999999793        2.9673348642620634     
   639.19999999999789        1.4941485469122338     
   639.99999999999784       -1.0424169555862477     
   640.79999999999779       -2.9122307497302051     
   641.59999999999775       -1.9889083651168218     
   642.39999999999770       0.39000622666534679     
   643.19999999999766        2.5853995369623695     
   643.99999999999761        2.4957294049718226     
   644.79999999999757       0.42082681918829223     
   645.59999999999752       -1.9944231050773915     
   646.39999999999748       -2.8656733687248996     
   647.19999999999743       -1.1302428481751559     
   647.99999999999739        1.4101093177298445     
   648.79999999999734        2.9759926828557712     
   649.59999999999729        1.6585232283731504     
   650.39999999999725      -0.84567716866349052     
   651.19999999999720       -2.8369562836294135     
   651.99999999999716       -2.1579531408596928     
   652.79999999999711       0.13118630638983264     
   653.59999999999707        2.4100445176631307     
   654.39999999999702        2.6453082241757575     
   655.19999999999698       0.68004129262071311     
   655.99999999999693       -1.7904163088872682     
   656.79999999999688       -2.9302712822648314     
   657.59999999999684       -1.3178442717695731     
   658.39999999999679        1.2308518046647476     
   659.19999999999675        2.9586861424972586     
   659.99999999999670        1.8202855017814354     
   660.79999999999666      -0.63227916074394819     
   661.59999999999661       -2.7305417607499791     
   662.39999999999657       -2.3271872366318975     
   663.19999999999652      -0.14034264603067870     
   663.99999999999648        2.2103576675760488     
   664.79999999999643        2.7691929393555696     
   665.59999999999638       0.91448805076956985     
   666.39999999999634       -1.5988375425233889     
   667.19999999999629       -2.9666958084347312     
   667.99999999999625       -1.4893598095169405     
   668.79999999999620        1.0478415526041620     
   669.59999999999616        2.9139470552129123     
   670.39999999999611        1.9841197942157609     
   671.19999999999607      -0.39712898955907194     
   671.99999999999602       -2.5899622032750211     
   672.79999999999598       -2.4911645390845711     
   673.59999999999593      -0.41310461850210611     
   674.39999999999588        2.0004390971852271     
   675.19999999999584        2.8633972156902887     
   675.99999999999579        1.1245427049570331     
   676.79999999999575       -1.4153006883609369     
   677.59999999999570       -2.9761061802590216     
   678.39999999999566       -1.6538512404475441     
   679.19999999999561       0.85154897475484503     
   679.99999999999557        2.8395434251374247     
   680.79999999999552        2.1530637469559082     
   681.59999999999548      -0.13885775289244018     
   682.39999999999543       -2.4154813267823094     
   683.19999999999538       -2.6413272656311459     
   683.99999999999534      -0.67291840342763320     
   684.79999999999529        1.7960954588039284     
   685.59999999999525        2.9288114667048912     
   686.39999999999520        1.3127252028736933     
   687.19999999999516       -1.2359976318482482     
   687.99999999999511       -2.9595531126787886     
   688.79999999999507       -1.8156406592565077     
   689.59999999999502       0.63867905082233145     
   690.39999999999498        2.7340580983643448     
   691.19999999999493        2.3223756938729303     
   691.99999999999488       0.13247269405277073     
   692.79999999999484       -2.2163106496338263     
   693.59999999999479       -2.7660497328770162     
   694.39999999999475      -0.90811112757387802     
   695.19999999999470        1.6042033322481877     
   695.99999999999466        2.9660344479108929     
   696.79999999999461        1.4845658718205663     
   697.59999999999457       -1.0532544457314836     
   698.39999999999452       -2.9156387478065633     
   699.19999999999447       -1.9793362367229848     
   699.99999999999443       0.40423155530613419     
   700.79999999999438        2.5944961069500612     
   701.59999999999434        2.4865886801505277     
   702.39999999999429       0.40537167178276334     
   703.19999999999425       -2.0064603998228256     
   703.99999999999420       -2.8610974083052287     
   704.79999999999416       -1.1188242822898122     
   705.59999999999411        1.4204959558072801     
   706.39999999999407        2.9761984776406760     
   707.19999999999402        1.6491768663200885     
   707.99999999999397      -0.85740746229970521     
   708.79999999999393       -2.8421051336089782     
   709.59999999999388       -2.1481745003377077     
   710.39999999999384       0.14651860582882481     
   711.19999999999379        2.4208975453936068     
   711.99999999999375        2.6373245773258867     
   712.79999999999370       0.66577403385041589     
   713.59999999999366       -1.8017858995791258     
   714.39999999999361       -2.9273283274912529     
   715.19999999999357       -1.3075922183899653     
   715.99999999999352        1.2411408979625125     
   716.79999999999347        2.9603975839976928     
   717.59999999999343        1.8109973790103107     
   718.39999999999338      -0.64506099007887840     
   719.19999999999334       -2.7375461611851231     
   719.99999999999329       -2.3175601698469079     
   720.79999999999325      -0.12460433528857529     
   721.59999999999320        2.2222545387843571     
   722.39999999999316        2.7628817018953398     
   723.19999999999311       0.90171408600605085     
   723.99999999999307       -1.6095755240769081     
   724.79999999999302       -2.9653507382502013     
   725.59999999999297       -1.4797665574867125     
   726.39999999999293        1.0586557760920225     
   727.19999999999288        2.9173058601368269     
   727.99999999999284        1.9745577285573583     
   728.79999999999279      -0.41131378696998455     
   729.59999999999275       -2.5990011323415114     
   730.39999999999270       -2.4820021367867877     
   731.19999999999266      -0.39762840349106643     
   731.99999999999261        2.0124866374758472     
   732.79999999999256        2.8587739249512278     
   733.59999999999252        1.1130875527443593     
   734.39999999999247       -1.4256951836636684     
   735.19999999999243       -2.9762695700085944     
   735.99999999999238       -1.6445000624093808     
   736.79999999999234       0.86325266495628505     
   737.59999999999229        2.8446414479935682     
   738.39999999999225        2.1432855720941624     
   739.19999999999220      -0.15416854889031928     
   739.99999999999216       -2.4262928671280100     
   740.79999999999211       -2.6333003907557218     
   741.59999999999206      -0.65860830536739612     
   742.39999999999202        1.8074876764253294     
   743.19999999999197        2.9258218556655624     
   743.99999999999193        1.3024450829691041     
   744.79999999999188       -1.2462818994692046     
   745.59999999999184       -2.9612196261036590     
   746.39999999999179       -1.8063554882077093     
   747.19999999999175       0.65142517632097841     
   747.99999999999170        2.7410060515310759     
   748.79999999999166        2.3127407595899725     
   749.59999999999161       0.11673781028531316     
   750.39999999999156       -2.2281889712057517     
   751.19999999999152       -2.7596888297296820     
   751.99999999999147      -0.89529682249151232     
   752.79999999999143        1.6149542541278272     
   753.59999999999138        2.9646446353371623     
   754.39999999999134        1.4749616834535186     
   755.19999999999129       -1.0640456933277669     
   755.99999999999125       -2.9189484265398802     
   756.79999999999120       -1.9697842967507073     
   757.59999999999116       0.41837556005201826     
   758.39999999999111        2.6034771723221444     
   759.19999999999106        2.4774052126481605     
   759.99999999999102       0.38987523776508626     
   760.79999999999097       -2.0185174278304956     
   761.59999999999093       -2.8564267428498193     
   762.39999999999088       -1.1073324909626230     
   763.19999999999084        1.4308984314597488     
   763.99999999999079        2.9763194501152310     
   764.79999999999075        1.6398207867977668     
   765.59999999999070      -0.86908461244169599     
   766.39999999999065       -2.8471524049891332     
   767.19999999999061       -2.1383971352859414     
   767.99999999999056       0.16180726333757978     
   768.79999999999052        2.4316669875450820     
   769.59999999999047        2.6292549453615934     
   770.39999999999043       0.65142135231461129     
   771.19999999999038       -1.8132008232430086     
   771.99999999999034       -2.9242920429380059     
   772.79999999999029       -1.2972835665085189     
   773.59999999999025        1.2514209291249641     
   774.39999999999020        2.9620193076957810     
   775.19999999999015        1.8017148148980175     
   775.99999999999011      -0.65777180793575996     
   776.79999999999006       -2.7444378728035246     
   777.59999999999002       -2.3079175562278542     
   778.39999999998997      -0.10887335664200082     
   779.19999999998993        2.2341135863073585     
   779.99999999998988        2.7564711032603788     
   780.79999999998984       0.88885923218808771     
   781.59999999998979       -1.6203396628909077     
   782.39999999998975       -2.9639160954644161     
   783.19999999998970       -1.4701510600322962     
   783.99999999998965        1.0694243556472574     
   784.79999999998961        2.9205664831110738     
   785.59999999998956        1.9650159593654748     
   786.39999999998952      -0.42541676267784778     
   787.19999999998947       -2.6079241283232810     
   787.99999999998943       -2.4727982060967610     
   788.79999999998938      -0.38211259782603513     
   789.59999999998934        2.0245523823188036     
   790.39999999998929        2.8540558380502699     
   791.19999999998925        1.1015590732589353     
   791.99999999998920       -1.4361057550787719     
   792.79999999998915       -2.9763481085038639     
   793.59999999998911       -1.6351389988715987     
   794.39999999998906       0.87490333091358607     
   795.19999999998902        2.8496380391435254     
   795.99999999998897        2.1335093646567533     
   796.79999999998893      -0.16943442833628231     
   797.59999999998888       -2.4370196043029480     
   798.39999999998884       -2.6251884883420940     
   799.19999999998879      -0.64421332197048065     
