   0.0000000000000000       0.14995722103522532     
  0.80000000000000004      -0.36584505813500667     
   1.6000000000000001       -1.0697519481829092     
   2.4000000000000004       -1.0468398307795164     
   3.2000000000000002        3.5203185347356003E-002
   4.0000000000000000        1.0275656109093023     
   4.7999999999999998       0.91408515023156423     
   5.5999999999999996       0.26286116877042087     
   6.3999999999999995       -6.3753531949358122E-002
   7.1999999999999993      -0.32128124031529071     
   7.9999999999999991      -0.81465572742452896     
   8.7999999999999989      -0.81954349407768035     
   9.5999999999999996        7.8111479898834824E-002
   10.400000000000000       0.91039060173265518     
   11.200000000000001       0.73304890730618966     
   12.000000000000002       0.10408399319198747     
   12.800000000000002      -0.11509901060872427     
   13.600000000000003      -0.20679792794835905     
   14.400000000000004      -0.60819756867367780     
   15.200000000000005      -0.69858065784040169     
   16.000000000000004        3.6246098246440317E-002
   16.800000000000004       0.77690457691843273     
   17.600000000000005       0.60658352385166125     
   18.400000000000006        2.6178255280513207E-002
   19.200000000000006      -0.11025276077355942     
   20.000000000000007       -8.9912390853991941E-002
   20.800000000000008      -0.44450181430462959     
   21.600000000000009      -0.62661554293968302     
   22.400000000000009       -3.0124477906121050E-002
   23.200000000000010       0.65428353230445646     
   24.000000000000011       0.51530520053639950     
   24.800000000000011       -1.7194245966523192E-002
   25.600000000000012       -9.3853029252837061E-002
   26.400000000000013        1.0089921845623809E-002
   27.200000000000014      -0.31040799706451866     
   28.000000000000014      -0.57388563204641918     
   28.800000000000015       -9.6064029275374163E-002
   29.600000000000016       0.54886881195828852     
   30.400000000000016       0.44656522141964961     
   31.200000000000017       -4.6820893705920352E-002
   32.000000000000014       -8.2669804235334043E-002
   32.800000000000011        8.8903336125527477E-002
   33.600000000000009      -0.19745258654247544     
   34.400000000000006      -0.52723562190714979     
   35.200000000000003      -0.15251283925036307     
   36.000000000000000       0.46094946067301390     
   36.799999999999997       0.39387986829500177     
   37.599999999999994       -7.0605926370561900E-002
   38.399999999999991       -8.1485924341023377E-002
   39.199999999999989       0.14697946326751354     
   39.999999999999986      -0.10113450513234112     
   40.799999999999983      -0.48186553056893999     
   41.599999999999980      -0.19742894217737522     
   42.399999999999977       0.38882653689280605     
   43.199999999999974       0.35395572352349597     
   43.999999999999972       -9.0714029260053064E-002
   44.799999999999969       -9.0078075339597372E-002
   45.599999999999966       0.18643232927992343     
   46.399999999999963       -1.8977231372884235E-002
   47.199999999999960      -0.43668303601087333     
   47.999999999999957      -0.23171539163786098     
   48.799999999999955       0.33007891037412768     
   49.599999999999952       0.32477663062063022     
   50.399999999999949      -0.10712444713601388     
   51.199999999999946      -0.10635663833052089     
   51.999999999999943       0.20994670627161766     
   52.799999999999940        5.0676782085414374E-002
   53.599999999999937      -0.39196951547628900     
   54.399999999999935      -0.25729420576688250     
   55.199999999999932       0.28210153025708079     
   55.999999999999929       0.30471667173861317     
   56.799999999999926      -0.11925127813346248     
   57.599999999999923      -0.12779743482190647     
   58.399999999999920       0.22028606027177944     
   59.199999999999918       0.10920980367811180     
   59.999999999999915      -0.34831822875347013     
   60.799999999999912      -0.27620416400312064     
   61.599999999999909       0.24240273969642345     
   62.399999999999906       0.29223077912102302     
   63.199999999999903      -0.12659496131505066     
   63.999999999999901      -0.15206420665974676     
   64.799999999999898       0.22003703406368855     
   65.599999999999895       0.15791108927259348     
   66.399999999999892      -0.30621796413331881     
   67.199999999999889      -0.29021382829148845     
   67.999999999999886       0.20877199704423210     
   68.799999999999883       0.28580242524244770     
   69.599999999999881      -0.12893999686387458     
   70.399999999999878      -0.17723589516669658     
   71.199999999999875       0.21148342009879217     
   71.999999999999872       0.19800361357598431     
   72.799999999999869      -0.26593977239991795     
   73.599999999999866      -0.30069608234528522     
   74.399999999999864       0.17935748692457454     
   75.199999999999861       0.28397915272039997     
   75.999999999999858      -0.12635978629226940     
   76.799999999999855      -0.20184528597673851     
   77.599999999999852       0.19656138451659061     
   78.399999999999849       0.23062096795272563     
   79.199999999999847      -0.22755095518785362     
   79.999999999999844      -0.30862945498691424     
   80.799999999999841       0.15268202944665737     
   81.599999999999838       0.28542143636228334     
   82.399999999999835      -0.11915355352046325     
   83.199999999999832      -0.22483523565629257     
   83.999999999999829       0.17686440524189881     
   84.799999999999827       0.25677970195029337     
   85.599999999999824      -0.19097141367010040     
   86.399999999999821      -0.31465386046961435     
   87.199999999999818       0.12762109245909720     
   87.999999999999815       0.28893856231674403     
   88.799999999999812      -0.10777088757323516     
   89.599999999999810      -0.24548626333882301     
   90.399999999999807       0.15367554887157575     
   91.199999999999804       0.27736234619184813     
   91.999999999999801      -0.15603459052669638     
   92.799999999999798      -0.31914303885436174     
   93.599999999999795       0.10336099615162730     
   94.399999999999793       0.29350643351707217     
   95.199999999999790       -9.2745679381309343E-002
   95.999999999999787      -0.26334132614596900     
   96.799999999999784       0.12801196762242356     
   97.599999999999781       0.29311333831392739     
   98.399999999999778      -0.12253845845736555     
   99.199999999999775      -0.32227532885031063     
   99.999999999999773        7.9349579967674000E-002
   100.79999999999977       0.29827005539138363     
   101.59999999999977       -7.4645717307908144E-002
   102.39999999999976      -0.27813891172407346     
   103.19999999999976       0.10067216692716741     
   103.99999999999976       0.30464535990458230     
   104.79999999999976       -9.0282786344998922E-002
   105.59999999999975      -0.32409493968646497     
   106.39999999999975        5.5246830677135761E-002
   107.19999999999975       0.30253538932410917     
   107.99999999999974       -5.4037656181493421E-002
   108.79999999999974      -0.28975814728085936     
   109.59999999999974        7.2280658891423988E-002
   110.39999999999974       0.31245252900511339     
   111.19999999999973       -5.9093481725731034E-002
   111.99999999999973      -0.32456137323566009     
   112.79999999999973        3.0879555184945617E-002
   113.59999999999972       0.30575491759661932     
   114.39999999999972       -3.1464730549382536E-002
   115.19999999999972      -0.29817607740902813     
   115.99999999999972        4.3327315775177511E-002
   116.79999999999971       0.31692724186830562     
   117.59999999999971       -2.8836407840633627E-002
   118.39999999999971      -0.32358731243113831     
   119.19999999999970        6.2019507277165098E-003
   119.99999999999970       0.30751025225330270     
   120.79999999999970       -7.4341072998851954E-003
   121.59999999999970      -0.30343574136447415     
   122.39999999999969        1.4200417683541078E-002
   123.19999999999969       0.31837822291124124     
   123.99999999999969        5.7666567296871252E-004
   124.79999999999968      -0.32106643326513945     
   125.59999999999968       -1.8737429267726646E-002
   126.39999999999968       0.30749408224976210     
   127.19999999999968        1.7588946413845785E-002
   127.99999999999967      -0.30562317775194736     
   128.79999999999967       -1.4786630490592201E-002
   129.59999999999968       0.31704811701436048     
   130.39999999999969        2.9187604052881455E-002
   131.19999999999970      -0.31689294852615302     
   131.99999999999972       -4.3822577024701825E-002
   132.79999999999973       0.30549289953378717     
   133.59999999999974        4.3182377694283403E-002
   134.39999999999975      -0.30485146923365902     
   135.19999999999976       -4.3374411010207670E-002
   135.99999999999977       0.31312960247874189     
   136.79999999999978        5.6995023483858320E-002
   137.59999999999980      -0.31097465569761001     
   138.39999999999981       -6.8891446299440107E-002
   139.19999999999982       0.30137131156957947     
   139.99999999999983        6.8965893555541724E-002
   140.79999999999984      -0.30125013732445510     
   141.59999999999985       -7.1341688420179017E-002
   142.39999999999986       0.30677948729117926     
   143.19999999999987        8.3959528745663869E-002
   143.99999999999989      -0.30324105596467693     
   144.79999999999990       -9.3752680105123221E-002
   145.59999999999991       0.29505830899629348     
   146.39999999999992        9.4598002341617082E-002
   147.19999999999993      -0.29495846889532579     
   147.99999999999994       -9.8493867847336214E-002
   148.79999999999995       0.29813059040556206     
   149.59999999999997       0.11001002382268121     
   150.39999999999998      -0.29364784927911852     
   151.19999999999999      -0.11819846434208636     
   152.00000000000000       0.28653557050808870     
   152.80000000000001       0.11977242246254358     
   153.60000000000002      -0.28612163387404554     
   154.40000000000003      -0.12465491863594441     
   155.20000000000005       0.28730143142876435     
   156.00000000000006       0.13505037301086659     
   156.80000000000007      -0.28217884854427194     
   157.60000000000008      -0.14201426388435806     
   158.40000000000009       0.27582771216326862     
   159.20000000000010       0.14421442696939252     
   160.00000000000011      -0.27488870673963761     
   160.80000000000013      -0.14966203799172431     
   161.60000000000014       0.27440388527919946     
   162.40000000000015       0.15896593960736269     
   163.20000000000016      -0.26884612025381216     
   164.00000000000017      -0.16498610474677070     
   164.80000000000018       0.26299429171066824     
   165.60000000000019       0.16767746796277605     
   166.40000000000020      -0.26141192068463703     
   167.20000000000022      -0.17336242368328544     
   168.00000000000023       0.25954902827530879     
   168.80000000000024       0.18162971250563156     
   169.60000000000025      -0.25368895905724831     
   170.40000000000026      -0.18690596100416970     
   171.20000000000027       0.24812333442706527     
   172.00000000000028       0.18994026430021416     
   172.80000000000030      -0.24584666044573555     
   173.60000000000031      -0.19561162409736804     
   174.40000000000032       0.24285142895294526     
   175.20000000000033       0.20290786061137331     
   176.00000000000034      -0.23677214094595092     
   176.80000000000035      -0.20757570181692009     
   177.60000000000036       0.23132613649903300     
   178.40000000000038       0.21080442546946621     
   179.20000000000039      -0.22835184029079747     
   180.00000000000040      -0.21627302851985858     
   180.80000000000041       0.22443213609544610     
   181.60000000000042       0.22266464319975893     
   182.40000000000043      -0.21818377111852244     
   183.20000000000044      -0.22680995962425893     
   184.00000000000045       0.21273311179748683     
   184.80000000000047       0.23009261160460168     
   185.60000000000048      -0.20909042215726928     
   186.40000000000049      -0.23521814564003393     
   187.20000000000050       0.20442059917465608     
   188.00000000000051       0.24076666180510323     
   188.80000000000052      -0.19803294343710606     
   189.60000000000053      -0.24443819870489020     
   190.40000000000055       0.19249046887081617     
   191.20000000000056       0.24764718445300804     
   192.00000000000057      -0.18822991078642393     
   192.80000000000058      -0.25232739211990624     
   193.60000000000059       0.18295573045417218     
   194.40000000000060       0.25708647465498680     
   195.20000000000061      -0.17644735367959702     
   196.00000000000063      -0.26030619483260087     
   196.80000000000064       0.17075753115126308     
   197.60000000000065       0.26332927884272234     
   198.40000000000066      -0.16594272306356561     
   199.20000000000067      -0.26749117553467300     
   200.00000000000068       0.16018628861487555     
   200.80000000000069       0.27150561478934632     
   201.60000000000070      -0.15357095377713992     
   202.40000000000072      -0.27427708121944916     
   203.20000000000073       0.14770454098290281     
   204.00000000000074       0.27701821290802847     
   204.80000000000075      -0.14240637228543834     
   205.60000000000076      -0.28061110788478516     
   206.40000000000077       0.13627073425954206     
   207.20000000000078       0.28391706290530122     
   208.00000000000080      -0.12956169475726231     
   208.80000000000081      -0.28623207214466745     
   209.60000000000082       0.12351081491885996     
   210.40000000000083       0.28861115358407913     
   211.20000000000084      -0.11780343865927673     
   212.00000000000085      -0.29160122841838093     
   212.80000000000086       0.11137668003726731     
   213.60000000000088       0.29422722931418671     
   214.40000000000089      -0.10458937872774077     
   215.20000000000090      -0.29607094209210993     
   216.00000000000091        9.8363142586257613E-002
   216.80000000000092       0.29802295841960336     
   217.60000000000093       -9.2321318207291170E-002
   218.40000000000094      -0.30038914898183644     
   219.20000000000095        8.5680033503315878E-002
   220.00000000000097       0.30235749876899154     
   220.80000000000098       -7.8833622128090697E-002
   221.60000000000099      -0.30371231326314690     
   222.40000000000100        7.2454343702890722E-002
   223.20000000000101       0.30518612318807226     
   224.00000000000102       -6.6151755977783000E-002
   224.80000000000103      -0.30691706276537378     
   225.60000000000105        5.9363909704089557E-002
   226.40000000000106       0.30824538907665505     
   227.20000000000107       -5.2481921395360676E-002
   228.00000000000108      -0.30909378644489138     
   228.80000000000109        4.5981917363259739E-002
   229.60000000000110       0.31005077534205422     
   230.40000000000111       -3.9490178068121329E-002
   231.20000000000113      -0.31114257921122074     
   232.00000000000114        3.2617372979636572E-002
   232.80000000000115       0.31184537049488059     
   233.60000000000116       -2.5727806360013761E-002
   234.40000000000117      -0.31217193795872705     
   235.20000000000118        1.9146734543727228E-002
   236.00000000000119       0.31258466475886371     
   236.80000000000121       -1.2534842012204339E-002
   237.60000000000122      -0.31303936492734519     
   238.40000000000123        5.6340534957147193E-003
   239.20000000000124       0.31312938863816242     
   240.00000000000125        1.2309353055862671E-003
   240.80000000000126      -0.31292219749798800     
   241.60000000000127       -7.8482609159907235E-003
   242.40000000000128       0.31277311451733275     
   243.20000000000130        1.4514172226157973E-002
   244.00000000000131      -0.31259758347642258     
   244.80000000000132       -2.1389326711273748E-002
   245.60000000000133       0.31208712937726557     
   246.40000000000134        2.8193978529434838E-002
   247.20000000000135      -0.31133861694572640     
   248.00000000000136       -3.4799365561739348E-002
   248.80000000000138       0.31061890495009437     
   249.60000000000139        4.1456107186264080E-002
   250.40000000000140      -0.30982413653849156     
   251.20000000000141       -4.8254491226151219E-002
   252.00000000000142       0.30872606019868176     
   252.80000000000143        5.4960139533817620E-002
   253.60000000000144      -0.30743353776798915     
   254.40000000000146       -6.1503456473266715E-002
   255.20000000000147       0.30614207347558015     
   256.00000000000148        6.8090784892569728E-002
   256.80000000000149      -0.30474271572938083     
   257.60000000000150       -7.4763188684661502E-002
   258.40000000000151       0.30307127874405171     
   259.20000000000152        8.1329022400334239E-002
   260.00000000000153      -0.30123716349263319     
   260.80000000000155       -8.7759362667495011E-002
   261.60000000000156       0.29937962045679956     
   262.40000000000157        9.4219951973058103E-002
   263.20000000000158      -0.29739367877437894     
   264.00000000000159      -0.10071879585170429     
   264.80000000000160       0.29516519574900724     
   265.60000000000161       0.10710263876745529     
   266.40000000000163      -0.29279704346806534     
   267.20000000000164      -0.11336926527928967     
   268.00000000000165       0.29038511744631057     
   268.80000000000166       0.11964868907815274     
   269.60000000000167      -0.28783376620756168     
   270.40000000000168      -0.12592792777716477     
   271.20000000000169       0.28506707628692673     
   272.00000000000171       0.13208700137522639     
   272.80000000000172      -0.28217747407163019     
   273.60000000000173      -0.13814011848714830     
   274.40000000000174       0.27922821866984981     
   275.20000000000175       0.14418686082468410     
   276.00000000000176      -0.27613567567158515     
   276.80000000000177      -0.15020203902285670     
   277.60000000000178       0.27285246003905872     
   278.40000000000180       0.15609368776865223     
   279.20000000000181      -0.26945882348522698     
   280.00000000000182      -0.16188507872128166     
   280.80000000000183       0.26599407959797622     
   281.60000000000184       0.16765058252487883     
   282.40000000000185      -0.26238751057525311     
   283.20000000000186      -0.17335899978258645     
   284.00000000000188       0.25861247822454547     
   284.80000000000189       0.17894136648297107     
   285.60000000000190      -0.25473678588962001     
   286.40000000000191      -0.18442492628731028     
   287.20000000000192       0.25078268814107035     
   288.00000000000193       0.18986368002775766     
   288.80000000000194      -0.24669211865201096     
   289.60000000000196      -0.19522463019290962     
   290.40000000000197       0.24245308182448330     
   291.20000000000198       0.20045727466197735     
   292.00000000000199      -0.23812157038259399     
   292.80000000000200      -0.20558946109577825     
   293.60000000000201       0.23370811463501784     
   294.40000000000202       0.21065911922844535     
   295.20000000000203      -0.22916633413228341     
   296.00000000000205      -0.21563417557938080     
   296.80000000000206       0.22449419285842659     
   297.60000000000207       0.22047863346322941     
   298.40000000000208      -0.21973702912637885     
   299.20000000000209      -0.22521885269087527     
   300.00000000000210       0.21489768661005137     
   300.80000000000211       0.22988038230562327     
   301.60000000000213      -0.20994013507579154     
   302.40000000000214      -0.23443370508531752     
   303.20000000000215       0.20486878777432244     
   304.00000000000216       0.23885398589803084     
   304.80000000000217      -0.19971972824305836     
   305.60000000000218      -0.24316492418852220     
   306.40000000000219       0.19449109364079009     
   307.20000000000221       0.24738276867094910     
   308.00000000000222      -0.18915572512931367     
   308.80000000000223      -0.25148141629217063     
   309.60000000000224       0.18372191956197587     
   310.40000000000225       0.25544444098624985     
   311.20000000000226      -0.17821796393706973     
   312.00000000000227      -0.25929235006583429     
   312.80000000000229       0.17263942659344006     
   313.60000000000230       0.26303460004601903     
   314.40000000000231      -0.16696654678024342     
   315.20000000000232      -0.26664882919450605     
   316.00000000000233       0.16120968308593286     
   316.80000000000234       0.27012480830562047     
   317.60000000000235      -0.15539072533529869     
   318.40000000000236      -0.27347974893981841     
   319.20000000000238       0.14950415454035426     
   320.00000000000239       0.27671831107216127     
   320.80000000000240      -0.14353623123682402     
   321.60000000000241      -0.27982185431555223     
   322.40000000000242       0.13749812641189352     
   323.20000000000243       0.28278460812451123     
   324.00000000000244      -0.13140660472663973     
   324.80000000000246      -0.28562065446592261     
   325.60000000000247       0.12525604168651416     
   326.40000000000248       0.28833140941764335     
   327.20000000000249      -0.11903748848706464     
   328.00000000000250      -0.29090172181787893     
   328.80000000000251       0.11276210964234085     
   329.60000000000252       0.29332894424236577     
   330.40000000000254      -0.10644265534864272     
   331.20000000000255      -0.29562435017781019     
   332.00000000000256       0.10007400596673016     
   332.80000000000257       0.29778729239862423     
   333.60000000000258       -9.3650939971589520E-002
   334.40000000000259      -0.29980576111490048     
   335.20000000000260        8.7184112015465220E-002
   336.00000000000261       0.30167922928241225     
   336.80000000000263       -8.0683196673971780E-002
   337.60000000000264      -0.30341655731460826     
   338.40000000000265        7.4143920642300243E-002
   339.20000000000266       0.30501591058060107     
   340.00000000000267       -6.7563895689841058E-002
   340.80000000000268      -0.30646802359134540     
   341.60000000000269        6.0952987769097411E-002
   342.40000000000271       0.30777375529495099     
   343.20000000000272       -5.4318567352803326E-002
   344.00000000000273      -0.30893996827626924     
   344.80000000000274        4.7657360292876483E-002
   345.60000000000275       0.30996427251252245     
   346.40000000000276       -4.0969077464181824E-002
   347.20000000000277      -0.31083974441183948     
   348.00000000000279        3.4262671539953327E-002
   348.80000000000280       0.31156810593995171     
   349.60000000000281       -2.7543826576190533E-002
   350.40000000000282      -0.31215462209346184     
   351.20000000000283        2.0810293097568489E-002
   352.00000000000284       0.31259678847914435     
   352.80000000000285       -1.4063290517102811E-002
   353.60000000000286      -0.31288964285352050     
   354.40000000000288        7.3108348200726647E-003
   355.20000000000289       0.31303540998627888     
   356.00000000000290       -5.5740564439044071E-004
   356.80000000000291      -0.31303812198218400     
   357.60000000000292       -6.1982777704474024E-003
   358.40000000000293       0.31289545475400604     
   359.20000000000294        1.2953953574169397E-002
   360.00000000000296      -0.31260406391427181     
   360.80000000000297       -1.9702503798801507E-002
   361.60000000000298       0.31216643917223891     
   362.40000000000299        2.6440287068894175E-002
   363.20000000000300      -0.31158569847194068     
   364.00000000000301       -3.3167719486493941E-002
   364.80000000000302       0.31085988308702955     
   365.60000000000304        3.9881858125106195E-002
   366.40000000000305      -0.30998696693828265     
   367.20000000000306       -4.6576410256731426E-002
   368.00000000000307       0.30896955642042345     
   368.80000000000308        5.3248302827860527E-002
   369.60000000000309      -0.30781012454953205     
   370.40000000000310       -5.9897215823068090E-002
   371.20000000000312       0.30650718291238466     
   372.00000000000313        6.6519800651415217E-002
   372.80000000000314      -0.30505976949202185     
   373.60000000000315       -7.3110502275535560E-002
   374.40000000000316       0.30347052280547587     
   375.20000000000317        7.9666623975861772E-002
   376.00000000000318      -0.30174149161397462     
   376.80000000000319       -8.6187246517722582E-002
   377.60000000000321       0.29987170587885781     
   378.40000000000322        9.2668822097866088E-002
   379.20000000000323      -0.29786105658181483     
   380.00000000000324       -9.9106443812519818E-002
   380.80000000000325       0.29571217343463746     
   381.60000000000326       0.10549766096753932     
   382.40000000000327      -0.29342685668632845     
   383.20000000000329      -0.11184108984155111     
   384.00000000000330       0.29100466370067951     
   384.80000000000331       0.11813313567912048     
   385.60000000000332      -0.28844616647092963     
   386.40000000000333      -0.12436945604028526     
   387.20000000000334       0.28575397344197956     
   388.00000000000335       0.13054776358923387     
   388.80000000000337      -0.28292977221789656     
   389.60000000000338      -0.13666633625020091     
   390.40000000000339       0.27997363099461209     
   391.20000000000340       0.14272164282516023     
   392.00000000000341      -0.27688666479928870     
   392.80000000000342      -0.14870983192589726     
   393.60000000000343       0.27367146562036987     
   394.40000000000344       0.15462873275542327     
   395.20000000000346      -0.27032971002425871     
   396.00000000000347      -0.16047639888698523     
   396.80000000000348       0.26686194472510660     
   397.60000000000349       0.16624944162976718     
   398.40000000000350      -0.26326971848405156     
   399.20000000000351      -0.17194443939450796     
   400.00000000000352       0.25955562088397366     
   400.80000000000354       0.17755931727174731     
   401.60000000000355      -0.25572139039624209     
   402.40000000000356      -0.18309200481506527     
   403.20000000000357       0.25176801122272285     
   404.00000000000358       0.18853931136904953     
   404.80000000000359      -0.24769738008083683     
   405.60000000000360      -0.19389819629503993     
   406.40000000000362       0.24351210185732411     
   407.20000000000363       0.19916667830025775     
   408.00000000000364      -0.23921402643740758     
   408.80000000000365      -0.20434264934115018     
   409.60000000000366       0.23480453059833420     
   410.40000000000367       0.20942315524554966     
   411.20000000000368      -0.23028579203232535     
   412.00000000000369      -0.21440549906847345     
   412.80000000000371       0.22566044858368334     
   413.60000000000372       0.21928780310624246     
   414.40000000000373      -0.22093049229319189     
   415.20000000000374      -0.22406799480026002     
   416.00000000000375       0.21609764689054284     
   416.80000000000376       0.22874338264268748     
   417.60000000000377      -0.21116431869941074     
   418.40000000000379      -0.23331158629744514     
   419.20000000000380       0.20613319378414119     
   420.00000000000381       0.23777084912311602     
   420.80000000000382      -0.20100642233345806     
   421.60000000000383      -0.24211919480339911     
   422.40000000000384       0.19578603064219396     
   423.20000000000385       0.24635421197268728     
   424.00000000000387      -0.19047461240850524     
   424.80000000000388      -0.25047381827878851     
   425.60000000000389       0.18507491344866556     
   426.40000000000390       0.25447639952775614     
   427.20000000000391      -0.17958924670599880     
   428.00000000000392      -0.25836012530655250     
   428.80000000000393       0.17401989894758990     
   429.60000000000394       0.26212287572522375     
   430.40000000000396      -0.16836961812441115     
   431.20000000000397      -0.26576285446466086     
   432.00000000000398       0.16264121696671213     
   432.80000000000399       0.26927861243212003     
   433.60000000000400      -0.15683716713107643     
   434.40000000000401      -0.27266850495862177     
   435.20000000000402       0.15095997650646042     
   436.00000000000404       0.27593071059968705     
   436.80000000000405      -0.14501251991770969     
   437.60000000000406      -0.27906371208360087     
   438.40000000000407       0.13899767962817494     
   439.20000000000408       0.28206624744746112     
   440.00000000000409      -0.13291807550160151     
   440.80000000000410      -0.28493688902106629     
   441.60000000000412       0.12677639998371154     
   442.40000000000413       0.28767411760874317     
   443.20000000000414      -0.12057563123896442     
   444.00000000000415      -0.29027669141637891     
   444.80000000000416       0.11431871927250936     
   445.60000000000417       0.29274355571821808     
   446.40000000000418      -0.10800841688582358     
   447.20000000000420      -0.29507352365134715     
   448.00000000000421       0.10164756709298656     
   448.80000000000422       0.29726537967401406     
   449.60000000000423       -9.5239230245777518E-002
   450.40000000000424      -0.29931815598246120     
   451.20000000000425        8.8786418201630413E-002
   452.00000000000426       0.30123102244071753     
   452.80000000000427       -8.2291997966880803E-002
   453.60000000000429      -0.30300305037469522     
   454.40000000000430        7.5758931373626548E-002
   455.20000000000431       0.30463332737977467     
   456.00000000000432       -6.9190341090993757E-002
   456.80000000000433      -0.30612115913567828     
   457.60000000000434        6.2589291251377632E-002
   458.40000000000435       0.30746595421306183     
   459.20000000000437       -5.5958741851494020E-002
   460.00000000000438      -0.30866705398361355     
   460.80000000000439        4.9301743635371875E-002
   461.60000000000440       0.30972384702022465     
   462.40000000000441       -4.2621462207884098E-002
   463.20000000000442      -0.31063591208781355     
   464.00000000000443        3.5921001168399358E-002
   464.80000000000445       0.31140290713364999     
   465.60000000000446       -2.9203390536613749E-002
   466.40000000000447      -0.31202445069280615     
   467.20000000000448        2.2471741520209698E-002
   468.00000000000449       0.31250022867301525     
   468.80000000000450       -1.5729243224926248E-002
   469.60000000000451      -0.31283009198231959     
   470.40000000000452        8.9790231434611067E-003
   471.20000000000454       0.31301395514925129     
   472.00000000000455       -2.2241571431289020E-003
   472.80000000000456      -0.31305171693395073     
   473.60000000000457       -4.5322104378373584E-003
   474.40000000000458       0.31294335554976849     
   475.20000000000459        1.1286886821027409E-002
   476.00000000000460      -0.31268899209909590     
   476.80000000000462       -1.8036738498862115E-002
   477.60000000000463       0.31228880155226135     
   478.40000000000464        2.4778668726446351E-002
   479.20000000000465      -0.31174296249593209     
   480.00000000000466       -3.1509526532139731E-002
   480.80000000000467       0.31105173909615774     
   481.60000000000468        3.8226135857415244E-002
   482.40000000000470      -0.31021551939724756     
   483.20000000000471       -4.4925376916999216E-002
   484.00000000000472       0.30923473954323838     
   484.80000000000473        5.1604157530421413E-002
   485.60000000000474      -0.30810985460136953     
   486.40000000000475       -5.8259345949751018E-002
   487.20000000000476       0.30684140707170482     
   488.00000000000477        6.4887803832021695E-002
   488.80000000000479      -0.30543004722082895     
   489.60000000000480       -7.1486446282192195E-002
   490.40000000000481       0.30387647023710046     
   491.20000000000482        7.8052211323440673E-002
   492.00000000000483      -0.30218140182283793     
   492.80000000000484       -8.4582011764028325E-002
   493.60000000000485       0.30034565398616664     
   494.40000000000487        9.1072768506758495E-002
   495.20000000000488      -0.29837013296559090     
   496.00000000000489       -9.7521453727620555E-002
   496.80000000000490       0.29625578830133398     
   497.60000000000491       0.10392506124516809     
   498.40000000000492      -0.29400360836795592     
   499.20000000000493      -0.11028057326313323     
   500.00000000000495       0.29161466471142428     
   500.80000000000496       0.11658499183803370     
   501.60000000000497      -0.28909011177517097     
   502.40000000000498      -0.12283536900745273     
   503.20000000000499       0.28643114649383561     
   504.00000000000500       0.12902877969035387     
   504.80000000000501      -0.28363901015857018     
   505.60000000000502      -0.13516229978475003     
   506.40000000000504       0.28071502280862315     
   507.20000000000505       0.14123303456661374     
   508.00000000000506      -0.27766057786716997     
   508.80000000000507      -0.14723813893838877     
   509.60000000000508       0.27447711072569903     
   510.40000000000509       0.15317479369366357     
   511.20000000000510      -0.27116610431671251     
   512.00000000000512      -0.15904019207176076     
   512.80000000000507       0.26772911511872910     
   513.60000000000502       0.16483156451800857     
   514.40000000000498      -0.26416776493882027     
   515.20000000000493      -0.17054619162689738     
   516.00000000000489       0.26048371696732858     
   516.80000000000484       0.17618138406010930     
   517.60000000000480      -0.25667868320116116     
   518.40000000000475      -0.18173447522170844     
   519.20000000000471       0.25275444355791993     
   520.00000000000466       0.18720284225461098     
   520.80000000000462      -0.24871283635875108     
   521.60000000000457      -0.19258391371887357     
   522.40000000000452       0.24455574043627676     
   523.20000000000448       0.19787515309428788     
   524.00000000000443      -0.24028508314799918     
   524.80000000000439      -0.20307405573953724     
   525.60000000000434       0.23590285395467508     
   526.40000000000430       0.20817816627590174     
   527.20000000000425      -0.23141109464022713     
   528.00000000000421      -0.21318508258172786     
   528.80000000000416       0.22681188621158160     
   529.60000000000412       0.21809244259839189     
   530.40000000000407      -0.22210735668353737     
   531.20000000000402      -0.22289792415546728     
   532.00000000000398       0.21729969030817958     
   532.80000000000393       0.22759925905576442     
   533.60000000000389      -0.21239111818253761     
   534.40000000000384      -0.23219423458354194     
   535.20000000000380       0.20738390885264463     
   536.00000000000375       0.23668068321537078     
   536.80000000000371      -0.20228037537948784     
   537.60000000000366      -0.24105648424461348     
   538.40000000000362       0.19708288122516146     
   539.20000000000357       0.24531957496284101     
   540.00000000000352      -0.19179383161665681     
   540.80000000000348      -0.24946795056219076     
   541.60000000000343       0.18641566694701281     
   542.40000000000339       0.25349965630896681     
   543.20000000000334      -0.18095086886436329     
   544.00000000000330      -0.25741279018713770     
   544.80000000000325       0.17540196364032584     
   545.60000000000321       0.26120551158953847     
   546.40000000000316      -0.16977151446724215     
   547.20000000000312      -0.26487604024891603     
   548.00000000000307       0.16406211691496703     
   548.80000000000302       0.26842265043291869     
   549.60000000000298      -0.15827640394339315     
   550.40000000000293      -0.27184367404960919     
   551.20000000000289       0.15241704741824114     
   552.00000000000284       0.27513750725115815     
   552.80000000000280      -0.14648675138678502     
   553.60000000000275      -0.27830260883316232     
   554.40000000000271       0.14048824900177193     
   555.20000000000266       0.28133749604240299     
   556.00000000000261      -0.13442430645776754     
   556.80000000000257      -0.28424074775789515     
   557.60000000000252       0.12829772318106869     
   558.40000000000248       0.28701100937848839     
   559.20000000000243      -0.12211132604647573     
   560.00000000000239      -0.28964699098700258     
   560.80000000000234       0.11586796730556082     
   561.60000000000230       0.29214746440170147     
   562.40000000000225      -0.10957052751641100     
   563.20000000000221      -0.29451126618316603     
   564.00000000000216       0.10322191481159682     
   564.80000000000211       0.29673730113353913     
   565.60000000000207       -9.6825059969829930E-002
   566.40000000000202      -0.29882454041328038     
   567.20000000000198        9.0382914996755381E-002
   568.00000000000193       0.30077201952047905     
   568.80000000000189       -8.3898455152113638E-002
   569.60000000000184      -0.30257884097067006     
   570.40000000000180        7.7374677603101294E-002
   571.20000000000175       0.30424417669333048     
   572.00000000000171       -7.0814597236180499E-002
   572.80000000000166      -0.30576726620670680     
   573.60000000000161        6.4221245633246382E-002
   574.40000000000157       0.30714741526460931     
   575.20000000000152       -5.7597672316665460E-002
   576.00000000000148      -0.30838399813124423     
   576.80000000000143        5.0946943009949064E-002
   577.60000000000139       0.30947645910843041     
   578.40000000000134       -4.4272136074416268E-002
   579.20000000000130      -0.31042431082568195     
   580.00000000000125        3.7576341694030069E-002
   580.80000000000121       0.31122713334410873     
   581.60000000000116       -3.0862662460659107E-002
   582.40000000000111      -0.31188457599678210     
   583.20000000000107        2.4134211403211370E-002
   584.00000000000102       0.31239635823996253     
   584.80000000000098       -1.7394108936767738E-002
   585.60000000000093      -0.31276226807877638     
   586.40000000000089        1.0645482129170103E-002
   587.20000000000084       0.31298216146651842     
   588.00000000000080       -3.8914647404461600E-003
   588.80000000000075      -0.31305596371109734     
   589.60000000000070       -2.8648048631271794E-003
   590.40000000000066       0.31298366980840853     
   591.20000000000061        9.6201863488933892E-003
   592.00000000000057      -0.31276534300415570     
   592.80000000000052       -1.6371538154982768E-002
   593.60000000000048       0.31240111436180018     
   594.40000000000043        2.3115717887943588E-002
   595.20000000000039      -0.31189118376080793     
   596.00000000000034       -2.9849584444817778E-002
   596.80000000000030       0.31123581983755300     
   597.60000000000025        3.6570000329156360E-002
   598.40000000000020      -0.31043535867057420     
   599.20000000000016       -4.3273832442508320E-002
   600.00000000000011       0.30949020342416672     
   600.80000000000007        4.9957952821982232E-002
   601.60000000000002      -0.30840082497587817     
   602.39999999999998       -5.6619240743734367E-002
   603.19999999999993       0.30716776156593067     
   603.99999999999989        6.3254584789519785E-002
   604.79999999999984      -0.30579161758315099     
   605.59999999999980       -6.9860883714159244E-002
   606.39999999999975       0.30427306322023173     
   607.19999999999970        7.6435047437635850E-002
   607.99999999999966      -0.30261283477601875     
   608.79999999999961       -8.2973999096661477E-002
   609.59999999999957       0.30081173408705608     
   610.39999999999952        8.9474676915648754E-002
   611.19999999999948      -0.29887062739332115     
   611.99999999999943       -9.5934035155112618E-002
   612.79999999999939       0.29679044496184920     
   613.59999999999934       0.10234904528490663     
   614.39999999999930      -0.29457218110880018     
   615.19999999999925      -0.10871669796025771     
   615.99999999999920       0.29221689347015989     
   616.79999999999916       0.11503400473749081     
   617.59999999999911      -0.28972570192561364     
   618.39999999999907      -0.12129799909349709     
   619.19999999999902       0.28709978816550757     
   619.99999999999898       0.12750573771951940     
   620.79999999999893      -0.28434039547236412     
   621.59999999999889      -0.13365430240241427     
   622.39999999999884       0.28144882787467584     
   623.19999999999879       0.13974080161189043     
   623.99999999999875      -0.27842644911169645     
   624.79999999999870      -0.14576237157651717     
   625.59999999999866       0.27527468212461348     
   626.39999999999861       0.15171617764072973     
   627.19999999999857      -0.27199500863779702     
   627.99999999999852      -0.15759941603868827     
   628.79999999999848       0.26858896822744155     
   629.59999999999843       0.16340931537017134     
   630.39999999999839      -0.26505815730943449     
   631.19999999999834      -0.16914313770942180     
   631.99999999999829       0.26140422854676937     
   632.79999999999825       0.17479817997809094     
   633.59999999999820      -0.25762889026405383     
   634.39999999999816      -0.18037177559975387     
   635.19999999999811       0.25373390545501673     
   635.99999999999807       0.18586129587440456     
   636.79999999999802      -0.24972109077554769     
   637.59999999999798      -0.19126415109126921     
   638.39999999999793       0.24559231586574592     
   639.19999999999789       0.19657779187626678     
   639.99999999999784      -0.24134950262872101     
   640.79999999999779      -0.20179971072097247     
   641.59999999999775       0.23699462418763578     
   642.39999999999770       0.20692744325281276     
   643.19999999999766      -0.23252970387290051     
   643.99999999999761      -0.21195856932442492     
   644.79999999999757       0.22795681446040295     
   645.59999999999752       0.21689071430238221     
   646.39999999999748      -0.22327807733643457     
   647.19999999999743      -0.22172155046037206     
   647.99999999999739       0.21849566141338878     
   648.79999999999734       0.22644879814055729     
   649.59999999999729      -0.21361178209989129     
   650.39999999999725      -0.23107022679125791     
   651.19999999999720       0.20862870045953799     
   651.99999999999716       0.23558365617010157     
   652.79999999999711      -0.20354872227738746     
   653.59999999999707      -0.23998695759057534     
   654.39999999999702       0.19837419693986455     
   655.19999999999698       0.24427805496628788     
   655.99999999999693      -0.19310751638052001     
   656.79999999999688      -0.24845492577432926     
   657.59999999999684       0.18775111415957230     
   658.39999999999679       0.25251560214605923     
   659.19999999999675      -0.18230746444741874     
   659.99999999999670      -0.25645817195991616     
   660.79999999999666       0.17677908087009631     
   661.59999999999661       0.26028077975970731     
   662.39999999999657      -0.17116851542322220     
   663.19999999999652      -0.26398162762146549     
   663.99999999999648       0.16547835747493467     
   664.79999999999643       0.26755897611182944     
   665.59999999999638      -0.15971123267665199     
   666.39999999999634      -0.27101114521961056     
   667.19999999999629       0.15386980177586340     
   667.99999999999625       0.27433651514215851     
   668.79999999999620      -0.14795675948875586     
   669.59999999999616      -0.27753352703405620     
   670.39999999999611       0.14197483343147527     
   671.19999999999607       0.28060068381832565     
   671.99999999999602      -0.13592678296722144     
   672.79999999999598      -0.28353655095488839     
   673.59999999999593       0.12981539798167757     
   674.39999999999588       0.28633975708436332     
   675.19999999999584      -0.12364349771161054     
   675.99999999999579      -0.28900899464470531     
   676.79999999999575       0.11741392960792763     
   677.59999999999570       0.29154302052607245     
   678.39999999999566      -0.11112956812393437     
   679.19999999999561      -0.29394065667322072     
   679.99999999999557       0.10479331345144843     
   680.79999999999552       0.29620079058086113     
   681.59999999999548       -9.8408090302397611E-002
   682.39999999999543      -0.29832237576743070     
   683.19999999999538        9.1976846708682891E-002
   683.99999999999534       0.30030443227041947     
   684.79999999999529       -8.5502552753315642E-002
   685.59999999999525      -0.30214604708043741     
   686.39999999999520        7.8988199267192916E-002
   687.19999999999516       0.30384637448518964     
   687.99999999999511       -7.2436796563708883E-002
   688.79999999999507      -0.30540463639730131     
   689.59999999999502        6.5851373176444572E-002
   690.39999999999498       0.30682012268594772     
   691.19999999999493       -5.9234974538971918E-002
   691.99999999999488      -0.30809219144602129     
   692.79999999999484        5.2590661642345327E-002
   693.59999999999479       0.30922026919214562     
   694.39999999999475       -4.5921509721943587E-002
   695.19999999999470      -0.31020385103796588     
   695.99999999999466        3.9230606938026269E-002
   696.79999999999461       0.31104250086659824     
   697.59999999999457       -3.2521053008665923E-002
   698.39999999999452      -0.31173585143998739     
   699.19999999999447        2.5795957830091087E-002
   699.99999999999443       0.31228360444781950     
   700.79999999999438       -1.9058440116137942E-002
   701.59999999999434      -0.31268553053873660     
   702.39999999999429        1.2311626028557898E-002
   703.19999999999425       0.31294146933517408     
   703.99999999999420       -5.5586477698403858E-003
   704.79999999999416      -0.31305132939340402     
   705.59999999999411       -1.1973578335807700E-003
   706.39999999999407       0.31301508811012496     
   707.19999999999402        7.9532507326016133E-003
   707.99999999999397      -0.31283279161222088     
   708.79999999999393       -1.4705889067958000E-002
   709.59999999999388       0.31250455462545806     
   710.39999999999384        2.1452130611903986E-002
   711.19999999999379      -0.31203056029385778     
   711.99999999999375       -2.8188834216424541E-002
   712.79999999999370       0.31141105995232515     
   713.59999999999366        3.4912861248597993E-002
   714.39999999999361      -0.31064637288223990     
   715.19999999999357       -4.1621077035299825E-002
   715.99999999999352       0.30973688604701927     
   716.79999999999347        4.8310352333841733E-002
   717.59999999999343      -0.30868305377905564     
   718.39999999999338       -5.4977564802136059E-002
   719.19999999999334       0.30748539742821285     
   719.99999999999329        6.1619600457281931E-002
   720.79999999999325      -0.30614450499656992     
   721.59999999999320       -6.8233355145556007E-002
   722.39999999999316       0.30466103074830925     
   723.19999999999311        7.4815736028520319E-002
   723.99999999999307      -0.30303569477762898     
   724.79999999999302       -8.1363663065049718E-002
   725.59999999999297       0.30126928254498009     
   726.39999999999293        8.7874070483173417E-002
   727.19999999999288      -0.29936264440014304     
   727.99999999999284       -9.4343908261336845E-002
   728.79999999999279       0.29731669507919156     
   729.59999999999275       0.10077014361779596     
   730.39999999999270      -0.29513241316461725     
   731.19999999999266      -0.10714976249085750     
   731.99999999999261       0.29281084052226591     
   732.79999999999256       0.11347977101257262     
   733.59999999999252      -0.29035308172130658     
   734.39999999999247      -0.11975719698480164     
   735.19999999999243       0.28776030343020154     
   735.99999999999238       0.12597909135579805     
   736.79999999999234      -0.28503373378383395     
   737.59999999999229      -0.13214252968808854     
   738.39999999999225       0.28217466172738098     
   739.19999999999220       0.13824461361505924     
   739.99999999999216      -0.27918443634542417     
   740.79999999999211      -0.14428247229525645     
   741.59999999999206       0.27606446616937008     
   742.39999999999202       0.15025326386200893     
   743.19999999999197      -0.27281621845979542     
   743.99999999999193      -0.15615417686082023     
   744.79999999999188       0.26944121846790864     
   745.59999999999184       0.16198243167199808     
   746.39999999999179      -0.26594104868284862     
   747.19999999999175      -0.16773528192466236     
   747.99999999999170       0.26231734806170598     
   748.79999999999166       0.17341001590361294     
   749.59999999999161      -0.25857181123409839     
   750.39999999999156      -0.17900395793707904     
   751.19999999999152       0.25470618768977848     
   751.99999999999147       0.18451446976578922     
   752.79999999999143      -0.25072228095496130     
   753.59999999999138      -0.18993895190152743     
   754.39999999999134       0.24662194774939600     
   755.19999999999129       0.19527484497001468     
   755.99999999999125      -0.24240709712228342     
   756.79999999999120      -0.20051963103073067     
   757.59999999999116       0.23807968957376235     
   758.39999999999111       0.20567083487542281     
   759.19999999999106      -0.23364173616518180     
   759.99999999999102      -0.21072602531093443     
   760.79999999999097       0.22909529761030167     
   761.59999999999093       0.21568281641994996     
   762.39999999999088      -0.22444248334807493     
   763.19999999999084      -0.22053886879409951     
   763.99999999999079       0.21968545060442463     
   764.79999999999075       0.22529189074490918     
   765.59999999999070      -0.21482640343947490     
   766.39999999999065      -0.22993963949123686     
   767.19999999999061       0.20986759177809605     
   767.99999999999056       0.23447992231913078     
   768.79999999999052      -0.20481131042603112     
   769.59999999999047      -0.23891059771385617     
   770.39999999999043       0.19965989807215215     
   771.19999999999038       0.24322957646298546     
   771.99999999999034      -0.19441573627777622     
   772.79999999999029      -0.24743482273143513     
   773.59999999999025       0.18908124845101215     
   774.39999999999020       0.25152435510623700     
   775.19999999999015      -0.18365889880679559     
   775.99999999999011      -0.25549624760942091     
   776.79999999999006       0.17815119131311902     
   777.59999999999002       0.25934863067806746     
   778.39999999998997      -0.17256066862454039     
   779.19999999998993      -0.26307969211178223     
   779.99999999998988       0.16688991100312983     
   780.79999999998984       0.26668767798900223     
   781.59999999998979      -0.16114153522261587     
   782.39999999998975      -0.27017089354591650     
   783.19999999998970       0.15531819346030173     
   783.99999999998965       0.27352770401917403     
   784.79999999998961      -0.14942257217852078     
   785.59999999998956      -0.27675653545667234     
   786.39999999998952       0.14345739098977334     
   787.19999999998947       0.27985587549064828     
   787.99999999998943      -0.13742540150781357     
   788.79999999998938      -0.28282427407173094     
   789.59999999998934       0.13132938618755197     
   790.39999999998929       0.28566034416680264     
   791.19999999998925      -0.12517215715244051     
   791.99999999998920      -0.28836276242087111     
   792.79999999998915       0.11895655500643831     
   793.59999999998911       0.29093026977934505     
   794.39999999998906      -0.11268544763264587     
   795.19999999998902      -0.29336167206979208     
   795.99999999998897       0.10636172898205426     
   796.79999999998893       0.29565584054831706     
   797.59999999998888       -9.9988317846910202E-002
   798.39999999998884      -0.29781171240594428     
   799.19999999998879        9.3568156620572052E-002
