   0.0000000000000000       -2.7432102421311222     
  0.80000000000000004       -2.7167542653804646     
   1.6000000000000001      -0.29009418546027543     
   2.4000000000000004        1.7422633812283297     
   3.2000000000000002        2.0220518185908793     
   4.0000000000000000       0.86668294887135966     
   4.7999999999999998      -0.30440775130798103     
   5.5999999999999996      -0.87795359088385860     
   6.3999999999999995      -0.98504319822898778     
   7.1999999999999993      -0.92867208111187749     
   7.9999999999999991      -0.70608823711758761     
   8.7999999999999989       -6.9641562103240684E-002
   9.5999999999999996       0.98860105397455267     
   10.400000000000000        1.7475467095610844     
   11.200000000000001        1.2198745787761638     
   12.000000000000002      -0.45005176120225387     
   12.800000000000002       -2.1487897481384124     
   13.600000000000003       -2.0006437361411944     
   14.400000000000004        1.8875428938749828E-002
   15.200000000000005        2.3461823130854320     
   16.000000000000004        2.4716890889268255     
   16.800000000000004       0.14740759705941642     
   17.600000000000005       -2.5890485166427482     
   18.400000000000006       -2.7072625492779236     
   19.200000000000006       -5.5661524073994162E-002
   20.000000000000007        2.9015963522364299     
   20.800000000000008        2.7006654911119812     
   21.600000000000009      -0.23226179598863927     
   22.400000000000009       -3.1834191317034750     
   23.200000000000010       -2.4570285639069165     
   24.000000000000011       0.64317739945275409     
   24.800000000000011        3.3589686761293032     
   25.600000000000012        2.0768159153848469     
   26.400000000000013       -1.0025021032197250     
   27.200000000000014       -3.3559624611654097     
   28.000000000000014       -1.8207399855894613     
   28.800000000000015        1.1331153681503086     
   29.600000000000016        3.2430441101439289     
   30.400000000000016        1.8078582928111788     
   31.200000000000017      -0.98235660820391368     
   32.000000000000014       -3.0710339497457793     
   32.800000000000011       -2.0138496752395447     
   33.600000000000009       0.55094256266664665     
   34.400000000000006        2.7793972382654779     
   35.200000000000003        2.3933744543831632     
   36.000000000000000       0.12267337232391595     
   36.799999999999997       -2.3095775003146803     
   37.599999999999994       -2.7956497339627036     
   38.399999999999991      -0.79188991717769541     
   39.199999999999989        1.8480941803918847     
   39.999999999999986        3.0528529289808648     
   40.799999999999983        1.2096172572801436     
   41.599999999999980       -1.5822975193482596     
   42.399999999999977       -3.1761363304628363     
   43.199999999999974       -1.4209253901798875     
   43.999999999999972        1.4224461915647040     
   44.799999999999969        3.1989448264904610     
   45.599999999999966        1.5707589325692211     
   46.399999999999963       -1.2279448562188975     
   47.199999999999960       -3.1345598996929169     
   47.999999999999957       -1.7784541314996010     
   48.799999999999955       0.89488094810536767     
   49.599999999999952        2.9719093721408227     
   50.399999999999949        2.1038113164271479     
   51.199999999999946      -0.36356502185052131     
   51.999999999999943       -2.6599816751996435     
   52.799999999999940       -2.5243085080219685     
   53.599999999999937      -0.31816949625033342     
   54.399999999999935        2.2052781749386137     
   55.199999999999932        2.8959497656043798     
   55.999999999999929       0.88674768505747403     
   56.799999999999926       -1.8476115499326125     
   57.599999999999923       -3.1210820346690893     
   58.399999999999920       -1.1884492646517009     
   59.199999999999918        1.6834073805798289     
   59.999999999999915        3.2274339737518827     
   60.799999999999912        1.3141397702615263     
   61.599999999999909       -1.5900691792834245     
   62.399999999999906       -3.2393090599674874     
   63.199999999999903       -1.4147943255821649     
   63.999999999999901        1.4296189864810414     
   64.799999999999898        3.1753397122077303     
   65.599999999999895        1.5992624551775521     
   66.399999999999892       -1.1126018256717112     
   67.199999999999889       -3.0291322246850605     
   67.999999999999886       -1.9194987860665389     
   68.799999999999883       0.58576176578735550     
   69.599999999999881        2.7433343855233461     
   70.399999999999878        2.3640557543999017     
   71.199999999999875       0.13911658337504695     
   71.999999999999872       -2.2696726721110410     
   72.799999999999869       -2.7924591634786156     
   73.599999999999866      -0.82054942502379014     
   74.399999999999864        1.8186039717124740     
   75.199999999999861        3.0572466519373029     
   75.999999999999858        1.2275097645389714     
   76.799999999999855       -1.5756989182806500     
   77.599999999999852       -3.1865521632768958     
   78.399999999999849       -1.4175266460366718     
   79.199999999999847        1.4450916884719969     
   79.999999999999844        3.2155909861865295     
   80.799999999999841        1.5411829548907678     
   81.599999999999838       -1.2825244238831606     
   82.399999999999835       -3.1593530189498065     
   83.199999999999832       -1.7224266699097224     
   83.999999999999829       0.98234417124005580     
   84.799999999999827        3.0123384217118971     
   85.599999999999824        2.0254620069022540     
   86.399999999999821      -0.48190694529166622     
   87.199999999999818       -2.7260390390507534     
   87.999999999999815       -2.4413020390428448     
   88.799999999999812      -0.19851146925415586     
   89.599999999999810        2.2754747232678620     
   90.399999999999807        2.8377763929327888     
   91.199999999999804       0.81772993653098469     
   91.999999999999801       -1.8742195642463786     
   92.799999999999798       -3.0876518238222563     
   93.599999999999795       -1.1720110567495663     
   94.399999999999793        1.6740212206198968     
   95.199999999999790        3.2115224737989303     
   95.999999999999787        1.3249393361420210     
   96.799999999999784       -1.5713803021990795     
   97.599999999999781       -3.2372991611297079     
   98.399999999999778       -1.4271250050104665     
   99.199999999999775        1.4232983679057862     
   99.999999999999773        3.1833281132887343     
   100.79999999999977        1.5980278384052720     
   101.59999999999977       -1.1306591186493731     
   102.39999999999976       -3.0480795596969550     
   103.19999999999976       -1.8985180780653916     
   103.99999999999976       0.63444885180764343     
   104.79999999999976        2.7816325232084695     
   105.59999999999975        2.3275822630841989     
   106.39999999999975        6.6653848451514452E-002
   107.19999999999975       -2.3285359268709303     
   107.99999999999974       -2.7616283470741543     
   108.79999999999974      -0.75766271443938304     
   109.59999999999974        1.8686603277969907     
   110.39999999999974        3.0418175179353826     
   111.19999999999973        1.1852867011134613     
   111.99999999999973       -1.6135720356399330     
   112.79999999999973       -3.1829731714585030     
   113.59999999999972       -1.3841737614126837     
   114.39999999999972        1.4844259067186845     
   115.19999999999972        3.2218706672072712     
   115.99999999999972        1.5028262854631684     
   116.79999999999971       -1.3354244623750873     
   117.59999999999971       -3.1752669853492002     
   118.39999999999971       -1.6705377215554091     
   119.19999999999970        1.0566218558065761     
   119.99999999999970        3.0422960410882869     
   120.79999999999970        1.9577674744052793     
   121.59999999999970      -0.58141644665865466     
   122.39999999999969       -2.7789792428683233     
   123.19999999999969       -2.3675401036050903     
   123.99999999999969       -9.0453441395717427E-002
   124.79999999999968        2.3410371055117425     
   125.59999999999968        2.7832994426142039     
   126.39999999999968       0.74723897580943133     
   127.19999999999968       -1.9078537872972250     
   127.99999999999967       -3.0566420667762362     
   128.79999999999967       -1.1475339054643299     
   129.59999999999968        1.6758124939810335     
   130.39999999999969        3.1967696047698864     
   131.19999999999970        1.3258108188466560     
   131.99999999999972       -1.5640435316817545     
   132.79999999999973       -3.2355726416181554     
   133.59999999999974       -1.4301389462192002     
   134.39999999999975        1.4268603440836927     
   135.19999999999976        3.1916021682914546     
   135.99999999999977        1.5885505305483041     
   136.79999999999978       -1.1569728598971958     
   137.59999999999980       -3.0674190797878467     
   138.39999999999981       -1.8702806481337677     
   139.19999999999982       0.69001030998045865     
   139.99999999999983        2.8200986708049154     
   140.79999999999984        2.2841797219751450     
   141.59999999999985       -1.2503235328126028E-002
   142.39999999999986       -2.3883344759224925     
   143.19999999999987       -2.7239542508505052     
   143.99999999999989      -0.68983253071292294     
   144.79999999999990        1.9181231442974691     
   145.59999999999991        3.0214383021338285     
   146.39999999999992        1.1439242934629670     
   147.19999999999993       -1.6454572547367752     
   147.99999999999994       -3.1755787264683297     
   148.79999999999995       -1.3571466323465740     
   149.59999999999997        1.5134735064037259     
   150.39999999999998        3.2250325719163024     
   151.19999999999999        1.4741458314849993     
   152.00000000000000       -1.3758342709284379     
   152.80000000000001       -3.1880108924126951     
   153.60000000000002       -1.6295869558105807     
   154.40000000000003        1.1176231072784661     
   155.20000000000005        3.0677004061120559     
   156.00000000000006        1.9004502923973323     
   156.80000000000007      -0.66833731721721668     
   157.60000000000008       -2.8256891249538687     
   158.40000000000009       -2.3002091798466804     
   159.20000000000010        1.2230264427700810E-002
   160.00000000000011        2.4060258920610340     
   160.80000000000013        2.7296244257426574     
   161.60000000000014       0.67188196295506408     
   162.40000000000015       -1.9494193687819017     
   163.20000000000016       -3.0258281527671529     
   164.00000000000017       -1.1149624473118001     
   164.80000000000018        1.6868172248337647     
   165.60000000000019        3.1818992623796643     
   166.40000000000020        1.3189182813752938     
   167.20000000000022       -1.5645681988013096     
   168.00000000000023       -3.2334164520302950     
   168.80000000000024       -1.4269776684391982     
   169.60000000000025        1.4363542277532888     
   170.40000000000026        3.1995430179835185     
   171.20000000000027        1.5742691888430063     
   172.00000000000028       -1.1875754460775090     
   172.80000000000030       -3.0862856618245837     
   173.60000000000031       -1.8381542688165493     
   174.40000000000032       0.74862071959450471     
   175.20000000000033        2.8574547520461904     
   176.00000000000034        2.2367136453023062     
   176.80000000000035       -9.5369486147961702E-002
   177.60000000000036       -2.4480596303941744     
   178.40000000000038       -2.6810332410323299     
   179.20000000000039      -0.61723152410133375     
   180.00000000000040        1.9686480468710856     
   180.80000000000041        2.9971050539853521     
   181.60000000000042        1.1014164736576075     
   182.40000000000043       -1.6746835328690717     
   183.20000000000044       -3.1652350246493350     
   184.00000000000045       -1.3332755860523324     
   184.80000000000047        1.5362780179940514     
   185.60000000000048        3.2258382925828419     
   186.40000000000049        1.4515526871087157     
   187.20000000000050       -1.4079524437389144     
   188.00000000000051       -3.1984988629227473     
   188.80000000000052       -1.5959813687053077     
   189.60000000000053        1.1694612574600383     
   190.40000000000055        3.0898656968737415     
   191.20000000000056        1.8503670912177399     
   192.00000000000057      -0.74615793111946349     
   192.80000000000058       -2.8675231824598439     
   193.60000000000059       -2.2374646988633002     
   194.40000000000060       0.11046568195474782     
   195.20000000000061        2.4693682905586587     
   196.00000000000063        2.6756733215956392     
   196.80000000000064       0.59244947882977339     
   197.60000000000065       -1.9968054535217781     
   198.40000000000066       -2.9942687686897935     
   199.20000000000067       -1.0760797389169672     
   200.00000000000068        1.7043080676162634     
   200.80000000000069        3.1664018912137459     
   201.60000000000070        1.3066342570279201     
   202.40000000000072       -1.5699814213318777     
   203.20000000000073       -3.2305432813351018     
   204.00000000000074       -1.4201587710716426     
   204.80000000000075        1.4489189472851620     
   205.60000000000076        3.2068721545170167     
   206.40000000000077        1.5576202553243230     
   207.20000000000078       -1.2198493590594230     
   208.00000000000080       -3.1042777955193772     
   208.80000000000081       -1.8043772806400156     
   209.60000000000082       0.80790098713030845     
   210.40000000000083        2.8930818772964306     
   211.20000000000084        2.1871183883122551     
   212.00000000000085      -0.17992021999857721     
   212.80000000000086       -2.5069467401013834     
   213.60000000000088       -2.6339690356963352     
   214.40000000000089      -0.54002058432081990     
   215.20000000000090        2.0212888418138863     
   216.00000000000091        2.9693481962381210     
   216.80000000000092        1.0563410166865272     
   217.60000000000093       -1.7035025946355329     
   218.40000000000094       -3.1524063359547627     
   219.20000000000095       -1.3104235922608547     
   220.00000000000097        1.5554729489998671     
   220.80000000000098        3.2246661971092472     
   221.60000000000099        1.4327489648253793     
   222.40000000000100       -1.4343955477736241     
   223.20000000000101       -3.2071988078854705     
   224.00000000000102       -1.5675110869156144     
   224.80000000000103        1.2146229847170718     
   225.60000000000105        3.1095357750761878     
   226.40000000000106        1.8056148559672311     
   227.20000000000107      -0.81699874359399560     
   228.00000000000108       -2.9053485482076105     
   228.80000000000109       -2.1782450542175411     
   229.60000000000110       0.20476120419337462     
   230.40000000000111        2.5303998358180699     
   231.20000000000113        2.6209402108580209     
   232.00000000000114       0.50942885646858693     
   232.80000000000115       -2.0488038335715761     
   233.60000000000116       -2.9613241519271640     
   234.40000000000117       -1.0317185372259698     
   235.20000000000118        1.7268873069020654     
   236.00000000000119        3.1499056461586692     
   236.80000000000121        1.2901686960396459     
   237.60000000000122       -1.5786669490542122     
   238.40000000000123       -3.2267218015724097     
   239.20000000000124       -1.4110817089066066     
   240.00000000000125        1.4628977511481276     
   240.80000000000126        3.2133912771523354     
   241.60000000000127        1.5400477476272116     
   242.40000000000128       -1.2522163331319009     
   243.20000000000130       -3.1211746232461017     
   244.00000000000131       -1.7703432095814446     
   244.80000000000132       0.86636518650070204     
   245.60000000000133        2.9266499065172780     
   246.40000000000134        2.1367302568841127     
   247.20000000000135      -0.26463222597326430     
   248.00000000000136       -2.5642834222790807     
   248.80000000000138       -2.5836420367753683     
   249.60000000000139      -0.45858017351592650     
   250.40000000000140        2.0765002355133242     
   251.20000000000141        2.9384480759909377     
   252.00000000000142        1.0077822829289422     
   252.80000000000143       -1.7333847224560679     
   253.60000000000144       -3.1373494937695647     
   254.40000000000146       -1.2871624959622519     
   255.20000000000147        1.5727858717433845     
   256.00000000000148        3.2217129818249015     
   256.80000000000149        1.4162379240150234     
   257.60000000000150       -1.4568308082883434     
   258.40000000000151       -3.2143594119210182     
   259.20000000000152       -1.5427894597337179     
   260.00000000000153        1.2546513109732287     
   260.80000000000155        3.1271602072848550     
   261.60000000000156        1.7650226460855851     
   262.40000000000157      -0.88217879816950395     
   263.20000000000158       -2.9397536453830311     
   264.00000000000159       -2.1219555708513478     
   264.80000000000160       0.29535427150478899     
   265.60000000000161        2.5886814618424636     
   266.40000000000163        2.5652864281570116     
   267.20000000000164       0.42327329395648672     
   268.00000000000165       -2.1045683421837391     
   268.80000000000166       -2.9265378659404080     
   269.60000000000167      -0.98225681527254016     
   270.40000000000168        1.7538441924127715     
   271.20000000000169        3.1321349989317562     
   272.00000000000171        1.2701056459918061     
   272.80000000000172       -1.5897631336684943     
   273.60000000000173       -3.2217750654265735     
   274.40000000000174       -1.4005063915178158     
   275.20000000000175        1.4773346904798028     
   276.00000000000176        3.2189607691962268     
   276.80000000000177        1.5224107136715923     
   277.60000000000178       -1.2837185335397092     
   278.40000000000180       -3.1368669977360044     
   279.20000000000181       -1.7369319340289633     
   280.00000000000182       0.92308112426936528     
   280.80000000000183        2.9580156855538875     
   281.60000000000184        2.0864967113708928     
   282.40000000000185      -0.34835406711958727     
   283.20000000000186       -2.6194767067153841     
   284.00000000000188       -2.5308196338740023     
   284.80000000000189      -0.37347730432736981     
   285.60000000000190        2.1342913033924833     
   286.40000000000191        2.9045365274853192     
   287.20000000000192       0.95516618497375205     
   288.00000000000193       -1.7652908593187733     
   288.80000000000194       -3.1201963766671348     
   289.60000000000196       -1.2625132575885663     
   290.40000000000197        1.5893798596731425     
   291.20000000000198        3.2170787722897338     
   292.00000000000199        1.4010115179953657     
   292.80000000000200       -1.4763496832258509     
   293.60000000000201       -3.2201107989302606     
   294.40000000000202       -1.5209268023380136     
   295.20000000000203        1.2905227978702922     
   296.00000000000205        3.1430241534358294     
   296.80000000000206        1.7278635584916926     
   297.60000000000207      -0.94252998717124958     
   298.40000000000208       -2.9711600429695086     
   299.20000000000209       -2.0682857536283508     
   300.00000000000210       0.38231560238850060     
   300.80000000000211        2.6439222210327498     
   301.60000000000213        2.5088162992362748     
   302.40000000000214       0.33451815243502647     
   303.20000000000215       -2.1633416147788949     
   304.00000000000216       -2.8895758315252942     
   304.80000000000217      -0.92787283661055531     
   305.60000000000218        1.7848162921673145     
   306.40000000000219        3.1128775202897447     
   307.20000000000221        1.2466907391474142     
   308.00000000000222       -1.6028345674890352     
   308.80000000000223       -3.2155688484187577     
   309.60000000000224       -1.3888199025118828     
   310.40000000000225        1.4916887392351210     
   311.20000000000226        3.2234793754758044     
   312.00000000000227        1.5052176386683151     
   312.80000000000229       -1.3137722959964360     
   313.60000000000230       -3.1513112743563818     
   314.40000000000231       -1.7047067939433416     
   315.20000000000232       0.97746174349085369     
   316.00000000000233        2.9871537416045526     
   316.80000000000234        2.0371049508549079     
   317.60000000000235      -0.43021900394858203     
   318.40000000000236       -2.6720805563943593     
   319.20000000000238       -2.4762075006837101     
   320.00000000000239      -0.28543324852334928     
   320.80000000000240        2.1943267007018492     
   321.60000000000241        2.8676667651975456     
   322.40000000000242       0.89815901889602623     
   323.20000000000243       -1.7998420899500354     
   324.00000000000244       -3.1010009249627131     
   324.80000000000246       -1.2357834997469102     
   325.60000000000247        1.6060656712885559     
   326.40000000000248        3.2108116473864565     
   327.20000000000249        1.3863587647320939     
   328.00000000000250       -1.4936950825115549     
   328.80000000000251       -3.2245168166258633     
   329.60000000000252       -1.5013320049351515     
   330.40000000000254        1.3228735661045485     
   331.20000000000255        3.1573172690523643     
   332.00000000000256        1.6936779810578719     
   332.80000000000257      -0.99858984212089030     
   333.60000000000258       -2.9998887146137663     
   334.40000000000259       -2.0170905715156415     
   335.20000000000260       0.46563111303656868     
   336.00000000000261        2.6959477533950169     
   336.80000000000263        2.4517861805084009     
   337.60000000000264       0.24380697645688976     
   338.40000000000265       -2.2243356202672593     
   339.20000000000266       -2.8501991395349275     
   340.00000000000267      -0.86867176463092344     
   340.80000000000268        1.8196170556695921     
   341.60000000000269        3.0919618556376367     
   342.40000000000271        1.2199781695855783     
   343.20000000000272       -1.6177018958121949     
   344.00000000000273       -3.2080016101559923     
   344.80000000000274       -1.3761765347539623     
   345.60000000000275        1.5056823177253580     
   346.40000000000276        3.2268706279722492     
   347.20000000000277        1.4887514485054356     
   348.00000000000279       -1.3420347798881580     
   348.80000000000280       -3.1645010220344902     
   349.60000000000281       -1.6740228057006188     
   350.40000000000282        1.0291470343175229     
   351.20000000000283        3.0141117280550400     
   352.00000000000284        1.9890541643340776     
   352.80000000000285      -0.50959036457468732     
   353.60000000000286       -2.7217984773636523     
   354.40000000000288       -2.4204612669826435     
   355.20000000000289      -0.19527707545698192     
   356.00000000000290        2.2560158467052074     
   356.80000000000291        2.8278654988126859     
   357.60000000000292       0.83659898367656593     
   358.40000000000293       -1.8374345464455808     
   359.20000000000294       -3.0797675733942178     
   360.00000000000296       -1.2064568245332552     
   360.80000000000297        1.6234450611012416     
   361.60000000000298        3.2029322666944866     
   362.40000000000299        1.3717383714432971     
   363.20000000000300       -1.5094115758372020     
   364.00000000000301       -3.2276038831816183     
   364.80000000000302       -1.4835818362024529     
   365.60000000000304        1.3521460575973141     
   366.40000000000305        3.1701716148010948     
   367.20000000000306        1.6621570430992296     
   368.00000000000307       -1.0507274496788392     
   368.80000000000308       -3.0261990494113542     
   369.60000000000309       -1.9683084766606131     
   370.40000000000310       0.54526348744607622     
   371.20000000000312        2.7446831615773899     
   372.00000000000313        2.3945319744161173     
   372.80000000000314       0.15186557225295294     
   373.60000000000315       -2.2867062217521705     
   374.40000000000316       -2.8082568010550988     
   375.20000000000317      -0.80474432480889924     
   376.00000000000318        1.8581533906806929     
   376.80000000000319        3.0692435817659107     
   377.60000000000321        1.1899000878674455     
   378.40000000000322       -1.6343601933919021     
   379.20000000000323       -3.1989970881201311     
   380.00000000000324       -1.3625659870059239     
   380.80000000000325        1.5192274181026606     
   381.60000000000326        3.2290746189756678     
   382.40000000000327        1.4731306883449582     
   383.20000000000329       -1.3683376479874862     
   384.00000000000330       -3.1764497858765814     
   384.80000000000331       -1.6450818002928322     
   385.60000000000332        1.0779413541904583     
   386.40000000000333        3.0389815988288804     
   387.20000000000334        1.9426935525789939     
   388.00000000000335      -0.58602687679817000     
   388.80000000000337       -2.7684708083383889     
   389.60000000000338       -2.3641765780069610     
   390.40000000000339      -0.10388466562327858     
   391.20000000000340        2.3186070386008257     
   392.00000000000341        2.7851727642322075     
   392.80000000000342       0.77044716951077818     
   393.60000000000343       -1.8783195573831595     
   394.40000000000344       -3.0564675871761207     
   395.20000000000346       -1.1741147109939538     
   396.00000000000347        1.6420097882913223     
   396.80000000000348        3.1934466830532480     
   397.60000000000349        1.3566925209488745     
   398.40000000000350       -1.5239463237746946     
   399.20000000000351       -3.2293769329645978     
   400.00000000000352       -1.4673336174329394     
   400.80000000000354        1.3786856397520642     
   401.60000000000355        3.1816821603065666     
   402.40000000000356        1.6330657005879139     
   403.20000000000357       -1.0992252540445879     
   404.00000000000358       -3.0503104491797148     
   404.80000000000359       -1.9219065780684046     
   405.60000000000360       0.62119257746000489     
   406.40000000000362        2.7901374043375542     
   407.20000000000363        2.3374130788362537     
   408.00000000000364        5.9451983625725013E-002
   408.80000000000365       -2.3495820742177767     
   409.60000000000366       -2.7636882967506113     
   410.40000000000367      -0.73619511161986395     
   411.20000000000368        1.9003832555394786     
   412.00000000000369        3.0445943555212671     
   412.80000000000371        1.1563004262958185     
   413.60000000000372       -1.6529370280835924     
   414.40000000000373       -3.1884973678448194     
   415.20000000000374       -1.3478497364328472     
   416.00000000000375        1.5323857395450342     
   416.80000000000376        3.2300423501281283     
   417.60000000000377        1.4583427738031505     
   418.40000000000379       -1.3926500897652612     
   419.20000000000380       -3.1871794657244159     
   420.00000000000381       -1.6179646724120187     
   420.80000000000382        1.1237752630009479     
   421.60000000000383        3.0618792208293879     
   422.40000000000384        1.8982473925804757     
   423.20000000000385      -0.65925274401807110     
   424.00000000000387       -2.8120519502749270     
   424.80000000000388       -2.3078755712682422     
   425.60000000000389       -1.2116629033413151E-002
   426.40000000000390        2.3812828342543950     
   427.20000000000391        2.7396721652413305     
   428.00000000000392       0.69975801223151146     
   428.80000000000393       -1.9226513111739902     
   429.60000000000394       -3.0310467992029873     
   430.40000000000396       -1.1383868567565048     
   431.20000000000397        1.6622025764862747     
   432.00000000000398        3.1823511224183694     
   432.80000000000399        1.3407949596880022     
   433.60000000000400       -1.5377093317756256     
   434.40000000000401       -3.2298275629465882     
   435.20000000000402       -1.4522732322744190     
   436.00000000000404        1.4027972628040180     
   436.80000000000405        3.1919170118778357     
   437.60000000000406        1.6061983460254756     
   438.40000000000407       -1.1443254110117140     
   439.20000000000408       -3.0724126476627429     
   440.00000000000409       -1.8778507622823830     
   440.80000000000410       0.69343307054556336     
   441.60000000000412        2.8323850928844920     
   442.40000000000413        2.2807756342107623     
   443.20000000000414       -3.2694247320942615E-002
   444.00000000000415       -2.4121157727902043     
   444.80000000000416       -2.7165293310545646     
   445.60000000000417      -0.66316518931745350     
   446.40000000000418        1.9462799056941349     
   447.20000000000420        3.0178919817130820     
   448.00000000000421        1.1189605676842387     
   448.80000000000422       -1.6736582208606596     
   449.60000000000423       -3.1764549814392851     
   450.40000000000424       -1.3317916209579925     
   451.20000000000425        1.5453340839505993     
   452.00000000000426        3.2297309456311263     
   452.80000000000427        1.4442729831597216     
   453.60000000000429       -1.4150461279573745     
   454.40000000000430       -3.1967115734345937     
   455.20000000000431       -1.5926607565081521     
   456.00000000000432        1.1666712609208987     
   456.80000000000433        3.0829286567639391     
   457.60000000000434        1.8558416797458626     
   458.40000000000435      -0.72912215706955097     
   459.20000000000437       -2.8525821462304295     
   460.00000000000438       -2.2520027186427134     
   460.80000000000439        7.9228858956238213E-002
   461.60000000000440        2.4432435065551985     
   462.40000000000441        2.6915131371120093     
   463.20000000000442       0.62467277382080377     
   464.00000000000443       -1.9704994129948163     
   464.80000000000445       -3.0034282461740371     
   465.60000000000446       -1.0989300852179600     
   466.40000000000447        1.6844418373404655     
   467.20000000000448        3.1696315960423433     
   468.00000000000449        1.3236302691938557     
   468.80000000000450       -1.5510974851298647     
   469.60000000000451       -3.2289375969657161     
   470.40000000000452       -1.4380939232474617     
   471.20000000000454        1.4247681839922162     
   472.00000000000455        3.2009219816154584     
   472.80000000000456        1.5813621568539151     
   473.60000000000457       -1.1862467573350828     
   474.40000000000458       -3.0926695273322737     
   475.20000000000459       -1.8360982148081861     
   476.00000000000460       0.76203127829100303     
   476.80000000000462        2.8715465201207029     
   477.60000000000463        2.2249362534359562     
   478.40000000000464      -0.12388799903948788     
   479.20000000000465       -2.4735334819504420     
   480.00000000000466       -2.6669168877564959     
   480.80000000000467      -0.58586124943435047     
   481.60000000000468        1.9957861150481166     
   482.40000000000470        2.9890121048583955     
   483.20000000000471        1.0776301301200149     
   484.00000000000472       -1.6968070446837995     
   484.80000000000473       -3.1628245072591388     
   485.60000000000474       -1.3140934258323249     
   486.40000000000475        1.5583236381159840     
   487.20000000000476        3.2280995321466897     
   488.00000000000477        1.4307382414826799     
   488.80000000000479       -1.4356669351476730     
   489.60000000000480       -3.2050608258517359     
   490.40000000000481       -1.5691012292291098     
   491.20000000000482        1.2067064572549784     
   492.00000000000483        3.1022503348856727     
   492.80000000000484        1.8155363132949263     
   493.60000000000485      -0.79557746713081245     
   494.40000000000487       -2.8901591044336428     
   495.20000000000488       -2.1969336580990895     
   496.00000000000489       0.16944052295007461     
   496.80000000000490        2.5037679634472534     
   497.60000000000491        2.6409256376465482     
   498.40000000000492       0.54543408323446974     
   499.20000000000493       -2.0218297739076960     
   500.00000000000495       -2.9735138651868320     
   500.80000000000496       -1.0554319737660058     
   501.60000000000497        1.7091170980538781     
   502.40000000000498        3.1552613516876336     
   503.20000000000499        1.3047969877444880     
   504.00000000000500       -1.5644917697219718     
   504.80000000000501       -3.2266806377597144     
   505.60000000000502       -1.4244973017693572     
   506.40000000000504        1.4448669016079929     
   507.20000000000505        3.2087228979307523     
   508.00000000000506        1.5583794589971598     
   508.80000000000507       -1.2251822328714717     
   509.60000000000508       -3.1112204278137710     
   510.40000000000509       -1.7966051000018943     
   511.20000000000510       0.82704872937645391     
   512.00000000000512        2.9077691217443076     
   512.80000000000507        2.1701817959721659     
   513.60000000000502      -0.21351570344392723     
   514.40000000000498       -2.5331704498221979     
   515.20000000000493       -2.6150904975027554     
   516.00000000000489      -0.50459079990620470     
   516.80000000000484        2.0487582413391530     
   517.60000000000480        2.9578241395637788     
   518.40000000000475        1.0320635640320510     
   519.20000000000471       -1.7226781622500498     
   520.00000000000466       -3.1475555026835709     
   520.80000000000462       -1.2944332383617843     
   521.60000000000457        1.5716367766029498     
   522.40000000000452        3.2251065280124758     
   523.20000000000448        1.4175222634433435     
   524.00000000000443       -1.4546824446088698     
   524.80000000000439       -3.2122314893836750     
   525.60000000000434       -1.5471923037506068     
   526.40000000000430        1.2439766947333526     
   527.20000000000425        3.1199535733754438     
   528.00000000000421        1.7773575212360353     
   528.80000000000416      -0.85860845732264468     
   529.60000000000412       -2.9249143099151675     
   530.40000000000407       -2.1429916559468820     
   531.20000000000402       0.25789955467988390     
   532.00000000000398        2.5622500225244078     
   532.80000000000393        2.5882258400794602     
   533.60000000000389       0.46241057778640204     
   534.40000000000384       -2.0764675536487411     
   535.20000000000380       -2.9411892507059867     
   536.00000000000375       -1.0076290455651624     
   536.80000000000371        1.7365692448087704     
   537.60000000000366        3.1391989913600531     
   538.40000000000362        1.2839217569494326     
   539.20000000000357       -1.5782432096225734     
   540.00000000000352       -3.2230236303775754     
   540.80000000000348       -1.4112031920064563     
   541.60000000000343        1.4633334175224617     
   542.40000000000339        3.2153279555235246     
   543.20000000000334        1.5370962514636841     
   544.00000000000330       -1.2612905053005004     
   544.80000000000325       -3.1281817431670604     
   545.60000000000321       -1.7593380813326753     
   546.40000000000316       0.88854430828702569     
   547.20000000000312        2.9412134732640829     
   548.00000000000307        2.1167757219334122     
   548.80000000000302      -0.30103989531425324     
   549.60000000000298       -2.5904901529639210     
   550.40000000000293       -2.5613860702817868     
   551.20000000000289      -0.41979277087309841     
   552.00000000000284        2.1049126994351042     
   552.80000000000280        2.9241939626966973     
   553.60000000000275       0.98205511829900383     
   554.40000000000271       -1.7515368082747158     
   555.20000000000266       -3.1305885859448752     
   556.00000000000261       -1.2724972231099727     
   556.80000000000257        1.5855528999217920     
   557.60000000000252        3.2207091162874688     
   558.40000000000248        1.4044023368524876     
   559.20000000000243       -1.4722632338940229     
   560.00000000000239       -3.2182167414922231     
   560.80000000000234       -1.5268387874413181     
   561.60000000000230        1.2785718718358123     
   562.40000000000225        3.1361335792931824     
   563.20000000000221        1.7413212353401493     
   564.00000000000216      -0.91822294240641833     
   564.80000000000211       -2.9569967191147342     
   565.60000000000207       -2.0904619779349423     
   566.40000000000202       0.34407720397094632     
   567.20000000000198        2.6182148096437352     
   568.00000000000193        2.5338100021352572     
   568.80000000000189       0.37611481216326403     
   569.60000000000184       -2.1340630210716678     
   570.40000000000180       -2.9063339793072358     
   571.20000000000175      -0.95532622127243938     
   572.00000000000171        1.7670723193239395     
   572.80000000000166        3.1213889967148178     
   573.60000000000161        1.2606703299407407     
   574.40000000000157       -1.5926640431981696     
   575.20000000000152       -3.2179295555952092     
   576.00000000000148       -1.3979545620394962     
   576.80000000000143        1.4803760196296758     
   577.60000000000139        3.2207311428827010     
   578.40000000000134        1.5173842868844085     
   579.20000000000130       -1.2946949352373109     
   580.00000000000125       -3.1436499344765170     
   580.80000000000121       -1.7242786968344610     
   581.60000000000116       0.94656581883121071     
   582.40000000000111        2.9720450397549198     
   583.20000000000107        2.0649608754426745     
   584.00000000000102      -0.38600122592431907     
   584.80000000000098       -2.6450904831825448     
   585.60000000000093       -2.5062187328875529     
   586.40000000000089      -0.33204925488537951     
   587.20000000000084        2.1637926584292915     
   588.00000000000080        2.8879941439048542     
   588.80000000000075       0.92746290019345290     
   589.60000000000070       -1.7835945056376148     
   590.40000000000066       -3.1118551838495190     
   591.20000000000061       -1.2479956909296583     
   592.00000000000057        1.6003338210381828     
   592.80000000000052        3.2148649157409750     
   593.60000000000048        1.3911593070358401     
   594.40000000000043       -1.4885719199457046     
   595.20000000000039       -3.2230005726267832     
   596.00000000000034       -1.5079504825662071     
   596.80000000000030        1.3105699983359207     
   597.60000000000025        3.1508719404711893     
   598.40000000000020        1.7074405350825921     
   599.20000000000016      -0.97443546759278155     
   600.00000000000011       -2.9865636200365668     
   600.80000000000007       -2.0395962964617480     
   601.60000000000002       0.42753458259556387     
   602.39999999999998        2.6713218038917153     
   603.19999999999993        2.4781345634675844     
   603.99999999999989       0.28719907739312323     
   604.79999999999984       -2.1940806223773155     
   605.59999999999980       -2.8688376264388511     
   606.39999999999975      -0.89840679665064682     
   607.19999999999970        1.8008290157274924     
   607.99999999999966        3.1017645922330521     
   608.79999999999961        1.2347459228185664     
   609.59999999999957       -1.6080344724325240     
   610.39999999999952       -3.2113611168881908     
   611.19999999999948       -1.3845094288077928     
   611.99999999999943        1.4961831911118550     
   612.79999999999939        3.2249165516117682     
   613.59999999999934        1.4991299352668439     
   614.39999999999930       -1.3254966547155056     
   615.19999999999925       -3.1577054642975702     
   615.99999999999920       -1.6914151307831675     
   616.79999999999916        1.0011557905416164     
   617.59999999999911        3.0004305194349130     
   618.39999999999907        2.0149531143815760     
   619.19999999999902      -0.46802449854490868     
   619.99999999999898       -2.6967008962743679     
   620.79999999999893       -2.4500538022042271     
   621.59999999999889      -0.24206869175877310     
   622.39999999999884        2.2247689727616429     
   623.19999999999879        2.8491201646250870     
   623.99999999999875       0.86821707011375016     
   624.79999999999870       -1.8190058414450478     
   625.59999999999866       -3.0912796407606105     
   626.39999999999861       -1.2206605948807998     
   627.19999999999857        1.6162310376228746     
   627.99999999999852        3.2075347369282934     
   628.79999999999848        1.3775695262934025     
   629.59999999999843       -1.5037749438812837     
   630.39999999999839       -3.2265609761500000     
   631.19999999999834       -1.4904312011595682     
   631.99999999999829        1.3400497164196032     
   632.79999999999825        3.1642386916525167     
   633.59999999999820        1.6757173745593832     
   634.39999999999816       -1.0272731377856252     
   635.19999999999811       -3.0137761167485229     
   635.99999999999807       -1.9906058681546588     
   636.79999999999802       0.50792796558955144     
   637.59999999999798        2.7213588761649592     
   638.39999999999793        2.4216845392254633     
   639.19999999999789       0.19642301685242813     
   639.99999999999784       -2.2558224885536071     
   640.79999999999779       -2.8286193757695126     
   641.59999999999775      -0.83682975349735722     
   642.39999999999770        1.8379817446541478     
   643.19999999999766        3.0802511640141268     
   643.99999999999761        1.2058742403841847     
   644.79999999999757       -1.6246243383053076     
   645.59999999999752       -3.2032841003753294     
   646.39999999999748       -1.3706210374566887     
   647.19999999999743        1.5109485049828666     
   647.99999999999739        3.2278625170242607     
   648.79999999999734        1.4822121743934575     
   649.59999999999729       -1.3537988258388194     
   650.39999999999725       -3.1704162279096781     
   651.19999999999720       -1.6607242702726177     
   651.99999999999716        1.0523677520222332     
   652.79999999999711        3.0265360969606179     
   653.59999999999707        1.9669277674063514     
   654.39999999999702      -0.54682769193378622     
   655.19999999999698       -2.7451723973662547     
   655.99999999999693       -2.3933702321843113     
   656.79999999999688      -0.15064188129349843     
   657.59999999999684        2.2870780544068783     
   658.39999999999679        2.8075094521048278     
   659.19999999999675       0.80431519607382551     
   659.99999999999670       -1.8578802884123253     
   660.79999999999666       -3.0687811796964244     
   661.59999999999661       -1.1902302578554873     
   662.39999999999657        1.6335065992954330     
   663.19999999999652        3.1986845119669822     
   663.99999999999648        1.3633864446815873     
   664.79999999999643       -1.5180654674550875     
   665.59999999999638       -3.2288728455052613     
   666.39999999999634       -1.4741586622806222     
   667.19999999999629        1.3671120535161074     
   667.99999999999625        3.1762939130880063     
   668.79999999999620        1.6461266023257379     
   669.59999999999616       -1.0767896655793709     
   670.39999999999611       -3.0387959534453799     
   671.19999999999607       -1.9436496867089663     
   671.99999999999602       0.58501481489014573     
   672.79999999999598        2.7682289449976447     
   673.59999999999593        2.3649377215821299     
   674.39999999999588       0.10459995098561414     
   675.19999999999584       -2.3184835200395035     
   675.99999999999579       -2.7856481220416667     
   676.79999999999575      -0.77062017942591154     
   677.59999999999570        1.8786300078033431     
   678.39999999999566        3.0567679005906738     
   679.19999999999561        1.1737832522038523     
   679.99999999999557       -1.6427188313719050     
   680.79999999999552       -3.1936686449641147     
   681.59999999999548       -1.3560159581773839     
   682.39999999999543        1.5248970227261309     
   683.19999999999538        3.2295443935243116     
   683.99999999999534        1.4664796913348730     
   684.79999999999529       -1.3797311490514406     
   685.59999999999525       -3.1818391825375727     
   686.39999999999520       -1.6321535898200485     
   687.19999999999516        1.1002826747712962     
   687.99999999999511        3.0505250233354166     
   688.79999999999507        1.9210070563048294     
   689.59999999999502      -0.62222674244513621     
   690.39999999999498       -2.7904608525544630     
   691.19999999999493       -2.3366257124263541     
   691.99999999999488       -5.8583915504240913E-002
   692.79999999999484        2.3498860158418813     
   693.59999999999479        2.7631599357193486     
   694.39999999999475       0.73581491679699740     
   695.19999999999470       -1.9002946218420993     
   695.99999999999466       -3.0442735556629001     
   696.79999999999461       -1.1564333084151541     
   697.59999999999457        1.6524524315559970     
   698.39999999999452        3.1882846837982672     
   699.19999999999447        1.3483247708499333     
   699.99999999999443       -1.5316823566740732     
   700.79999999999438       -3.2299093888264716     
   701.59999999999434       -1.4589680537746239     
   702.39999999999429        1.3918975837188778     
   703.19999999999425        3.1870876576436231     
   703.99999999999420        1.6186040143272247     
   704.79999999999416       -1.1230752785261093     
   705.59999999999411       -3.0617814083205195     
   706.39999999999407       -1.8988274936551410     
   707.19999999999402       0.65865196779889734     
   707.99999999999397        2.8119301559307504     
   708.79999999999393        2.3083352481440489     
   709.59999999999388        1.2538469128760887E-002
   710.39999999999384       -2.3812229504789331     
   711.19999999999379       -2.7399604559480837     
   711.99999999999375      -0.69986396191407785     
   712.79999999999370        1.9228389558923444     
   713.59999999999366        3.0312264545676300     
   714.39999999999361        1.1381896865368317     
   715.19999999999357       -1.6626336714012917     
   715.99999999999352       -3.1824873714597679     
   716.79999999999347       -1.3403821458414829     
   717.59999999999343        1.5382993834001435     
   718.39999999999338        3.2299353814744358     
   719.19999999999334        1.4517386472139333     
   719.99999999999329       -1.4034622974080437     
   720.79999999999325       -3.1920198758984597     
   721.59999999999320       -1.6056132370044871     
   722.39999999999316        1.1450148878410307     
   723.19999999999311        3.0725534624253692     
   723.99999999999307        1.8772573878688799     
   724.79999999999302      -0.69412844001693275     
   725.59999999999297       -2.8326048500150351     
   726.39999999999293       -2.2802332499522810     
   727.19999999999288        3.3319715643825187E-002
   727.99999999999284        2.4123602398639821     
   728.79999999999279        2.7161458676549950     
   729.59999999999275       0.66283566140059591     
   730.39999999999270       -1.9462904758288806     
   731.19999999999266       -3.0176621240126922     
   731.99999999999261       -1.1189837000570280     
   732.79999999999256        1.6733943108865632     
   733.59999999999252        3.1763066148721513     
   734.39999999999247        1.3320582345690994     
   735.19999999999243       -1.5449128642575369     
   735.99999999999238       -3.2296418358524335     
   736.79999999999234       -1.4446494312438820     
   737.59999999999229        1.4145882892883517     
   738.39999999999225        3.1966583361243917     
   739.19999999999220        1.5930472123291488     
   739.99999999999216       -1.1662535973057713     
   740.79999999999211       -3.0828819641414773     
   741.59999999999206       -1.8561849135489847     
   742.39999999999202       0.72878035061499213     
   743.19999999999197        2.8525318794974535     
   743.99999999999193        2.2522667690138509     
   744.79999999999188       -7.9003711098971419E-002
   745.59999999999184       -2.4432333071810102     
   746.39999999999179       -2.6916749658996726     
   747.19999999999175      -0.62471619078483664     
   747.99999999999170        1.9706270584673251     
   748.79999999999166        3.0035276371469073     
   749.59999999999161        1.0988010749672259     
   750.39999999999156       -1.6847102664959388     
   751.19999999999152       -3.1697108489831258     
   751.99999999999147       -1.3233740104458473     
   752.79999999999143        1.5514660039991506     
   753.59999999999138        3.2290058152403689     
   754.39999999999134        1.4377570854469028     
   755.19999999999129       -1.4251942370706647     
   755.99999999999125       -3.2009907493009075     
   756.79999999999120       -1.5809830388976465     
   757.59999999999116        1.1867029134755385     
   758.39999999999111        3.0927654060906802     
   759.19999999999106        1.8357002086581982     
   759.99999999999102      -0.76250939443744792     
   760.79999999999097       -2.8717012490050617     
   761.59999999999093       -2.2245541894775545     
   762.39999999999088       0.12434921359598494     
   763.19999999999084        2.4737307344141493     
   763.99999999999079        2.6666295110315179     
   764.79999999999075       0.58557559025528549     
   765.59999999999070       -1.9958492038290268     
   766.39999999999065       -2.9888403463025446     
   767.19999999999061       -1.0775922858841775     
   767.99999999999056        1.6966755586250712     
   768.79999999999052        3.1627172222768776     
   769.59999999999047        1.3142339538345185     
   770.39999999999043       -1.5580762817715266     
   771.19999999999038       -3.2280382280989413     
   771.99999999999034       -1.4309607914966964     
   772.79999999999029        1.4353926406182378     
   773.59999999999025        3.2050307409838776     
   774.39999999999020        1.5693300333395066     
   775.19999999999015       -1.2064650592521948     
   775.99999999999011       -3.1022331051951069     
   776.79999999999006       -1.8157307208029090     
   777.59999999999002       0.79539797450334793     
   778.39999999998997        2.8901505058217269     
   779.19999999998993        2.1970714773772873     
   779.99999999998988      -0.16934514244083676     
   780.79999999998984       -2.5037929499352813     
   781.59999999998979       -2.6410015264592159     
   782.39999999998975      -0.54542450580755020     
   783.19999999998970        2.0219312873272455     
   783.99999999998965        2.9735590688180462     
   784.79999999998961        1.0553341177841364     
   785.59999999998956       -1.7092919099286159     
   786.39999999998952       -3.1553022890440161     
   787.19999999998947       -1.3046323864468534     
   787.99999999998943        1.5647246670693113     
   788.79999999998938        3.2267221035659888     
   789.59999999998934        1.4242827735332206     
   790.39999999998929       -1.4451424729281805     
   791.19999999998925       -3.2087697061723102     
   791.99999999998920       -1.5581305551701816     
   792.79999999998915        1.2254896054899600     
   793.59999999998911        3.1112884808327905     
   794.39999999998906        1.7963323239744757     
   795.19999999998902      -0.82738675442547427     
   795.99999999998897       -2.9078826893932508     
   796.79999999998893       -2.1699048599992796     
   797.59999999998888       0.21386604987954660     
   798.39999999998884        2.5333319856384513     
   799.19999999998879        2.6148669241568014     
