   0.0000000000000000      -0.94189446611176619     
  0.80000000000000004       -1.1414415764097305     
   1.6000000000000001      -0.86636129990383193     
   2.4000000000000004      -0.56876849821487596     
   3.2000000000000002      -0.20370088203143433     
   4.0000000000000000       0.49572112708523786     
   4.7999999999999998        1.3379368925106094     
   5.5999999999999996        1.4529927347061360     
   6.3999999999999995       0.36289318837947859     
   7.1999999999999993       -1.3618180596254461     
   7.9999999999999991       -2.1957421499945298     
   8.7999999999999989      -0.97841854953836016     
   9.5999999999999996        1.3081970695362113     
   10.400000000000000        2.6381831755537508     
   11.200000000000001        1.2279450211547909     
   12.000000000000002       -1.4826385602365875     
   12.800000000000002       -2.9679748756900373     
   13.600000000000003       -1.1140301727816277     
   14.400000000000004        1.9637886365364468     
   15.200000000000005        3.1905263085824718     
   16.000000000000004       0.65978046887421327     
   16.800000000000004       -2.6722982527218742     
   17.600000000000005       -3.1185164893928059     
   18.400000000000006       -7.1603877525839188E-002
   19.200000000000006        3.2339576427452124     
   20.000000000000007        2.6279278417895093     
   20.800000000000008      -0.69627213911797847     
   21.600000000000009       -3.5545668536965520     
   22.400000000000009       -1.8099376815101946     
   23.200000000000010        1.3302133937620981     
   24.000000000000011        3.4476247678768877     
   24.800000000000011        1.3956731352034812     
   25.600000000000012       -1.7598755732461160     
   26.400000000000013       -3.4304634138747998     
   27.200000000000014       -1.0677048739501003     
   28.000000000000014        2.1091742376850293     
   28.800000000000015        3.3789450410665509     
   29.600000000000016       0.84235339920329366     
   30.400000000000016       -2.3310223150762281     
   31.200000000000017       -3.3080644350317159     
   32.000000000000014      -0.72524527820003692     
   32.800000000000011        2.4028848159965746     
   33.600000000000009        3.2483532182273631     
   34.400000000000006       0.70465616888499261     
   35.200000000000003       -2.3659413220092369     
   36.000000000000000       -3.2211919743377537     
   36.799999999999997      -0.75019618537110677     
   37.599999999999994        2.2805357555199008     
   38.399999999999991        3.2220742795664163     
   39.199999999999989       0.82230052272253618     
   39.999999999999986       -2.1904703535679366     
   40.799999999999983       -3.2357094195562630     
   41.599999999999980      -0.89227115289363379     
   42.399999999999977        2.1146482693307025     
   43.199999999999974        3.2502596136456541     
   43.999999999999972       0.95007701271990674     
   44.799999999999969       -2.0533346770049596     
   45.599999999999966       -3.2604883409797312     
   46.399999999999963      -0.99826692997903876     
   47.199999999999960        1.9988665686231406     
   47.999999999999957        3.2656139496189502     
   48.799999999999955        1.0435455196194523     
   49.599999999999952       -1.9431530116750140     
   50.399999999999949       -3.2666396826642017     
   51.199999999999946       -1.0919142077013002     
   51.999999999999943        1.8805338836530341     
   52.799999999999940        3.2646404401485407     
   53.599999999999937        1.1473640589468599     
   54.399999999999935       -1.8077114734830864     
   55.199999999999932       -3.2600675240782970     
   55.999999999999929       -1.2123562467622544     
   56.799999999999926        1.7226679340939439     
   57.599999999999923        3.2526643882873456     
   58.399999999999920        1.2887111968355449     
   59.199999999999918       -1.6236638836679704     
   59.999999999999915       -3.2415851014337171     
   60.799999999999912       -1.3782743832393445     
   61.599999999999909        1.5086677618463229     
   62.399999999999906        3.2254892088608695     
   63.199999999999903        1.4832026061775285     
   63.999999999999901       -1.3751928115433913     
   64.799999999999898       -3.2025524067094326     
   65.599999999999895       -1.6058904733452026     
   66.399999999999892        1.2204302006541452     
   67.199999999999889        3.1704250934811702     
   67.999999999999886        1.7485667131163360     
   68.799999999999883       -1.0416153298195820     
   69.599999999999881       -3.1262303096569442     
   70.399999999999878       -1.9125484225704752     
   71.199999999999875       0.83675061572289344     
   71.999999999999872        3.0668514194396446     
   72.799999999999869        2.0970489163444785     
   73.599999999999866      -0.60639467824256510     
   74.399999999999864       -2.9903204595479300     
   75.199999999999861       -2.2972105624052452     
   75.999999999999858       0.35828138881399063     
   76.799999999999855        2.9001714180056251     
   77.599999999999852        2.5011616408917314     
   78.399999999999849      -0.11545249887802278     
   79.199999999999847       -2.8133405466977077     
   79.999999999999844       -2.6881836915570787     
   80.799999999999841       -8.1088273793030297E-002
   81.599999999999838        2.7612102494264299     
   82.399999999999835        2.8330351407116856     
   83.199999999999832       0.19250150094332108     
   83.999999999999829       -2.7661795374240836     
   84.799999999999827       -2.9163768525961244     
   85.599999999999824      -0.21373671162107222     
   86.399999999999821        2.8138983147264898     
   87.199999999999818        2.9356709303517308     
   87.999999999999815       0.17713195874840926     
   88.799999999999812       -2.8648962257768660     
   89.599999999999810       -2.9112418744233941     
   90.399999999999807      -0.12793753031485844     
   91.199999999999804        2.8890696373563620     
   91.999999999999801        2.8770688078993309     
   92.799999999999798       0.10294363592979883     
   93.599999999999795       -2.8783694035491205     
   94.399999999999793       -2.8619478334225579     
   95.199999999999790      -0.11978117561569901     
   95.999999999999787        2.8399468883604353     
   96.799999999999784        2.8775837490572740     
   97.599999999999781       0.17377524852777171     
   98.399999999999778       -2.7890568684269663     
   99.199999999999775       -2.9181139838543384     
   99.999999999999773      -0.24339140264594894     
   100.79999999999977        2.7437052024511854     
   101.59999999999977        2.9676196859445869     
   102.39999999999976       0.30370030068947829     
   103.19999999999976       -2.7167645921355938     
   103.99999999999976       -3.0101964858743004     
   104.79999999999976      -0.34087984834613216     
   105.59999999999975        2.7086605632431606     
   106.39999999999975        3.0374346766813378     
   107.19999999999975       0.35733249315005811     
   107.99999999999974       -2.7087926305904033     
   108.79999999999974       -3.0505650269836457     
   109.59999999999974      -0.36532623267914710     
   110.39999999999974        2.7048494231010487     
   111.19999999999973        3.0571582345453452     
   111.99999999999973       0.37693732812323155     
   112.79999999999973       -2.6906780509478221     
   113.59999999999972       -3.0650615379423605     
   114.39999999999972      -0.39765887296793689     
   115.19999999999972        2.6675594877399362     
   115.99999999999972        3.0779787732660173     
   116.79999999999971       0.42574783711285491     
   117.59999999999971       -2.6408557553239085     
   118.39999999999971       -3.0950006995480157     
   119.19999999999970      -0.45581650417236341     
   119.99999999999970        2.6156508804468088     
   120.79999999999970        3.1129673777824878     
   121.59999999999970       0.48335353136684178     
   122.39999999999969       -2.5939613294950044     
   123.19999999999969       -3.1291631567538447     
   123.99999999999969      -0.50709339757603189     
   124.79999999999968        2.5746397768723930     
   125.59999999999968        3.1426543521200223     
   126.39999999999968       0.52848845067840111     
   127.19999999999968       -2.5552121231570442     
   127.99999999999967       -3.1540590334654004     
   128.79999999999967      -0.54975602950693592     
   129.59999999999968        2.5338077126597494     
   130.39999999999969        3.1645253421093993     
   131.19999999999970       0.57231357229765800     
   131.99999999999972       -2.5099280583942152     
   132.79999999999973       -3.1748524979235637     
   133.59999999999974      -0.59638349078772501     
   134.39999999999975        2.4840692704837148     
   135.19999999999976        3.1852153342420286     
   135.99999999999977       0.62148235674332897     
   136.79999999999978       -2.4569296540695880     
   137.59999999999980       -3.1953770419584058     
   138.39999999999981      -0.64709985765034128     
   139.19999999999982        2.4288571170036004     
   139.99999999999983        3.2050281356849299     
   140.79999999999984       0.67307579271547979     
   141.59999999999985       -2.3997455089524102     
   142.39999999999986       -3.2139907590835453     
   143.19999999999987      -0.69960039600521018     
   143.99999999999989        2.3692223114943696     
   144.79999999999990        3.2222401088921431     
   145.59999999999991       0.72702912425207300     
   146.39999999999992       -2.3368730667746314     
   147.19999999999993       -3.2298268337198461     
   147.99999999999994      -0.75571755539296959     
   148.79999999999995        2.3023534528764960     
   149.59999999999997        3.2367963689038568     
   150.39999999999998       0.78596296810354183     
   151.19999999999999       -2.2653813264878684     
   152.00000000000000       -3.2431499538288979     
   152.80000000000001      -0.81803202081733239     
   153.60000000000002        2.2256718874910781     
   154.40000000000003        3.2488428742556534     
   155.20000000000005       0.85221821030749423     
   156.00000000000006       -2.1828740849763077     
   156.80000000000007       -3.2537965643887072     
   157.60000000000008      -0.88889018879551518     
   158.40000000000009        2.1365305249915321     
   159.20000000000010        3.2579062875768283     
   160.00000000000011       0.92852203633676567     
   160.80000000000013       -2.0860549094702172     
   161.60000000000014       -3.2610378818926056     
   162.40000000000015      -0.97171455350212410     
   163.20000000000016        2.0307120633323033     
   164.00000000000017        3.2630144733605384     
   164.80000000000018        1.0192195746815287     
   165.60000000000019       -1.9695894576001245     
   166.40000000000020       -3.2635953518605971     
   167.20000000000022       -1.0719745477475850     
   168.00000000000023        1.9015562728030271     
   168.80000000000024        3.2624471916852578     
   169.60000000000025        1.1311487750307023     
   170.40000000000026       -1.8252117404333141     
   171.20000000000027       -3.2591053896595312     
   172.00000000000028       -1.1981975737135402     
   172.80000000000030        1.7388290893736205     
   173.60000000000031        3.2529219692392513     
   174.40000000000032        1.2749142208515045     
   175.20000000000033       -1.6403074372055468     
   176.00000000000034       -3.2429968729068248     
   176.80000000000035       -1.3634584828945142     
   177.60000000000036        1.5271531973138002     
   178.40000000000038        3.2280922327353414     
   179.20000000000039        1.4663223506638341     
   180.00000000000040       -1.3965235211703610     
   180.80000000000041       -3.2065355292530127     
   181.60000000000042       -1.5861704193846400     
   182.40000000000043        1.2453716773684778     
   183.20000000000044        3.1761299907715617     
   184.00000000000045        1.7254744231344716     
   184.80000000000047       -1.0707441114023379     
   185.60000000000048       -3.1341239695150906     
   186.40000000000049       -1.8858566235252696     
   187.20000000000050       0.87037477122275009     
   188.00000000000051        3.0774237035305014     
   188.80000000000052        2.0670198781593605     
   189.60000000000053      -0.64417622382634443     
   190.40000000000055       -3.0037145670029601     
   191.20000000000056       -2.2649630594294585     
   192.00000000000057       0.39823552888963931     
   192.80000000000058        2.9151889809580505     
   193.60000000000059        2.4691725269370757     
   194.40000000000060      -0.15256751923041678     
   195.20000000000061       -2.8261179470475413     
   196.00000000000063       -2.6603143237873152     
   196.80000000000064       -5.4167443624642875E-002
   197.60000000000065        2.7663384051035549     
   198.40000000000066        2.8133124812507408     
   199.20000000000067       0.18058597600652648     
   200.00000000000068       -2.7619916736314831     
   200.80000000000069       -2.9071583356339330     
   201.60000000000070      -0.21492529319836429     
   202.40000000000072        2.8051209558726642     
   203.20000000000073        2.9359796795369704     
   204.00000000000074       0.18474334290264149     
   204.80000000000075       -2.8580237819807781     
   205.60000000000076       -2.9165333597659764     
   206.40000000000077      -0.13487765370155991     
   207.20000000000078        2.8874983970505372     
   208.00000000000080        2.8817757422031041     
   208.80000000000081       0.10434034225467892     
   209.60000000000082       -2.8822104370071919     
   210.40000000000083       -2.8623786718737398     
   211.20000000000084      -0.11422580639206092     
   212.00000000000085        2.8474185096243452     
   212.80000000000086        2.8730815643530434     
   213.60000000000088       0.16333380907957995     
   214.40000000000089       -2.7973843318754517     
   215.20000000000090       -2.9105061301900452     
   216.00000000000091      -0.23214761450490240     
   216.80000000000092        2.7500816168253066     
   217.60000000000093        2.9597047753222347     
   218.40000000000094       0.29525105185444334     
   219.20000000000095       -2.7197984225127998     
   220.00000000000097       -3.0041809716747272     
   220.80000000000098      -0.33637549249814169     
   221.60000000000099        2.7091591790500948     
   222.40000000000100        3.0340351727757011     
   223.20000000000101       0.35549539593008062     
   224.00000000000102       -2.7088406951091746     
   224.80000000000103       -3.0490379589301120     
   225.60000000000105      -0.36396031678540863     
   226.40000000000106        2.7061557200975406     
   227.20000000000107        3.0561132940533455     
   228.00000000000108       0.37443257569258348     
   228.80000000000109       -2.6937101118097284     
   229.60000000000110       -3.0634378764855410     
   230.40000000000111      -0.39364748676495820     
   231.20000000000113        2.6717345222732010     
   232.00000000000114        3.0755138185692501     
   232.80000000000115       0.42086796675129490     
   233.60000000000116       -2.6452273229127168     
   234.40000000000117       -3.0920630972402412     
   235.20000000000118      -0.45097873178067527     
   236.00000000000119        2.6195599821928641     
   236.80000000000121        3.1100934145002732     
   237.60000000000122       0.47909477639173481     
   238.40000000000123       -2.5973181161290655     
   239.20000000000124       -3.1266864675809716     
   240.00000000000125      -0.50339877149077372     
   240.80000000000126        2.5777728522405168     
   241.60000000000127        3.1406032417191660     
   242.40000000000128       0.52502140007858600     
   243.20000000000130       -2.5585189962832575     
   244.00000000000131       -3.1522710436720640     
   244.80000000000132      -0.54618490182958723     
   245.60000000000133        2.5375032704740454     
   246.40000000000134        3.1628226675590669     
   247.20000000000135       0.56849180755051432     
   248.00000000000136       -2.5140091601900059     
   248.80000000000138       -3.1731479198714667     
   249.60000000000139      -0.59233933791525262     
   250.40000000000140        2.4884236891624214     
   251.20000000000141        3.1835164802242928     
   252.00000000000142       0.61731005716198339     
   252.80000000000143       -2.4614598822448706     
   253.60000000000144       -3.1937345504086609     
   254.40000000000146      -0.64286258999023094     
   255.20000000000147        2.4335396594720042     
   256.00000000000148        3.2034859096103174     
   256.80000000000149       0.66877232291173883     
   257.60000000000150       -2.4046218699793966     
   258.40000000000151       -3.2125661403873558     
   259.20000000000152      -0.69518338439753480     
   260.00000000000153        2.3743605534974734     
   260.80000000000155        3.2209297663707708     
   261.60000000000156       0.72243766631115491     
   262.40000000000157       -2.3423372086796039     
   263.20000000000158       -3.2286214227150216     
   264.00000000000159      -0.75089730032637814     
   264.80000000000160        2.3081944920756281     
   265.60000000000161        3.2356911851896695     
   266.40000000000163       0.78086848214255911     
   267.20000000000164       -2.2716441425986744     
   268.00000000000165       -3.2421482470832825     
   268.80000000000166      -0.81261893971940014     
   269.60000000000167        2.2324067137375683     
   270.40000000000168        3.2479546145173654     
   271.20000000000169       0.84643394829331697     
   272.00000000000171       -2.1901453689049677     
   272.80000000000172       -3.2530364906604747     
   273.60000000000173      -0.88266737767274561     
   274.40000000000174        2.1444219381458445     
   275.20000000000175        3.2572933874152357     
   276.00000000000176       0.92177449788741361     
   276.80000000000177       -2.0946725317718249     
   277.60000000000178       -3.2605966891242151     
   278.40000000000180      -0.96433383243033255     
   279.20000000000181        2.0401880933620711     
   280.00000000000182        3.2627778256433753     
   280.80000000000183        1.0110703175835583     
   281.60000000000184       -1.9800877572850841     
   282.40000000000185       -3.2636083535188520     
   283.20000000000186       -1.0628879684186616     
   284.00000000000188        1.9132799509245388     
   284.80000000000189        3.2627725381339188     
   285.60000000000190        1.1209143355849980     
   286.40000000000191       -1.8384121800149948     
   287.20000000000192       -3.2598305491094148     
   288.00000000000193       -1.1865538562774867     
   288.80000000000194        1.7538150427905803     
   289.60000000000196        3.2541688299595481     
   290.40000000000197        1.2615412462697237     
   291.20000000000198       -1.6574516192832329     
   292.00000000000199       -3.2449342625290289     
   292.80000000000200       -1.3479760120588014     
   293.60000000000201        1.5468920702771689     
   294.40000000000202        3.2309510541755779     
   295.20000000000203        1.4483021858024148     
   296.00000000000205       -1.4193442493728678     
   296.80000000000206       -3.2106249075909377     
   297.60000000000207       -1.5651745496788161     
   298.40000000000208        1.2717794135667129     
   299.20000000000209        3.1818500746308702     
   300.00000000000210        1.7011328593611856     
   300.80000000000211       -1.1011992370294106     
   301.60000000000213       -3.1419622626029042     
   302.40000000000214       -1.8579993758056841     
   303.20000000000215       0.90515932648697350     
   304.00000000000216        3.0878854144089445     
   304.80000000000217        2.0358907465958476     
   305.60000000000218      -0.68303321753927770     
   306.40000000000219       -3.0170186532255872     
   307.20000000000221       -2.2315819598313107     
   308.00000000000222       0.43944854286317314     
   308.80000000000223        2.9303803790741711     
   309.60000000000224        2.4358487601679744     
   310.40000000000225      -0.19153379846730756     
   311.20000000000226       -2.8396879295562973     
   312.00000000000227       -2.6308066696365819     
   312.80000000000229       -2.4769015109166848E-002
   313.60000000000230        2.7727644238660800     
   314.40000000000231        2.7917740451327928     
   315.20000000000232       0.16633667445981803     
   316.00000000000233       -2.7587170192786235     
   316.80000000000234       -2.8962878660949709     
   317.60000000000235      -0.21481218825464499     
   318.40000000000236        2.7962184855263832     
   319.20000000000238        2.9352831934360872     
   320.00000000000239       0.19227698872008814     
   320.80000000000240       -2.8503022812478975     
   321.60000000000241       -2.9217391343349144     
   322.40000000000242      -0.14261838842828523     
   323.20000000000243        2.8849896371805359     
   324.00000000000244        2.8871052639752710     
   324.80000000000246       0.10688053228420147     
   325.60000000000247       -2.8853889244224824     
   326.40000000000248       -2.8636571510026156     
   327.20000000000249      -0.10960316433770112     
   328.00000000000250        2.8546450201735638     
   328.80000000000251        2.8692023681569752     
   329.60000000000252       0.15322341920676763     
   330.40000000000254       -2.8059116176713115     
   331.20000000000255       -2.9030678705810944     
   332.00000000000256      -0.22058038659885915     
   332.80000000000257        2.7569653970906582     
   333.60000000000258        2.9515429493718432     
   334.40000000000259       0.28613910547482346     
   335.20000000000260       -2.7233274113482993     
   336.00000000000261       -2.9977209310542703     
   336.80000000000263      -0.33131045541216597     
   337.60000000000264        2.7098526503681701     
   338.40000000000265        3.0302515452013443     
   339.20000000000266       0.35345355586450911     
   340.00000000000267       -2.7087495570063798     
   340.80000000000268       -3.0473485223680674     
   341.60000000000269      -0.36271945740268219     
   342.40000000000271        2.7071692559996010     
   343.20000000000272        3.0551230108841576     
   344.00000000000273       0.37219084180646256     
   344.80000000000274       -2.6965001587266597     
   345.60000000000275       -3.0619633035424623     
   346.40000000000276      -0.38983812993595235     
   347.20000000000277        2.6758222158750367     
   348.00000000000279        3.0731631764458807     
   348.80000000000280       0.41603406857718017     
   349.60000000000281       -2.6496508470495899     
   350.40000000000282       -3.0891463374883541     
   351.20000000000283      -0.44606156037610578     
   352.00000000000284        2.6235717589338936     
   352.80000000000285        3.1071642204004402     
   353.60000000000286       0.47472574021404590     
   354.40000000000288       -2.6007403400702604     
   355.20000000000289       -3.1241312799340655     
   356.00000000000290      -0.49963921562251778     
   356.80000000000291        2.5808996227039263     
   357.60000000000292        3.1384941902304169     
   358.40000000000293       0.52155374741342175     
   359.20000000000294       -2.5617678140287277     
   360.00000000000296       -3.1504591873586740     
   360.80000000000297      -0.54265230475113846     
   361.60000000000298        2.5411292714409237     
   362.40000000000299        3.1611186622484007     
   363.20000000000300       0.56471275094035844     
   364.00000000000301       -2.5180370251463504     
   364.80000000000302       -3.1714459252000875     
   365.60000000000304      -0.58832241691039711     
   366.40000000000305        2.4927456544522073     
   367.20000000000306        3.1818124604109408     
   368.00000000000307       0.61314979352412147     
   368.80000000000308       -2.4659673479585251     
   369.60000000000309       -3.1920776360764043     
   370.40000000000310      -0.63863297671234864     
   371.20000000000312        2.4381957844915725     
   372.00000000000313        3.2019243078685626     
   372.80000000000314       0.66448234651275051     
   373.60000000000315       -2.4094608253054028     
   374.40000000000316       -3.2111218192498705     
   375.20000000000317      -0.69079013451329763     
   376.00000000000318        2.3794497636309520     
   376.80000000000319        3.2196015255742960     
   377.60000000000321       0.71787978217511705     
   378.40000000000322       -2.3477431815186387     
   379.20000000000323       -3.2273996223370744     
   380.00000000000324      -0.74611840657210671     
   380.80000000000325        2.3139702578912456     
   381.60000000000326        3.2345697397496194     
   382.40000000000327       0.77582209096946553     
   383.20000000000329       -2.2778345821992354     
   384.00000000000330       -3.2411290691386649     
   384.80000000000331      -0.80726138415908233     
   385.60000000000332        2.2390602021714305     
   386.40000000000333        3.2470467695170822     
   387.20000000000334       0.84071471593862501     
   388.00000000000335       -2.1973234237667931     
   388.80000000000337       -3.2522540840576295     
   389.60000000000338      -0.87652195188336579     
   390.40000000000339        2.1522047837084286     
   391.20000000000340        3.2566547074873178     
   392.00000000000341       0.91512004094891219     
   392.80000000000342       -2.1031623620127213     
   393.60000000000343       -3.2601252180704003     
   394.40000000000344      -0.95706580348406955     
   395.20000000000346        2.0495125258220259     
   396.00000000000347        3.2625047935769520     
   396.80000000000348        1.0030581527113913     
   397.60000000000349       -1.9904050087691525     
   398.40000000000350       -3.2635765146573577     
   399.20000000000351       -1.0539688896765687     
   400.00000000000352        1.9247860992690158     
   400.80000000000354        3.2630412504141475     
   401.60000000000355        1.1108852867192049     
   402.40000000000356       -1.8513500267569687     
   403.20000000000357       -3.2604826103928062     
   404.00000000000358       -1.1751623934031397     
   404.80000000000359        1.7684833397830761     
   405.60000000000360        3.2553196814786824     
   406.40000000000362        1.2484773789860006     
   407.20000000000363       -1.6742123224593475     
   408.00000000000364       -3.2467440276556161     
   408.80000000000365       -1.3328690720799965     
   409.60000000000366        1.5661716231771383     
   410.40000000000367        3.2336393068334512     
   411.20000000000368        1.4307301025177117     
   412.00000000000369       -1.4416231092202025     
   412.80000000000371       -3.2144868491694591     
   413.60000000000372       -1.5446968067740730     
   414.40000000000373        1.2975630767737347     
   415.20000000000374        3.1872704028374907     
   416.00000000000375        1.6773608516974647     
   416.80000000000376       -1.1309617503116671     
   417.60000000000377       -3.1494160093668162     
   418.40000000000379       -1.8307182677424982     
   419.20000000000380       0.93922752478474458     
   420.00000000000381        3.0978860676626008     
   420.80000000000382        2.0052563860672414     
   421.60000000000383      -0.72128253579985513     
   422.40000000000384       -3.0298728887937534     
   423.20000000000385       -2.1984533020176413     
   424.00000000000387       0.48049749604325909     
   424.80000000000388        2.9454201083624367     
   425.60000000000389        2.4022907155753281     
   426.40000000000390      -0.23133092719079684     
   427.20000000000391       -2.8538897503191474     
   428.00000000000392       -2.6003742270124226     
   428.80000000000393        6.7129032903165964E-003
   429.60000000000394        2.7806997659277619     
   430.40000000000396        2.7686778334534874     
   431.20000000000397       0.14946515127942694     
   432.00000000000398       -2.7569259455812385     
   432.80000000000399       -2.8835916510892519     
   433.60000000000400      -0.21272883019933175     
   434.40000000000401        2.7877611630123225     
   435.20000000000402        2.9331182328066641     
   436.00000000000404       0.19908688989243739     
   436.80000000000405       -2.8420000690523080     
   437.60000000000406       -2.9263737973778223     
   438.40000000000407      -0.15077402647591143     
   439.20000000000408        2.8815130204971742     
   440.00000000000409        2.8927730960936118     
   440.80000000000410       0.11051275831305274     
   441.60000000000412       -2.8877036888660452     
   442.40000000000413       -2.8657638855744239     
   443.20000000000414      -0.10613340865985377     
   444.00000000000415        2.8613737150712719     
   444.80000000000416        2.8661197345199865     
   445.60000000000417       0.14377558608872043     
   446.40000000000418       -2.8144370382670365     
   447.20000000000420       -2.8960316861368631     
   448.00000000000421      -0.20894714710306017     
   448.80000000000422        2.7642891703850152     
   449.60000000000423        2.9433052229865000     
   450.40000000000424       0.27643600621110309     
   451.20000000000425       -2.7274335020800784     
   452.00000000000426       -2.9908687162295973     
   452.80000000000427      -0.32559191366576368     
   453.60000000000429        2.7108925200654772     
   454.40000000000430        3.0260314730670430     
   455.20000000000431       0.35105755078805467     
   456.00000000000432       -2.7086340043049395     
   456.80000000000433       -3.0454018556611770     
   457.60000000000434      -0.36149718414620802     
   458.40000000000435        2.7079180907911500     
   459.20000000000437        3.0541154827011985     
   460.00000000000438       0.37018866272685713     
   460.80000000000439       -2.6990067899952983     
   461.60000000000440       -3.0606185525322602     
   462.40000000000441      -0.38627200731894584     
   463.20000000000442        2.6797591541007151     
   464.00000000000443        3.0709492857822354     
   464.80000000000445       0.41130445110931069     
   465.60000000000446       -2.6540830286702861     
   466.40000000000447       -3.0862850368739156     
   467.20000000000448      -0.44110032018661594     
   468.00000000000449        2.6276797158881990     
   468.80000000000450        3.1042026800094091     
   469.60000000000451       0.47024764432951960     
   470.40000000000452       -2.6042481606383086     
   471.20000000000454       -3.1215013965868730     
   472.00000000000455      -0.49579534827545402     
   472.80000000000456        2.5840451086225826     
   473.60000000000457        3.1363182629681581     
   474.40000000000458       0.51806526376650508     
   475.20000000000459       -2.5649726413084162     
   476.00000000000460       -3.1486124371979738     
   476.80000000000462      -0.53914869695591161     
   477.60000000000463        2.5446860135034592     
   478.40000000000464        3.1594071699508519     
   479.20000000000465       0.56097776443323122     
   480.00000000000466       -2.5220043975481699     
   480.80000000000467       -3.1697461865445726     
   481.60000000000468      -0.58433888861228978     
   482.40000000000470        2.4970279956113508     
   483.20000000000471        3.1801060514785320     
   484.00000000000472       0.60900655317268271     
   484.80000000000473       -2.4704490593616706     
   485.60000000000474       -3.1904091400236769     
   486.40000000000475      -0.63441235905100113     
   487.20000000000476        2.4428266113879680     
   488.00000000000477        3.2003447374761711     
   488.80000000000479       0.66020426717355374     
   489.60000000000480       -2.4142654393601894     
   490.40000000000481       -3.2096578307517993     
   491.20000000000482      -0.68641798709603385     
   492.00000000000483        2.3844929270245103     
   492.80000000000484        3.2182548080343296     
   493.60000000000485       0.71335314459538024     
   494.40000000000487       -2.3530930317813668     
   495.20000000000488       -3.2261609161981326     
   496.00000000000489      -0.74137928516837759     
   496.80000000000490        2.3196820169538999     
   497.60000000000491        3.2334318719123498     
   498.40000000000492       0.77082266371498465     
   499.20000000000493       -2.2839537045619922     
   500.00000000000495       -3.2400926049748660     
   500.80000000000496      -0.80195820734260037     
   501.60000000000497        2.2456337156905075     
   502.40000000000498        3.2461197515225031     
   503.20000000000499       0.83505898655721511     
   504.00000000000500       -2.2044102026102483     
   504.80000000000501       -3.2514498966541518     
   505.60000000000502      -0.87045181129600069     
   506.40000000000504        2.1598817217275177     
   507.20000000000505        3.2559909291880187     
   508.00000000000506       0.90855589627645283     
   508.80000000000507       -2.1115278317707022     
   509.60000000000508       -3.2596243365609237     
   510.40000000000509      -0.94990693962352069     
   511.20000000000510        2.0586896620556447     
   512.00000000000512        3.2621965358889593     
   512.80000000000507       0.99517865846837150     
   513.60000000000502       -2.0005465481760569     
   514.40000000000498       -3.2635014286142763     
   515.20000000000493       -1.0452117970975623     
   516.00000000000489        1.9360813132420915     
   516.80000000000484        3.2632555464603148     
   517.60000000000480        1.1010547812996969     
   518.40000000000475       -1.8640333836082106     
   519.20000000000471       -3.2610646678068127     
   520.00000000000466       -1.1640147789670285     
   520.80000000000462        1.7828437958450642     
   521.60000000000457        3.2563788219974903     
   522.40000000000452        1.2357125524631161     
   523.20000000000448       -1.6906011248783530     
   524.00000000000443       -3.2484320731441372     
   524.80000000000439       -1.3181261599861911     
   525.60000000000434        1.5850049309643193     
   526.40000000000430        3.2361649472645952     
   527.20000000000425        1.4135940203943691     
   528.00000000000421       -1.4633739060395561     
   528.80000000000416       -3.2181317562616973     
   529.60000000000412       -1.5247264064382846     
   530.40000000000407        1.3227357240390867     
   531.20000000000402        3.1924039135481896     
   532.00000000000398        1.6541521690665373     
   532.80000000000393       -1.1600410682490241     
   533.60000000000389       -3.1564995455948592     
   534.40000000000384       -1.8040168187028156     
   535.20000000000380       0.97257764505390298     
   536.00000000000375        3.1074355270179894     
   536.80000000000371        1.9751388650426764     
   537.60000000000366      -0.75889027986227875     
   538.40000000000362       -3.0422626833079298     
   539.20000000000357       -2.1656319915091666     
   540.00000000000352       0.52127484184413753     
   540.80000000000348        2.9602279845977213     
   541.60000000000343        2.3685964689520427     
   542.40000000000339      -0.27175877249106239     
   543.20000000000334       -2.8685655651141011     
   544.00000000000330       -2.5691354419171786     
   544.80000000000325        4.0093066407966838E-002
   545.60000000000321        2.7900372776331723     
   546.40000000000316        2.7441105880312429     
   547.20000000000312       0.12997549311569800     
   548.00000000000307       -2.7567092667287292     
   548.80000000000302       -2.8690763900172613     
   549.60000000000298      -0.20850354968362739     
   550.40000000000293        2.7799497916168319     
   551.20000000000289        2.9293790805819020     
   552.00000000000284       0.20496182178446931     
   552.80000000000280       -2.8332457108802309     
   553.60000000000275       -2.9302732165762690     
   554.40000000000271      -0.15918226558115034     
   555.20000000000266        2.8770906619727654     
   556.00000000000261        2.8986509187678160     
   556.80000000000257       0.11516619192582755     
   557.60000000000252       -2.8891151936357073     
   558.40000000000248       -2.8686552366846270     
   559.20000000000243      -0.10384922001548524     
   560.00000000000239        2.8675322034803039     
   560.80000000000234        2.8638703442115498     
   561.60000000000230       0.13509850569299919     
   562.40000000000225       -2.8228762103607772     
   563.20000000000221       -2.8894760347617181     
   564.00000000000216      -0.19736520363442933     
   564.80000000000211        2.7719951573369759     
   565.60000000000207        2.9350643090521733     
   566.40000000000202       0.26619884022724793     
   567.20000000000198       -2.7321218386725485     
   568.00000000000193       -2.9836586608393585     
   568.80000000000189      -0.31919870337626177     
   569.60000000000184        2.7123347679980911     
   570.40000000000180        3.0213637163247618     
   571.20000000000175       0.34824516926045268     
   572.00000000000171       -2.7085516261848936     
   572.80000000000166       -3.0431593069311145     
   573.60000000000161      -0.36023843053404248     
   574.40000000000157        2.7084264220911294     
   575.20000000000152        3.0530545527651674     
   576.00000000000148       0.36840487155111612     
   576.80000000000143       -2.7012196153626489     
   577.60000000000139       -3.0593892978107626     
   578.40000000000134      -0.38296157690468968     
   579.20000000000130        2.6835183207461162     
   580.00000000000125        3.0688792299368037     
   580.80000000000121       0.40670614836318109     
   581.60000000000116       -2.6585006898847476     
   582.40000000000111       -3.0834950518672244     
   583.20000000000107      -0.43611513788243883     
   584.00000000000102        2.6318765049813564     
   584.80000000000098        3.1012209084104780     
   585.60000000000093       0.46566418498087048     
   586.40000000000089       -2.6078488479064728     
   587.20000000000084       -3.1187999428299014     
   588.00000000000080      -0.49185878248834536     
   588.80000000000075        2.5872214707228371     
   589.60000000000070        3.1340716417606913     
   590.40000000000066       0.51454535061318873     
   591.20000000000061       -2.5681416137680038     
   592.00000000000057       -3.1467252182351375     
   592.80000000000052      -0.53566815085667852     
   593.60000000000048        2.5481748672880156     
   594.40000000000043        3.1576847831731820     
   595.20000000000039       0.55728662717809208     
   596.00000000000034       -2.5259083603178603     
   596.80000000000030       -3.1680483185193165     
   597.60000000000025      -0.58039142771577090     
   598.40000000000020        2.5012673899213658     
   599.20000000000016        3.1783985966219421     
   600.00000000000011       0.60488268722553995     
   600.80000000000007       -2.4749036467013341     
   601.60000000000002       -3.1887305109830613     
   602.39999999999998      -0.63020125072991595     
   603.19999999999993        2.4474328983889642     
   603.99999999999989        3.1987479157847862     
   604.79999999999984       0.65593701165252360     
   605.59999999999980       -2.4190375522746437     
   606.39999999999975       -3.2081741848977332     
   607.19999999999970      -0.68206524581671468     
   607.99999999999966        2.3894919228228497     
   608.79999999999961        3.2168893327683090     
   609.59999999999957       0.70885616884529057     
   610.39999999999952       -2.3583882434962646     
   611.19999999999948       -3.2249050984516030     
   611.99999999999943      -0.73667865749171124     
   612.79999999999939        2.3253309719505952     
   613.59999999999934        3.2322775989189658     
   614.39999999999930       0.76586904751199203     
   615.19999999999925       -2.2900027594203083     
   615.99999999999920       -3.2390390778455811     
   616.79999999999916      -0.79670810521947955     
   617.59999999999911        2.2521288350322117     
   618.39999999999907        3.2451739255699135     
   619.19999999999902       0.82946509529136314     
   619.99999999999898       -2.2114077801689098     
   620.79999999999893       -3.2506244026068560     
   621.59999999999889      -0.86445480816404929     
   622.39999999999884        2.1674554084284128     
   623.19999999999879        3.2553026560172231     
   623.99999999999875       0.90207934616109986     
   624.79999999999870       -2.1197722637848915     
   625.59999999999866       -3.2590948414494783     
   626.39999999999861      -0.94285384529325578     
   627.19999999999857        2.0677236212779984     
   627.99999999999852        3.2618541397084124     
   628.79999999999848       0.98742760305005062     
   629.59999999999843       -2.0105174797242804     
   630.39999999999839       -3.2633846029121321     
   631.19999999999834       -1.0366114103205528     
   631.99999999999829        1.9471719188782961     
   632.79999999999825        3.2634175289071488     
   633.59999999999820        1.0914162422229059     
   634.39999999999816       -1.8764700543857744     
   635.19999999999811       -3.2615796553527461     
   635.99999999999807       -1.1531029007177471     
   636.79999999999802        1.7969059117831270     
   637.59999999999798        3.2573503295192241     
   638.39999999999793        1.2232369866531521     
   639.19999999999789       -1.7066293076444641     
   639.99999999999784       -3.2500040120276168     
   640.79999999999779       -1.3037359818319467     
   641.59999999999775        1.6034048511179051     
   642.39999999999770        3.2385355660482622     
   643.19999999999766        1.3968818627904001     
   643.99999999999761       -1.4846104000037110     
   644.79999999999757       -3.2215696103361040     
   645.59999999999752       -1.5052521714070868     
   646.39999999999748        1.3473106774462860     
   647.19999999999743        3.1972631526741440     
   647.99999999999739        1.6314995380047628     
   648.79999999999734       -1.1884475268087575     
   649.59999999999729       -3.1632271786726358     
   650.39999999999725       -1.7778964674065363     
   651.19999999999720        1.0052107310805840     
   651.99999999999716        3.1165452275775904     
   652.79999999999711        1.9455563591110505     
   653.59999999999707      -0.79583022375843804     
   654.39999999999702       -3.0541798207362438     
   655.19999999999698       -2.1331664247139539     
   655.99999999999693       0.56168825672744838     
   656.79999999999688        2.9747376214530750     
   657.59999999999684        2.3348573236892540     
   658.39999999999679      -0.31262935851811546     
   659.19999999999675       -2.8835659695409230     
   659.99999999999670       -2.5372087846399891     
   660.79999999999666        7.5170781094000105E-002
   661.59999999999661        2.8006476329198895     
   662.39999999999657        2.7181676749928871     
   663.19999999999652       0.10790737512695570     
   663.99999999999648       -2.7581242966070838     
   664.79999999999643       -2.8527653152145001     
   665.59999999999638      -0.20198488609523046     
   666.39999999999634        2.7729813199676476     
   667.19999999999629        2.9239776054540960     
   667.99999999999625       0.20968895850645453     
   668.79999999999620       -2.8241865577616352     
   669.59999999999616       -2.9332759200173331     
   670.39999999999611      -0.16766911549890295     
   671.19999999999607        2.8717592917564896     
   671.99999999999602        2.9045995766246540     
   672.79999999999598       0.12075317308019429     
   673.59999999999593       -2.8895914290743558     
   674.39999999999588       -2.8722726926504758     
   675.19999999999584      -0.10276702513682556     
   675.99999999999579        2.8730522590940972     
   676.79999999999575        2.8624796849523193     
   677.59999999999570       0.12729168049190376     
   678.39999999999566       -2.8311446460480987     
   679.19999999999561       -2.8834758636579152     
   679.99999999999557      -0.18595579074062840     
   680.79999999999552        2.7800179774309020     
   681.59999999999548        2.9268967187470238     
   682.39999999999543       0.25549765973311445     
   683.19999999999538       -2.7373864633785052     
   683.99999999999534       -2.9761326277239228     
   684.79999999999529      -0.31212100606388438     
   685.59999999999525        2.7142300369718768     
   686.39999999999520        3.0162438924839745     
   687.19999999999516       0.34495736205531324     
   687.99999999999511       -2.7085630479408134     
   688.79999999999507       -3.0405847063410887     
   689.59999999999502      -0.35888437141689966     
   690.39999999999498        2.7087248301422817     
   691.19999999999493        3.0519018205721462     
   691.99999999999488       0.36681206734863814     
   692.79999999999484       -2.7031329710174803     
   693.59999999999479       -3.0582571511134899     
   694.39999999999475      -0.37991474402150560     
   695.19999999999470        2.6870739375900099     
   695.99999999999466        3.0669572715531914     
   696.79999999999461       0.40226543049822583     
   697.59999999999457       -2.6628788678109534     
   698.39999999999452       -3.0807917875310675     
   699.19999999999447      -0.43112835165764096     
   699.99999999999443        2.6361519118909675     
   700.79999999999438        3.0982322243263583     
   701.59999999999434       0.46098176096909294     
   702.39999999999429       -2.6115478223125690     
   703.19999999999425       -3.1160315386208333     
   703.99999999999420      -0.48782246128274798     
   704.79999999999416        2.5904408019756278     
   705.59999999999411        3.1317513160552792     
   706.39999999999407       0.51098315181533760     
   707.19999999999402       -2.5712838989981326     
   707.99999999999397       -3.1447919014736891     
   708.79999999999393      -0.53220374969263284     
   709.59999999999388        2.5515982424048165     
   710.39999999999384        3.1559475975188631     
   711.19999999999379       0.55363831320515100     
   711.99999999999375       -2.5297464256147508     
   712.79999999999370       -3.1663514928752718     
   713.59999999999366      -0.57648248012821046     
   714.39999999999361        2.5054603584648731     
   715.19999999999357        3.1766912770390743     
   715.99999999999352       0.60078076005150827     
   716.79999999999347       -2.4793293551641726     
   717.59999999999343       -3.1870432644892173     
   718.39999999999338      -0.62600048714269940     
   719.19999999999334        2.4520151097103748     
   719.99999999999329        3.1971346972696253     
   720.79999999999325       0.65167970618307258     
   721.59999999999320       -2.4237789096067659     
   722.39999999999316       -3.2066709833160294     
   723.19999999999311      -0.67773025293485700     
   723.99999999999307        2.3944486718452147     
   724.79999999999302        3.2155048365411791     
   725.59999999999297       0.70438722446270496     
   726.39999999999293       -2.3636303687860249     
   727.19999999999288       -3.2236319347610314     
   727.99999999999284      -0.73201520054648750     
   728.79999999999279        2.3309183509404239     
   729.59999999999275        3.2311068995345158     
   730.39999999999270       0.76096008810416293     
   731.19999999999266       -2.2959829662343658     
   731.99999999999261       -3.2379686815580477     
   732.79999999999256      -0.79150981566556489     
   733.59999999999252        2.2585470722469392     
   734.39999999999247        3.2442096369688560     
   735.19999999999243       0.82393144687433217     
   735.99999999999238       -2.2183181428490601     
   736.79999999999234       -3.2497780580994435     
   737.59999999999229      -0.85852888029259899     
   738.39999999999225        2.1749283992676265     
   739.19999999999220        3.2545904667846113     
   739.99999999999216       0.89568777297354041     
   740.79999999999211       -2.1278988637699925     
   741.59999999999206       -3.2585374919264218     
   742.39999999999202      -0.93590324580109874     
   743.19999999999197        2.0766183802916203     
   743.99999999999193        3.2614786364389348     
   744.79999999999188       0.97980090545784382     
   745.59999999999184       -2.0203227303894442     
   746.39999999999179       -3.2632274652828235     
   747.19999999999175       -1.0281626379269104     
   747.99999999999170        1.9580640236666871     
   748.79999999999166        3.2635291880956840     
   749.59999999999161        1.0819633231561649     
   750.39999999999156       -1.8886675828532482     
   751.19999999999152       -3.2620303509267021     
   751.99999999999147       -1.1424189125274262     
   752.79999999999143        1.8106788983447442     
   753.59999999999138        3.2582380689185086     
   754.39999999999134        1.2110411758638682     
   755.19999999999129       -1.7223078632170274     
   755.99999999999125       -3.2514651751285530     
   756.79999999999120       -1.2896874621347965     
   757.59999999999116        1.6213840133750659     
   758.39999999999111        3.2407583976919918     
   759.19999999999106        1.3805815962825378     
   759.99999999999102       -1.5053462743390535     
   760.79999999999097       -3.2248099768666654     
   761.59999999999093       -1.4862626094183278     
   762.39999999999088        1.3713014608164760     
   763.19999999999084        3.2018602564135441     
   763.99999999999079        1.6093947694333779     
   764.79999999999075       -1.2161922268905458     
   765.59999999999070       -3.1696130790300256     
   766.39999999999065       -1.7523567825683712     
   767.19999999999061        1.0371301342763264     
   767.99999999999056        3.1252277534723865     
   768.79999999999052        1.9165235232370050     
   769.59999999999047      -0.83208272224978019     
   770.39999999999043       -3.0656213706478015     
   771.19999999999038       -2.1010989063451957     
   771.99999999999034       0.60165954824598344     
   772.79999999999029        2.9888954186400194     
   773.59999999999025        2.3011574277608329     
   774.39999999999020      -0.35376906333717484     
   775.19999999999015       -2.8987528367263269     
   775.99999999999011       -2.5047112428851075     
   776.79999999999006       0.11173535318571881     
   777.59999999999002        2.8123847680047240     
   778.39999999998997        2.6909518303309690     
   779.19999999998993        8.3335225523658796E-002
   779.99999999998988       -2.7611933249210270     
   780.79999999998984       -2.8346968835185633     
   781.59999999998979      -0.19304572350638560     
   782.39999999998975        2.7670428845607846     
   783.19999999998970        2.9168443540535307     
   783.99999999998965       0.21305649668505744     
   784.79999999998961       -2.8149873193402515     
   785.59999999998956       -2.9352259490571715     
   786.39999999998952      -0.17605014505291283     
   787.19999999998947        2.8655716670315892     
   787.99999999998943        2.9104706702421304     
   788.79999999998938       0.12716972493353573     
   789.59999999998934       -2.8891087637185624     
   790.39999999998929       -2.8765429202778101     
   791.19999999998925      -0.10288644204145081     
   791.99999999998920        2.8778702767870645     
   792.79999999998915        2.8619610661647235     
   793.59999999998911       0.12044420380629006     
   794.39999999998906       -2.8391587278212702     
   795.19999999998902       -2.8781012531828836     
   795.99999999998897      -0.17484194356987892     
   796.79999999998893        2.7882858873038483     
   797.59999999998888        2.9188817556029063     
   798.39999999998884       0.24441466701953729     
   799.19999999998879       -2.7432102421311222     
