   0.0000000000000000       0.44982391489696905     
  0.80000000000000004       0.39324258551619579     
   1.6000000000000001      -0.28883384658171857     
   2.4000000000000004       -1.0572609453687571     
   3.2000000000000002      -0.87090779992799505     
   4.0000000000000000       0.24247019909377543     
   4.7999999999999998        1.0941088792829046     
   5.5999999999999996       0.78291734016077241     
   6.3999999999999995      -0.13650464965628251     
   7.1999999999999993      -0.55769853890356269     
   7.9999999999999991      -0.29114175473265563     
   8.7999999999999989       -7.5148127877056270E-002
   9.5999999999999996      -0.28385648934730473     
   10.400000000000000      -0.35686392571911751     
   11.200000000000001       0.20487191296804419     
   12.000000000000002       0.86391961673825424     
   12.800000000000002       0.66877767928494736     
   13.600000000000003      -0.29727071201238420     
   14.400000000000004      -0.92360132673857909     
   15.200000000000005      -0.51969086763490446     
   16.000000000000004       0.26736483531667687     
   16.800000000000004       0.45988050591496793     
   17.600000000000005        7.5251457121882803E-002
   18.400000000000006       -8.0929799534795704E-002
   19.200000000000006       0.25332040061525873     
   20.000000000000007       0.40064629948751129     
   20.800000000000008      -0.13029678399743583     
   21.600000000000009      -0.75082764189264573     
   22.400000000000009      -0.55364307446313621     
   23.200000000000010       0.31206328008525142     
   24.000000000000011       0.78112608534826600     
   24.800000000000011       0.32632535139102148     
   25.600000000000012      -0.33742609573238580     
   26.400000000000013      -0.35046150828558020     
   27.200000000000014        9.5725147418317724E-002
   28.000000000000014       0.16885340079360106     
   28.800000000000015      -0.26834366045124319     
   29.600000000000016      -0.44395904198833458     
   30.400000000000016        9.1788681209580392E-002
   31.200000000000017       0.68251561442408415     
   32.000000000000014       0.46578150740663860     
   32.800000000000011      -0.32810848568919571     
   33.600000000000009      -0.66799723714695025     
   34.400000000000006      -0.17271402864741603     
   35.200000000000003       0.38296187802798753     
   36.000000000000000       0.25146578220800408     
   36.799999999999997      -0.22527358253331387     
   37.599999999999994      -0.21336977307931970     
   38.399999999999991       0.29827606840015453     
   39.199999999999989       0.46877177466927100     
   39.999999999999986       -8.5144005023373714E-002
   40.799999999999983      -0.63822648444623520     
   41.599999999999980      -0.38526683386186950     
   42.399999999999977       0.35219157931717254     
   43.199999999999974       0.57619692884930562     
   43.999999999999972        4.5141678136306762E-002
   44.799999999999969      -0.41382377261395425     
   45.599999999999966      -0.16400751348016401     
   46.399999999999963       0.32135749800688257     
   47.199999999999960       0.22728273599970106     
   47.999999999999957      -0.33296661171166786     
   48.799999999999955      -0.47406930466042285     
   49.599999999999952       0.10202900769210144     
   50.399999999999949       0.60678043296607953     
   51.199999999999946       0.30639603688417588     
   51.999999999999943      -0.38185976023071649     
   52.799999999999940      -0.49810690958685205     
   53.599999999999937        6.3054089775576527E-002
   54.399999999999935       0.43212005764812611     
   55.199999999999932        8.5034466559057886E-002
   55.999999999999929      -0.39093923786092666     
   56.799999999999926      -0.21838624696535450     
   57.599999999999923       0.36851780348512153     
   58.399999999999920       0.46273410156030814     
   59.199999999999918      -0.13488222192638266     
   59.999999999999915      -0.58153188526928790     
   60.799999999999912      -0.22802417109961515     
   61.599999999999909       0.41302207836217320     
   62.399999999999906       0.42790006517433971     
   63.199999999999903      -0.15565715406562514     
   63.999999999999901      -0.43828061586203093     
   64.799999999999898       -1.1735251603538555E-002
   65.599999999999895       0.43930838907597453     
   66.399999999999892       0.19222488204067767     
   67.199999999999889      -0.40282884397914698     
   67.999999999999886      -0.43795056330255289     
   68.799999999999883       0.17763672754034254     
   69.599999999999881       0.55812479817200866     
   70.399999999999878       0.15033183147572632     
   71.199999999999875      -0.44208102326486293     
   71.999999999999872      -0.36151811683199675     
   72.799999999999869       0.23506513276058227     
   73.599999999999866       0.43270748429442313     
   74.399999999999864       -5.7601998688817435E-002
   75.199999999999861      -0.47028626232651793     
   75.999999999999858      -0.15309403375588171     
   76.799999999999855       0.43432861540060008     
   77.599999999999852       0.40238192676816947     
   78.399999999999849      -0.22559650517517421     
   79.199999999999847      -0.53357272850282289     
   79.999999999999844       -7.3844865354118161E-002
   80.799999999999841       0.46635934602101792     
   81.599999999999838       0.29637425252079680     
   82.399999999999835      -0.30283895999782989     
   83.199999999999832      -0.41607474258822014     
   83.999999999999829       0.12369635102054294     
   84.799999999999827       0.48658735440656564     
   85.599999999999824       0.10445945390560307     
   86.399999999999821      -0.46166853066353752     
   87.199999999999818      -0.35813172048785985     
   87.999999999999815       0.27516237885321421     
   88.799999999999812       0.50584323990521329     
   89.599999999999810       -8.1905686544969658E-004
   90.399999999999807      -0.48402735817374537     
   91.199999999999804      -0.23101916611281192     
   91.999999999999801       0.35996548614798674     
   92.799999999999798       0.38929021117066059     
   93.599999999999795      -0.18656554460539448     
   94.399999999999793      -0.49015654357183547     
   95.199999999999790       -4.9185045632744173E-002
   95.999999999999787       0.48367876358035378     
   96.799999999999784       0.30688809846326226     
   97.599999999999781      -0.32357397330457038     
   98.399999999999778      -0.47362951618849242     
   99.199999999999775        7.2996608804604068E-002
   99.999999999999773       0.49392432027831079     
   100.79999999999977       0.16484328292336603     
   101.59999999999977      -0.40703091784612278     
   102.39999999999976      -0.35341231110625509     
   103.19999999999976       0.24578820426383113     
   103.99999999999976       0.48243665894857790     
   104.79999999999976       -1.0316684795578901E-002
   105.59999999999975      -0.49938234566053402     
   106.39999999999975      -0.25007453847768069     
   107.19999999999975       0.36870504519494918     
   107.99999999999974       0.43619781790684981     
   108.79999999999974      -0.14198233051141979     
   109.59999999999974      -0.49539343245915046     
   110.39999999999974       -9.7836030053502610E-002
   111.19999999999973       0.44435582285300190     
   111.99999999999973       0.30958816410945722     
   112.79999999999973      -0.30069791694189996     
   113.59999999999972      -0.46456557448218522     
   114.39999999999972        7.1977286204166047E-002
   115.19999999999972       0.50801198405465642     
   115.99999999999972       0.18896374645688069     
   116.79999999999971      -0.40891283117626082     
   117.59999999999971      -0.39327231964106824     
   118.39999999999971       0.20703431727083599     
   119.19999999999970       0.48815674563894557     
   119.99999999999970        3.0400960792443421E-002
   120.79999999999970      -0.47210343054391363     
   121.59999999999970      -0.25901659181428360     
   122.39999999999969       0.35051770147638817     
   123.19999999999969       0.43751505241879213     
   123.99999999999969      -0.13399536119745709     
   124.79999999999968      -0.50901820916811447     
   125.59999999999968      -0.12475202827478049     
   126.39999999999968       0.44293197101349713     
   127.19999999999968       0.34494317245159167     
   127.99999999999967      -0.26738937053618095     
   128.79999999999967      -0.47222722079445068     
   129.59999999999968        3.6782581114725987E-002
   130.39999999999969       0.49036494395775904     
   131.19999999999970       0.20292729728611392     
   131.99999999999972      -0.39445130829305630     
   132.79999999999973      -0.40218503577730791     
   133.59999999999974       0.19478280952661897     
   134.39999999999975       0.50206895038923993     
   135.19999999999976        5.8601883913373953E-002
   135.99999999999977      -0.46980209957625507     
   136.79999999999978      -0.29159143320640513     
   137.59999999999980       0.32228509344466427     
   138.39999999999981       0.44784847309233033     
   139.19999999999982      -0.10286196403092673     
   139.99999999999983      -0.49922471898446752     
   140.79999999999984      -0.14256817575879266     
   141.59999999999985       0.43174522340728727     
   142.39999999999986       0.35946495875676610     
   143.19999999999987      -0.25292906464785714     
   143.99999999999989      -0.48704285325041607     
   144.79999999999990        8.3382611692560671E-003
   145.59999999999991       0.48881945642851515     
   146.39999999999992       0.23382701034439507     
   147.19999999999993      -0.37098516883237315     
   147.99999999999994      -0.41545315558198970     
   148.79999999999995       0.16688736454872199     
   149.59999999999997       0.49880830971662521     
   150.39999999999998        7.9195587480424878E-002
   151.19999999999999      -0.46173109770148957     
   152.00000000000000      -0.31027094155110602     
   152.80000000000001       0.30717906105175996     
   153.60000000000002       0.46401847015332137     
   154.40000000000003       -7.4929709004237288E-002
   155.20000000000005      -0.49950478417872746     
   156.00000000000006      -0.17243674455027796     
   156.80000000000007       0.41280492987837408     
   157.60000000000008       0.37563303561433414     
   158.40000000000009      -0.22786891222033701     
   159.20000000000010      -0.48931634240980981     
   160.00000000000011       -1.4064851916988586E-002
   160.80000000000013       0.48385488513286984     
   161.60000000000014       0.25556542504866897     
   162.40000000000015      -0.35642142730227677     
   163.20000000000016      -0.43326082642402824     
   164.00000000000017       0.14004892938411745     
   164.80000000000018       0.50158167777685791     
   165.60000000000019       0.10834033957805433     
   166.40000000000020      -0.44713535146422623     
   167.20000000000022      -0.32911587136949694     
   168.00000000000023       0.28482045759748009     
   168.80000000000024       0.47104691128183973     
   169.60000000000025       -5.1580201856031183E-002
   170.40000000000026      -0.49769658600932654     
   171.20000000000027      -0.19636406522780009     
   172.00000000000028       0.39968401777111112     
   172.80000000000030       0.39520627960318150     
   173.60000000000031      -0.20259886984837588     
   174.40000000000032      -0.49496118236329373     
   175.20000000000033       -4.2552375881748039E-002
   176.00000000000034       0.47346431122309945     
   176.80000000000035       0.27674580870561466     
   177.60000000000036      -0.33679396731341132     
   178.40000000000038      -0.44440879246948783     
   179.20000000000039       0.11651891678693049     
   180.00000000000040       0.50298298207974135     
   180.80000000000041       0.13373347630836452     
   181.60000000000042      -0.43613438743674482     
   182.40000000000043      -0.35044615338891116     
   183.20000000000044       0.26152352953597802     
   184.00000000000045       0.47972975097589854     
   184.80000000000047       -2.3850903836665993E-002
   185.60000000000048      -0.49139441924127270     
   186.40000000000049      -0.21946521036944217     
   187.20000000000050       0.38290729434703014     
   188.00000000000051       0.40992733326099412     
   188.80000000000052      -0.17956660228754567     
   189.60000000000053      -0.49959486644711126     
   190.40000000000055       -6.8782552519182749E-002
   191.20000000000056       0.46508320400467373     
   192.00000000000057       0.29970934678159900     
   192.80000000000058      -0.31582412232390999     
   193.60000000000059      -0.45613865706767809     
   194.40000000000060        8.9760991299934534E-002
   195.20000000000061       0.50065701485752068     
   196.00000000000063       0.15829670500987980     
   196.80000000000064      -0.42236708651834465     
   197.60000000000065      -0.36824445370892622     
   198.40000000000066       0.23958818352098077     
   199.20000000000067       0.48756978473671642     
   200.00000000000068        2.6494787650818696E-003
   200.80000000000069      -0.48598892280122358     
   201.60000000000070      -0.24384398251561118     
   202.40000000000072       0.36457574769877560     
   203.20000000000073       0.42459363826302809     
   204.00000000000074      -0.15406340574667032     
   204.80000000000075      -0.50112216760436412     
   205.60000000000076       -9.4324884782506557E-002
   206.40000000000077       0.45448784371311868     
   207.20000000000078       0.32011384370624107     
   208.00000000000080      -0.29551242508173603     
   208.80000000000081      -0.46710103397630143     
   209.60000000000082        6.3513944638708963E-002
   210.40000000000083       0.49846236683801654     
   211.20000000000084       0.18379814493862173     
   212.00000000000085      -0.40694381174501676     
   212.80000000000086      -0.38564398623171747     
   213.60000000000088       0.21566145200427500     
   214.40000000000089       0.49280472791631164     
   215.20000000000090        2.8677529702690274E-002
   216.00000000000091      -0.47870759414489822     
   216.80000000000092      -0.26639218184041968     
   217.60000000000093       0.34634644265370174     
   218.40000000000094       0.43853348926809343     
   219.20000000000095      -0.12855945295646742     
   220.00000000000097      -0.50227018328017348     
   220.80000000000098      -0.12059982973811884     
   221.60000000000099       0.44219957943125049     
   222.40000000000100       0.33997057145581511     
   223.20000000000101      -0.27349791202370255     
   224.00000000000102      -0.47586663878135249     
   224.80000000000103        3.7493488378747442E-002
   225.60000000000105       0.49460032132889653     
   226.40000000000106       0.20802705342490529     
   227.20000000000107      -0.39119017820876884     
   228.00000000000108      -0.40235668239082323     
   228.80000000000109       0.19136009812515564     
   229.60000000000110       0.49733648319579743     
   230.40000000000111        5.5336335740576836E-002
   231.20000000000113      -0.46973428114191562     
   232.00000000000114      -0.28837247958170686     
   232.80000000000115       0.32657503399581367     
   233.60000000000116       0.45061581683064289     
   234.40000000000117      -0.10303135206848912     
   235.20000000000118      -0.50188511932970337     
   236.00000000000119      -0.14604219065479018     
   236.80000000000121       0.42925043867870738     
   237.60000000000122       0.35919542767208645     
   238.40000000000123      -0.25082811446468478     
   239.20000000000124      -0.48374228082415610     
   240.00000000000125        1.0866582414526371E-002
   240.80000000000126       0.48907122112450224     
   241.60000000000127       0.23175209837233840     
   242.40000000000128      -0.37397304461234931     
   243.20000000000130      -0.41750193132474012     
   244.00000000000131       0.16679323000649948     
   244.80000000000132       0.50043204720906154     
   245.60000000000133        8.1520662101835284E-002
   246.40000000000134      -0.45985400961085487     
   247.20000000000135      -0.30979819480272497     
   248.00000000000136       0.30593253284198407     
   248.80000000000138       0.46172259012312900     
   249.60000000000139       -7.6865454144448897E-002
   250.40000000000140      -0.49987540092419425     
   251.20000000000141      -0.17109866193208534     
   252.00000000000142       0.41486723584639484     
   252.80000000000143       0.37710937032807385     
   253.60000000000144      -0.22766880092159797     
   254.40000000000146      -0.49026473497927325     
   255.20000000000147       -1.5586652723837746E-002
   256.00000000000148       0.48245929407907506     
   256.80000000000149       0.25502338793680240     
   257.60000000000150      -0.35571630908496504     
   258.40000000000151      -0.43166118465524284     
   259.20000000000152       0.14151942368484327     
   260.00000000000153       0.50196029956175825     
   260.80000000000155       0.10747043084181562     
   261.60000000000156      -0.44854349180551134     
   262.40000000000157      -0.33014762344848053     
   263.20000000000158       0.28459825450685233     
   264.00000000000159       0.47155989434343543     
   264.80000000000160       -5.0613546463346315E-002
   265.60000000000161      -0.49666593103280893     
   266.40000000000163      -0.19582371589786512     
   267.20000000000164       0.39931273322832778     
   268.00000000000165       0.39408308726177477     
   268.80000000000166      -0.20370996546187370     
   269.60000000000167      -0.49529162772471041     
   270.40000000000168       -4.1975836922813314E-002
   271.20000000000169       0.47441196315941642     
   272.00000000000171       0.27743927139283969     
   272.80000000000172      -0.33658968621435031     
   273.60000000000173      -0.44464395363187503     
   274.40000000000174       0.11593080156998192     
   275.20000000000175       0.50222193471951182     
   276.00000000000176       0.13322891865956493     
   276.80000000000177      -0.43596081598051778     
   277.60000000000178      -0.34964486156237040     
   278.40000000000180       0.26235987861019916     
   279.20000000000181       0.47998805147135060     
   280.00000000000182       -2.4245986023180066E-002
   280.80000000000183      -0.49201850722509594     
   281.60000000000184      -0.21990578249832443     
   282.40000000000185       0.38273576914361490     
   283.20000000000186       0.40998704542767683     
   284.00000000000188      -0.17923224667778959     
   284.80000000000189      -0.49902805485817264     
   285.60000000000190       -6.8327217928617401E-002
   286.40000000000191       0.46501925464144156     
   287.20000000000192       0.29912277306282464     
   288.00000000000193      -0.31645151517227155     
   288.80000000000194      -0.45631901436698225     
   289.60000000000196        9.0044853285084547E-002
   290.40000000000197       0.50105351711651347     
   291.20000000000198       0.15855138012930936     
   292.00000000000199      -0.42222949365533657     
   292.80000000000200      -0.36819454008631902     
   293.60000000000201       0.23941998307254253     
   294.40000000000202       0.48713924378079670     
   295.20000000000203        2.2459402955006813E-003
   296.00000000000205      -0.48597851439066270     
   296.80000000000206      -0.24339891170158723     
   297.60000000000207       0.36504418787944637     
   298.40000000000208       0.42469984925712595     
   299.20000000000209      -0.15427899762661040     
   300.00000000000210      -0.50135786087822898     
   300.80000000000211       -9.4445341645941261E-002
   301.60000000000213       0.45437864657073496     
   302.40000000000214       0.31999627336500314     
   303.20000000000215      -0.29544922035349563     
   304.00000000000216      -0.46676327868951195     
   304.80000000000217        6.3868218209886418E-002
   305.60000000000218       0.49847056381142724     
   306.40000000000219       0.18344543764664112     
   307.20000000000221      -0.40729062619741729     
   308.00000000000222      -0.38568436828260133     
   308.80000000000223       0.21583410365109112     
   309.60000000000224       0.49292580662784108     
   310.40000000000225        2.8703180379256288E-002
   311.20000000000226      -0.47861860202404399     
   312.00000000000227      -0.26623359889227904     
   312.80000000000229       0.34634575728859662     
   313.60000000000230       0.43825668540892226     
   314.40000000000231      -0.12886887111038181     
   315.20000000000232      -0.50227589134942674     
   316.00000000000233      -0.12030721947165146     
   316.80000000000234       0.44245222959203023     
   317.60000000000235       0.33995508476410413     
   318.40000000000236      -0.27364176563780879     
   319.20000000000238      -0.47590496841762375     
   320.00000000000239        3.7532795012432008E-002
   320.80000000000240       0.49452295839753191     
   321.60000000000241       0.20784442921552915     
   322.40000000000242      -0.39122266644737602     
   323.20000000000243      -0.40211813659359452     
   324.00000000000244       0.19162925833836475     
   324.80000000000246       0.49732758370339480     
   325.60000000000247        5.5083246925134610E-002
   326.40000000000248      -0.46991274770407104     
   327.20000000000249      -0.28831119459864851     
   328.00000000000250       0.32669728561551892     
   328.80000000000251       0.45059342042133810     
   329.60000000000252      -0.10311307883583909     
   330.40000000000254      -0.50181160495263388     
   331.20000000000255      -0.14584651194401682     
   332.00000000000256       0.42929595241182877     
   332.80000000000257       0.35897947555715248     
   333.60000000000258      -0.25106101698174610     
   334.40000000000259      -0.48371242190692398     
   335.20000000000260        1.1092722400523780E-002
   336.00000000000261       0.48918994486450651     
   336.80000000000263       0.23165445987226885     
   337.60000000000264      -0.37407671506240170     
   338.40000000000265      -0.41743417130178517     
   339.20000000000266       0.16690035500819556     
   340.00000000000267       0.50035593133062817     
   340.80000000000268        8.1319294815947296E-002
   341.60000000000269      -0.45989883748926136     
   342.40000000000271      -0.30959448679043844     
   343.20000000000272       0.30613230789426449     
   344.00000000000273       0.46166909362078390     
   344.80000000000274       -7.7071814763210345E-002
   345.60000000000275      -0.49994481530562801     
   346.40000000000276      -0.17097320394838433     
   347.20000000000277       0.41495296320720787     
   348.00000000000279       0.37700717704514325     
   348.80000000000280      -0.22778842922062964     
   349.60000000000281      -0.49018106510648624     
   350.40000000000282       -1.5384824342506098E-002
   351.20000000000283       0.48249423917781020     
   352.00000000000284       0.25482553356196169     
   352.80000000000285      -0.35588521789776817     
   353.60000000000286      -0.43158369685728831     
   354.40000000000288       0.14170958903519620     
   355.20000000000289       0.50198801237806445     
   356.00000000000290       0.10732473005846749     
   356.80000000000291      -0.44861067791456460     
   357.60000000000292      -0.33001903396239951     
   358.40000000000293       0.28472057216644220     
   359.20000000000294       0.47146518340860766     
   360.00000000000296       -5.0811842575973265E-002
   360.80000000000297      -0.49668498202013961     
   361.60000000000298      -0.19562823194472928     
   362.40000000000299       0.39945230156539130     
   363.20000000000300       0.39398271953521513     
   364.00000000000301      -0.20388519704223251     
   364.80000000000302      -0.49528331357137328     
   365.60000000000304       -4.1816578426401407E-002
   366.40000000000305       0.47445949664227438     
   367.20000000000306       0.27729047419312230     
   368.00000000000307      -0.33670718900942248     
   368.80000000000308      -0.44453604989401296     
   369.60000000000309       0.11612227489782190     
   370.40000000000310       0.50222135269889590     
   371.20000000000312       0.13303442426773449     
   372.00000000000313      -0.43607201922640171     
   372.80000000000314      -0.34952364869862718     
   373.60000000000315       0.26251998860758097     
   374.40000000000316       0.47994811286264782     
   375.20000000000317       -2.4412902113369772E-002
   376.00000000000318      -0.49204521061382878     
   376.80000000000319      -0.21974181202574078     
   377.60000000000321       0.38284270449112640     
   378.40000000000322       0.40986496280333251     
   379.20000000000323      -0.17941401475357921     
   380.00000000000324      -0.49900574833109185     
   380.80000000000325       -6.8133824534247767E-002
   381.60000000000326       0.46510270985757241     
   382.40000000000327       0.29898333372230385     
   383.20000000000329      -0.31659546917427533     
   384.00000000000330      -0.45625106166907775     
   384.80000000000331        9.0214202205083638E-002
   385.60000000000332       0.50105841514444660     
   386.40000000000333       0.15837656584046367     
   387.20000000000334      -0.42232146363510192     
   388.00000000000335      -0.36805828083323150     
   388.80000000000337       0.23958942351580886     
   389.60000000000338       0.48709434124454354     
   390.40000000000339        2.0547918883792038E-003
   391.20000000000340      -0.48603465635104809     
   392.00000000000341      -0.24324423431817727     
   392.80000000000342       0.36517052105455167     
   393.60000000000343       0.42460704096055862     
   394.40000000000344      -0.15444613534668311     
   395.20000000000346      -0.50134033342053774     
   396.00000000000347       -9.4263587246683156E-002
   396.80000000000348       0.45445232964263782     
   397.60000000000349       0.31984665901996567     
   398.40000000000350      -0.29560391184328438     
   399.20000000000351      -0.46669583529540370     
   400.00000000000352        6.4055290850709157E-002
   400.80000000000354       0.49849979456136373     
   401.60000000000355       0.18327874193732718     
   402.40000000000356      -0.40739773137712310     
   403.20000000000357      -0.38556964487400253     
   404.00000000000358       0.21599489392834131     
   404.80000000000359       0.49288566757208963     
   405.60000000000360        2.8518127327861409E-002
   406.40000000000362      -0.47867155995983968     
   407.20000000000363      -0.26607211604382697     
   408.00000000000364       0.34648347256389345     
   408.80000000000365       0.43816747933933414     
   409.60000000000366      -0.12904961098907980     
   410.40000000000367      -0.50227869998027663     
   411.20000000000368      -0.12013186195481490     
   412.00000000000369       0.44253855718187524     
   412.80000000000371       0.33982132223498773     
   413.60000000000372      -0.27379252938769538     
   414.40000000000373      -0.47584249718501365     
   415.20000000000374        3.7717681440678497E-002
   416.00000000000375       0.49455350262527958     
   416.80000000000376       0.20767309164388431     
   417.60000000000377      -0.39134139399225915     
   418.40000000000379      -0.40200852438338108     
   419.20000000000380       0.19180117995206114     
   420.00000000000381       0.49730463698527100     
   420.80000000000382        5.4902651106508105E-002
   421.60000000000383      -0.46997694424242703     
   422.40000000000384      -0.28816129768849691     
   423.20000000000385       0.32683477024750524     
   424.00000000000387       0.45050936328988328     
   424.80000000000388      -0.10329447420661392     
   425.60000000000389      -0.50181870293470410     
   426.40000000000390      -0.14566773827149598     
   427.20000000000391       0.42939393203545256     
   428.00000000000392       0.35885128509942177     
   428.80000000000393      -0.25122155816340230     
   429.60000000000394      -0.48366462842427066     
   430.40000000000396        1.1275122515248592E-002
   431.20000000000397       0.48923094799985051     
   432.00000000000398       0.23149141047607330     
   432.80000000000399      -0.37419808008225403     
   433.60000000000400      -0.41732972336678154     
   434.40000000000401       0.16707507281368528     
   435.20000000000402       0.50033913884137693     
   436.00000000000404        8.1135799959739519E-002
   436.80000000000405      -0.45997460032464210     
   437.60000000000406      -0.30944993347273947     
   438.40000000000407       0.30627894843002662     
   439.20000000000408       0.46159764484555382     
   440.00000000000409       -7.7252624168562878E-002
   440.80000000000410      -0.49996191692799519     
   441.60000000000412      -0.17080007658241725     
   442.40000000000413       0.41505577790174097     
   443.20000000000414       0.37688395148846970     
   444.00000000000415      -0.22795343812569552     
   444.80000000000416      -0.49014047442745101     
   445.60000000000417       -1.5199522974058077E-002
   446.40000000000418       0.48254664595933416     
   447.20000000000420       0.25466714978336186     
   448.00000000000421      -0.35601557400503397     
   448.80000000000422      -0.43149008863421756     
   449.60000000000423       0.14188549762695923     
   450.40000000000424       0.50198089777108068     
   451.20000000000425       0.10714468363931495     
   452.00000000000426      -0.44869292689584495     
   452.80000000000427      -0.32987902261978386     
   453.60000000000429       0.28487302531509728     
   454.40000000000430       0.47140138058793379     
   455.20000000000431       -5.0995922189007503E-002
   456.00000000000432      -0.49671325570974956     
   456.80000000000433      -0.19545880377492786     
   457.60000000000434       0.39956420242995505     
   458.40000000000435       0.39386875708493868     
   459.20000000000437      -0.20405302366115513     
   460.00000000000438      -0.49525208204313947     
   460.80000000000439       -4.1632831613702070E-002
   461.60000000000440       0.47451958927102283     
   462.40000000000441       0.27713600178812658     
   463.20000000000442      -0.33684446001592405     
   464.00000000000443      -0.44445007643845569     
   464.80000000000445       0.11630206811806165     
   465.60000000000446       0.50222510312486524     
   466.40000000000447       0.13285693159532874     
   467.20000000000448      -0.43616356950472746     
   468.00000000000449      -0.34939143773538528     
   468.80000000000450       0.26267672405741316     
   469.60000000000451       0.47989328379819285     
   470.40000000000452       -2.4597106373646538E-002
   471.20000000000454      -0.49208199079972276     
   472.00000000000455      -0.21957548559258422     
   472.80000000000456       0.38296242638059863     
   473.60000000000457       0.40975827865856240     
   474.40000000000458      -0.17958649021232465     
   475.20000000000459      -0.49898498772195493     
   476.00000000000460       -6.7951382904935631E-002
   476.80000000000462       0.46517234032896693     
   477.60000000000463       0.29883525982919729     
   478.40000000000464      -0.31673831847129424     
   479.20000000000465      -0.45617356890989802     
   480.00000000000466        9.0395638687604807E-002
   480.80000000000467       0.50107116870770985     
   481.60000000000468       0.15820122053903191     
   482.40000000000470      -0.42242156789183499     
   483.20000000000471      -0.36793272648327069     
   484.00000000000472       0.23975164640618907     
   484.80000000000473       0.48704949044270307     
   485.60000000000474        1.8705954491122223E-003
   486.40000000000475      -0.48608116375357763     
   487.20000000000476      -0.24308293243994350     
   488.00000000000477       0.36529694469381324     
   488.80000000000479       0.42450821761781954     
   489.60000000000480      -0.15462164207069107     
   490.40000000000481      -0.50132879101836259     
   491.20000000000482       -9.4082229747510626E-002
   492.00000000000483       0.45453108298509387     
   492.80000000000484       0.31970441522814491     
   493.60000000000485      -0.29575310192290399     
   494.40000000000487      -0.46662772100927030     
   495.20000000000488        6.4238025228451789E-002
   496.00000000000489       0.49852237103395375     
   496.80000000000490       0.18310705775980324     
   497.60000000000491      -0.40750548494717814     
   498.40000000000492      -0.38545120003842803     
   499.20000000000493       0.21616141917418719     
   500.00000000000495       0.49285000201254925     
   500.80000000000496        2.8333877993454659E-002
   501.60000000000497      -0.47872759675935306     
   502.40000000000498      -0.26591566033872471     
   503.20000000000499       0.34661705759180772     
   504.00000000000500       0.43807732305301023     
   504.80000000000501      -0.12922769811643658     
   505.60000000000502      -0.50227695237144188     
   506.40000000000504      -0.11995280697915894     
   507.20000000000505       0.44262572824720176     
   508.00000000000506       0.33968531057100460     
   508.80000000000507      -0.27394717890850651     
   509.60000000000508      -0.47578331462303791     
   510.40000000000509        3.7901646391921284E-002
   511.20000000000510       0.49458585121820681     
   512.00000000000512       0.20750515122172525     
   512.80000000000507      -0.39145705886187337     
   513.60000000000502      -0.40189792356287923     
   514.40000000000498       0.19197151901747456     
   515.20000000000493       0.49727859641446787     
   516.00000000000489        5.4719353282765726E-002
   516.80000000000484      -0.47004198512121337     
   517.60000000000480      -0.28801008263264494     
   518.40000000000475       0.32697485378000890     
   519.20000000000471       0.45042768823333557     
   520.00000000000466      -0.10347497956278073     
   520.80000000000462      -0.50182680453826367     
   521.60000000000457      -0.14549123955037402     
   522.40000000000452       0.42948966334344107     
   523.20000000000448       0.35872218724025395     
   524.00000000000443      -0.25138118359449035     
   524.80000000000439      -0.48361475069910120     
   525.60000000000434        1.1459470780546654E-002
   526.40000000000430       0.48927270298676767     
   527.20000000000425       0.23132762171925308     
   528.00000000000421      -0.37432115635144608     
   528.80000000000416      -0.41722697760741334     
   529.60000000000412       0.16724899958728412     
   530.40000000000407       0.50032285835150936     
   531.20000000000402        8.0953815511549176E-002
   532.00000000000398      -0.46004872565433469     
   532.80000000000393      -0.30930460345859923     
   533.60000000000389       0.30642507884324355     
   534.40000000000384       0.46152480248634170     
   535.20000000000380       -7.7434819036296287E-002
   536.00000000000375      -0.49997964269503375     
   536.80000000000371      -0.17062656267114629     
   537.60000000000366       0.41515969717347312     
   538.40000000000362       0.37676192710341644     
   539.20000000000357      -0.22811777677432649     
   540.00000000000352      -0.49010010293913453     
   540.80000000000348       -1.5015216890405969E-002
   541.60000000000343       0.48259786686953388     
   542.40000000000339       0.25450813106868542     
   543.20000000000334      -0.35614565903250472     
   544.00000000000330      -0.43139555525138928     
   544.80000000000325       0.14206237666073296     
   545.60000000000321       0.50197427608402856     
   546.40000000000316       0.10696446077574201     
   547.20000000000312      -0.44877586990124324     
   548.00000000000307      -0.32973984917730026     
   548.80000000000302       0.28502492682255631     
   549.60000000000298       0.47133762990701933     
   550.40000000000293       -5.1179349360508830E-002
   551.20000000000289      -0.49674067340331313     
   552.00000000000284      -0.19528887408559475     
   552.80000000000280       0.39967596693743263     
   553.60000000000275       0.39375418473452645     
   554.40000000000271      -0.20422151767835367     
   555.20000000000266      -0.49522122444262789     
   556.00000000000261       -4.1449029946353910E-002
   556.80000000000257       0.47458010115027316     
   557.60000000000252       0.27698210795711059     
   558.40000000000248      -0.33698128469531613     
   559.20000000000243      -0.44436406607116086     
   560.00000000000239       0.11648143387859122     
   560.80000000000234       0.50222823601408684     
   561.60000000000230       0.13267905412176256     
   562.40000000000225      -0.43625505435518513     
   563.20000000000221      -0.34925882772158617     
   564.00000000000216       0.26283390754191288     
   564.80000000000211       0.47983872835343816     
   565.60000000000207       -2.4781297618710896E-002
   566.40000000000202      -0.49211900871754821     
   567.20000000000198      -0.21940955554794672     
   568.00000000000193       0.38308179006501830     
   568.80000000000189       0.40965151578468983     
   569.60000000000184      -0.17975868336615097     
   570.40000000000180      -0.49896378052824780     
   571.20000000000175       -6.7768654229742042E-002
   572.00000000000171       0.46524193854011725     
   572.80000000000166       0.29868692734636654     
   573.60000000000161      -0.31688145824587438     
   574.40000000000157      -0.45609626944307585     
   575.20000000000152        9.0577026029742769E-002
   576.00000000000148       0.50108404202928947     
   576.80000000000143       0.15802614585605940     
   577.60000000000139      -0.42252138485103824     
   578.40000000000134      -0.36780707933219570     
   579.20000000000130       0.23991367867626601     
   580.00000000000125       0.48700431491515001     
   580.80000000000121        1.6861915937174121E-003
   581.60000000000116      -0.48612765075883740     
   582.40000000000111      -0.24292146551180538     
   583.20000000000107       0.36542354648065822     
   584.00000000000102       0.42440952588326269     
   584.80000000000098      -0.15479708165538669     
   585.60000000000093      -0.50131729336868802     
   586.40000000000089       -9.3901057809459565E-002
   587.20000000000084       0.45460960456302335     
   588.00000000000080       0.31956208019963794     
   588.80000000000075      -0.29590215771593653     
   589.60000000000070      -0.46655936867478964     
   590.40000000000066        6.4420903316065314E-002
   591.20000000000061       0.49854492786417770     
   592.00000000000057       0.18293527114781827     
   592.80000000000052      -0.40761333719520620     
   593.60000000000048      -0.38533284128406570     
   594.40000000000043       0.21632786916560748     
   595.20000000000039       0.49281433504054667     
   596.00000000000034        2.8149758172249684E-002
   596.80000000000030      -0.47878344450545013     
   597.60000000000025      -0.26575912324220352     
   598.40000000000020       0.34675054167751929     
   599.20000000000016       0.43798699054682466     
   600.00000000000011      -0.12940587856715235     
   600.80000000000007      -0.50227518091926704     
   601.60000000000002      -0.11977369203007415     
   602.39999999999998       0.44271294227903923     
   603.19999999999993       0.33954935281656684     
   603.99999999999989      -0.27410175011041005     
   604.79999999999984      -0.47572410371305196     
   605.59999999999980        3.8085517473345876E-002
   606.39999999999975       0.49461804328630893     
   607.19999999999970       0.20733714318592589     
   607.99999999999966      -0.39157264151336746     
   608.79999999999961      -0.40178719105441996     
   609.59999999999957       0.19214191182928964     
   610.39999999999952       0.49725252641917600     
   611.19999999999948        5.4536024946501616E-002
   611.99999999999943      -0.47010703038972751     
   612.79999999999939      -0.28785889998508774     
   613.59999999999934       0.32711485827267150     
   614.39999999999930       0.45034597064153070     
   615.19999999999925      -0.10365541254599175     
   615.99999999999920      -0.50183477437679413     
   616.79999999999916      -0.14531468843921136     
   617.59999999999911       0.42958532215840395     
   618.39999999999907       0.35859299036223508     
   619.19999999999902      -0.25154083181123826     
   619.99999999999898      -0.48356483855209026     
   620.79999999999893        1.1643828414866053E-002
   621.59999999999889       0.48931443614915199     
   622.39999999999884       0.23116385217098590     
   623.19999999999879      -0.37444415379236395     
   623.99999999999875      -0.41712418354199965     
   624.79999999999870       0.16742286584662214     
   625.59999999999866       0.50030646514527377     
   626.39999999999861        8.0771793983708151E-002
   627.19999999999857      -0.46012278295669551     
   627.99999999999852      -0.30915919907965378     
   628.79999999999848       0.30657120788817033     
   629.59999999999843       0.46145192226685389     
   630.39999999999839       -7.7617007434601371E-002
   631.19999999999834      -0.49999732937427033     
   631.99999999999829      -0.17045306107744618     
   632.79999999999825       0.41526353811948058     
   633.59999999999820       0.37663985418305229     
   634.39999999999816      -0.22828206035665649     
   635.19999999999811      -0.49005963374346245     
   635.99999999999807       -1.4830888423032984E-002
   636.79999999999802       0.48264902141990024     
   637.59999999999798       0.25434905730332991     
   638.39999999999793      -0.35627572391460716     
   639.19999999999789      -0.43130098251678911     
   639.99999999999784       0.14223923679607026     
   640.79999999999779       0.50196760457450951     
   641.59999999999775       0.10678424802331626     
   642.39999999999770      -0.44885873517004587     
   643.19999999999766      -0.32960063061251477     
   643.99999999999761       0.28517677460009350     
   644.79999999999757       0.47127379379547096     
   645.59999999999752       -5.1362785165557923E-002
   646.39999999999748      -0.49676802520220331     
   647.19999999999743      -0.19511890514259189     
   647.99999999999739       0.39978769680191084     
   648.79999999999734       0.39363957353884982     
   649.59999999999729      -0.20438998261886576     
   650.39999999999725      -0.49519031110014899     
   651.19999999999720       -4.1265239571529055E-002
   651.99999999999716       0.47464053599499811     
   652.79999999999711       0.27682817480357830     
   653.59999999999707      -0.33711805450281968     
   654.39999999999702      -0.44427798080620906     
   655.19999999999698       0.11666079560350806     
   655.99999999999693       0.50223130328383259     
   656.79999999999688       0.13250115088485886     
   657.59999999999684      -0.43634649352182481     
   658.39999999999679      -0.34912618123528000     
   659.19999999999675       0.26299105334384426     
   659.99999999999670       0.47978411485171013     
   660.79999999999666       -2.4965474023122769E-002
   661.59999999999661      -0.49215595054739875     
   662.39999999999657      -0.21924359352985928     
   663.19999999999652       0.38320109641621342     
   663.99999999999648       0.40954468752454587     
   664.79999999999643      -0.17993086093712540     
   665.59999999999638      -0.49894250842125637     
   666.39999999999634       -6.7585911752830796E-002
   667.19999999999629       0.46531148287564839     
   667.99999999999625       0.29853856240599314     
   668.79999999999620      -0.31702455293510362     
   669.59999999999616      -0.45601891235004544     
   670.39999999999611        9.0758393415185434E-002
   671.19999999999607       0.50109684061847914     
   671.99999999999602       0.15785104752892892     
   672.79999999999598      -0.42262114151701741     
   673.59999999999593      -0.36768137578986015     
   674.39999999999588       0.24007568494234688     
   675.19999999999584       0.48695907597094779     
   675.99999999999579        1.5017848456421179E-003
   676.79999999999575      -0.48617407810061308     
   677.59999999999570      -0.24275997152046730     
   678.39999999999566       0.36555009680762024     
   679.19999999999561       0.42431077908410336     
   679.99999999999557      -0.15497249522179263     
   680.79999999999552      -0.50130572290637465     
   681.59999999999548       -9.3719871136644040E-002
   682.39999999999543       0.45468806296769715     
   683.19999999999538       0.31941969759055233     
   683.99999999999534      -0.29605117820832427     
   684.79999999999529      -0.46649095539682039     
   685.59999999999525        6.4603774170288508E-002
   686.39999999999520       0.49856742132014331     
   687.19999999999516       0.18276346397467541     
   687.99999999999511      -0.40772113257926784     
   688.79999999999507      -0.38521443170653102     
   689.59999999999502       0.21649428661909720     
   690.39999999999498       0.49277859786590711     
   691.19999999999493        2.7965632811440599E-002
   691.99999999999488      -0.47883922668276824     
   692.79999999999484      -0.26560254738973410     
   693.59999999999479       0.34688398229574258     
   694.39999999999475       0.43789660061797075     
   695.19999999999470      -0.12958404231027898     
   695.99999999999466      -0.50227334421397107     
   696.79999999999461      -0.11959456386373657     
   697.59999999999457       0.44280009502190232     
   698.39999999999452       0.33941334981790561     
   699.19999999999447      -0.27425628218146325     
   699.99999999999443      -0.47566482598903204     
   700.79999999999438        3.8269384841835730E-002
   701.59999999999434       0.49465016815094837     
   702.39999999999429       0.20716910532784633     
   703.19999999999425      -0.39168817367727521     
   703.99999999999420      -0.40167640568650681     
   704.79999999999416       0.19231227907199272     
   705.59999999999411       0.49722639093401161     
   706.39999999999407        5.4352691327589020E-002
   707.19999999999402      -0.47017201096363170     
   707.99999999999397      -0.28770767873721131     
   708.79999999999393       0.32725481727540645     
   709.59999999999388       0.45026419045260829     
   710.39999999999384      -0.10383583269284419     
   711.19999999999379      -0.50184267631926305     
   711.99999999999375      -0.14513811656816950     
   712.79999999999370       0.42968092463757196     
   713.59999999999366       0.35846374617329568     
   714.39999999999361      -0.25170044622938259     
   715.19999999999357      -0.48351486216473261     
   715.99999999999352        1.1828183040513696E-002
   716.79999999999347       0.48935610227947557     
   717.59999999999343       0.23100005150064329     
   718.39999999999338      -0.37456709986734904     
   719.19999999999334      -0.41702133193736624     
   719.99999999999329       0.16759671043605884     
   720.79999999999325       0.50029000440074167     
   721.59999999999320        8.0589760850379999E-002
   722.39999999999316      -0.46019677927633523     
   723.19999999999311      -0.30901375382908264     
   723.99999999999307       0.30671729559572053     
   724.79999999999302       0.46137898040891284     
   725.59999999999297       -7.7799184391656839E-002
   726.39999999999293      -0.50001494779608713     
   727.19999999999288      -0.17027953647095229     
   727.99999999999284       0.41536732250821928     
   728.79999999999279       0.37651772960040780     
   729.59999999999275      -0.22844631386917930     
   730.39999999999270      -0.49001909846994945     
   731.19999999999266       -1.4646557521894810E-002
   731.99999999999261       0.48270011156942355     
   732.79999999999256       0.25418994987734650     
   733.59999999999252      -0.35640574069064707     
   734.39999999999247      -0.43120635197466239     
   735.19999999999243       0.14241607711272275     
   735.99999999999238       0.50196086472235968     
   736.79999999999234       0.10660402081086950     
   737.59999999999229      -0.44894153953730820     
   738.39999999999225      -0.32946136702864504     
   739.19999999999220       0.28532858447438414     
   739.99999999999216       0.47120989417870268     
   740.79999999999211       -5.1546214314208638E-002
   741.59999999999206      -0.49679531042996161     
   742.39999999999202      -0.19494891038411061     
   743.19999999999197       0.39989937265109615     
   743.99999999999193       0.39352490947513064     
   744.79999999999188      -0.20455841959866039     
   745.59999999999184      -0.49515933047912453     
   746.39999999999179       -4.1081443556707065E-002
   747.19999999999175       0.47470090656854147     
   747.99999999999170       0.27667420396084563     
   748.79999999999166      -0.33725477926425573     
   749.59999999999161      -0.44419183569595549     
   750.39999999999156       0.11684014177699470     
   751.19999999999152       0.50223430306627592     
   751.99999999999147       0.13232323016217423     
   752.79999999999143      -0.43643787371327297     
   753.59999999999138      -0.34899348780621431     
   754.39999999999134       0.26314816344428527     
   755.19999999999129       0.47972943627311027     
   755.99999999999125       -2.5149647148058452E-002
   756.79999999999120      -0.49219282580625401     
   757.59999999999116      -0.21907760173680313     
   758.39999999999111       0.38332035138518450     
   759.19999999999106       0.40943780411360797     
   759.99999999999102      -0.18010301437821552     
   760.79999999999097      -0.49892116915566920     
   761.59999999999093       -6.7403160447634669E-002
   762.39999999999088       0.46538096430859593     
   763.19999999999084       0.29839015730586232     
   763.99999999999079      -0.31716760473604916     
   764.79999999999075      -0.45594149348732338     
   765.59999999999070        9.0939748661367559E-002
   766.39999999999065       0.50110957146996071     
   767.19999999999061       0.15767592780432504     
   767.99999999999056      -0.42272084137776866     
   768.79999999999052      -0.36755562274941611     
   769.59999999999047       0.24023765894185689     
   770.39999999999043       0.48691377141628955     
   771.19999999999038        1.3173780960483161E-003
   771.99999999999034      -0.48622043971397949     
   772.79999999999029      -0.24259844487401860     
   773.59999999999025       0.36567659775379724     
   774.39999999999020       0.42421197487527085     
   775.19999999999015      -0.15514788800142043     
   775.99999999999011      -0.50129408470722991     
   776.79999999999006       -9.3538671772891713E-002
   777.59999999999002       0.45476646015175509     
   778.39999999998997       0.31927727199824091     
   779.19999999998993      -0.29620015886403001     
   779.99999999998988      -0.46642247923356478     
   780.79999999998984        6.4786636187119273E-002
   781.59999999998979       0.49858984737402884     
   782.39999999998975       0.18259163222870717     
   783.19999999998970      -0.40782887291183895     
   783.99999999998965      -0.38509597006070378     
   784.79999999998961       0.21666067499603964     
   785.59999999998956       0.49274279413009692     
   786.39999999998952        2.7781503652916983E-002
   787.19999999998947      -0.47889494430997059     
   787.99999999998943      -0.26544593581706505     
   788.79999999998938       0.34701737619622669     
   789.59999999998934       0.43780615164703340     
   790.39999999998929      -0.12976218851855348     
   791.19999999998925      -0.50227143961474807     
   791.99999999998920      -0.11941541963430413     
   792.79999999998915       0.44288718797696169     
   793.59999999998911       0.33927730098401976     
   794.39999999998906      -0.27441077738303288     
   795.19999999998902      -0.47560548403700609     
   795.99999999998897        3.8453247073958918E-002
   796.79999999998893       0.49468222628101638     
   797.59999999998888       0.20700103963210298     
   798.39999999998884      -0.39180365304801451     
   799.19999999998879      -0.40156556616248978     
