   0.0000000000000000        1.1931586591593273     
  0.80000000000000004       0.94574645306591187     
   1.6000000000000001       0.49289742907684270     
   2.4000000000000004       -2.7989806137835360E-002
   3.2000000000000002      -0.52572926443649948     
   4.0000000000000000      -0.91932419564790357     
   4.7999999999999998       -1.1145736302582994     
   5.5999999999999996       -1.0751055070098130     
   6.3999999999999995      -0.87412991364292669     
   7.1999999999999993      -0.62054308610269171     
   7.9999999999999991      -0.36312272277065305     
   8.7999999999999989       -7.5910620825528574E-002
   9.5999999999999996       0.28879976823872144     
   10.400000000000000       0.72510355411981586     
   11.200000000000001        1.1130345305231404     
   12.000000000000002        1.2564981706483471     
   12.800000000000002        1.0697454041743586     
   13.600000000000003       0.66745281376149901     
   14.400000000000004       0.21437098330498622     
   15.200000000000005      -0.20436711759967457     
   16.000000000000004      -0.57087783908374279     
   16.800000000000004      -0.86837089271957768     
   17.600000000000005       -1.0483230691606682     
   18.400000000000006       -1.0620928326743757     
   19.200000000000006      -0.91289946378130082     
   20.000000000000007      -0.65007636328127472     
   20.800000000000008      -0.31674405942133826     
   21.600000000000009        7.5654122442670335E-002
   22.400000000000009       0.51789521514674397     
   23.200000000000010       0.94188117240891278     
   24.000000000000011        1.1979501787820661     
   24.800000000000011        1.1636122540525091     
   25.600000000000012       0.88111657729278003     
   26.400000000000013       0.49825897817316506     
   27.200000000000014       0.11955285386538950     
   28.000000000000014      -0.23703689503272551     
   28.800000000000015      -0.58700508991468237     
   29.600000000000016      -0.90730841208359769     
   30.400000000000016       -1.1093436892868267     
   31.200000000000017       -1.1024808721731760     
   32.000000000000014      -0.88758783710765998     
   32.800000000000011      -0.54571332825800634     
   33.600000000000009      -0.15037131529071984     
   34.400000000000006       0.26941902588861705     
   35.200000000000003       0.68909350402025282     
   36.000000000000000        1.0298487828987088     
   36.799999999999997        1.1704648660944859     
   37.599999999999994        1.0589618053274028     
   38.399999999999991       0.77178707836812210     
   39.199999999999989       0.42289764013334485     
   39.999999999999986        6.7090940917837238E-002
   40.799999999999983      -0.30076457650257532     
   41.599999999999980      -0.68287938965434170     
   42.399999999999977       -1.0144567792150865     
   43.199999999999974       -1.1695325674824186     
   43.999999999999972       -1.0718871991127901     
   44.799999999999969      -0.77628604428039549     
   45.599999999999966      -0.39503363979796008     
   46.399999999999963        3.7199620886598228E-003
   47.199999999999960       0.40445395408560064     
   47.999999999999957       0.78506767606808359     
   48.799999999999955        1.0663541447682392     
   49.599999999999952        1.1447888007067508     
   50.399999999999949       0.99581715392228720     
   51.199999999999946       0.69866038019640975     
   51.999999999999943       0.34563409219302715     
   52.799999999999940       -2.6819022380026258E-002
   53.599999999999937      -0.42092794162902070     
   54.399999999999935      -0.81234227212864107     
   55.199999999999932       -1.1026828628322889     
   55.999999999999929       -1.1679567885290632     
   56.799999999999926      -0.98434284652489512     
   57.599999999999923      -0.64903572500955398     
   58.399999999999920      -0.26830067662210783     
   59.199999999999918       0.11636497665334838     
   59.999999999999915       0.50373173116849546     
   60.799999999999912       0.86520375496489832     
   61.599999999999909        1.1078702330243029     
   62.399999999999906        1.1319681825038286     
   63.199999999999903       0.93517608569563215     
   63.999999999999901       0.60855990025056816     
   64.799999999999898       0.23713620157650889     
   65.599999999999895      -0.15139717743009928     
   66.399999999999892      -0.55324379468724061     
   67.199999999999889      -0.92219147037480687     
   67.999999999999886       -1.1454998563724512     
   68.799999999999883       -1.1258440495025723     
   69.599999999999881      -0.88698004092353810     
   70.399999999999878      -0.53859200856369305     
   71.199999999999875      -0.16414463346851266     
   71.999999999999872       0.21741335155865477     
   72.799999999999869       0.60594078215857650     
   73.599999999999866       0.95307832446329943     
   74.399999999999864        1.1475104142770889     
   75.199999999999861        1.1028746152983986     
   75.999999999999858       0.85125231161570292     
   76.799999999999855       0.49768373374803848     
   77.599999999999852       0.11635181640223297     
   78.399999999999849      -0.27626242615043489     
   79.199999999999847      -0.67118921382518903     
   79.999999999999844       -1.0043726409437801     
   80.799999999999841       -1.1595527673035084     
   81.599999999999838       -1.0705010589857502     
   82.399999999999835      -0.79358886265694850     
   83.199999999999832      -0.43631892515673354     
   83.999999999999829       -6.0366227414086593E-002
   84.799999999999827       0.32751277965982850     
   85.599999999999824       0.71726873951945225     
   86.399999999999821        1.0361561186610904     
   87.199999999999818        1.1644753525099050     
   87.999999999999815        1.0464656955342664     
   88.799999999999812       0.75003445702665594     
   89.599999999999810       0.38253932239018507     
   90.399999999999807       -2.1797590829031321E-004
   91.199999999999804      -0.39244390839596199     
   91.999999999999801      -0.77626363607519178     
   92.799999999999798       -1.0693279117330841     
   93.599999999999795       -1.1573107429826623     
   94.399999999999793       -1.0063475062841321     
   95.199999999999790      -0.69717678570341057     
   95.999999999999787      -0.33016238586066815     
   96.799999999999784        5.1221438403245168E-002
   97.599999999999781       0.44513327896102145     
   98.399999999999778       0.82604879997585612     
   99.199999999999775        1.0999384794959763     
   99.999999999999773        1.1536000022651987     
   100.79999999999977       0.97057641593251898     
   101.59999999999977       0.64395954147679879     
   102.39999999999976       0.27109121493083421     
   103.19999999999976      -0.11220303273437915     
   103.99999999999976      -0.50511916061662410     
   104.79999999999976      -0.87462576597547903     
   105.59999999999975       -1.1202070238466488     
   106.39999999999975       -1.1377222583682389     
   107.19999999999975      -0.92923699920146707     
   107.99999999999974      -0.59344438987727188     
   108.79999999999974      -0.21894935778229507     
   109.59999999999974       0.16700039387145921     
   110.39999999999974       0.56239206153171573     
   111.19999999999973       0.92337540739598956     
   111.99999999999973        1.1408008631178863     
   112.79999999999973        1.1202181223062120     
   113.59999999999972       0.88394048276173698     
   114.39999999999972       0.53745799224943702     
   115.19999999999972       0.16151059509658516     
   115.99999999999972      -0.22465850025163508     
   116.79999999999971      -0.61789029649713290     
   117.59999999999971      -0.96517816657182809     
   118.39999999999971       -1.1526188412315377     
   119.19999999999970       -1.0977064275541215     
   119.99999999999970      -0.83930448603928176     
   120.79999999999970      -0.48481209423406080     
   121.59999999999970      -0.10620878041353921     
   122.39999999999969       0.28296235045906148     
   123.19999999999969       0.67524651979924055     
   123.99999999999969        1.0066061242635638     
   124.79999999999968        1.1601349878578220     
   125.59999999999968        1.0691454834019500     
   126.39999999999968       0.78987353394430349     
   127.19999999999968       0.42975992204903835     
   127.99999999999967        5.0690776331363652E-002
   128.79999999999967      -0.33954702367903167     
   129.59999999999968      -0.72883123223262136     
   130.39999999999969       -1.0426022873650007     
   131.19999999999970       -1.1627457442241722     
   131.99999999999972       -1.0385056951108520     
   132.79999999999973      -0.74060177956343676     
   133.59999999999974      -0.37471270111346167     
   134.39999999999975        6.3680616956863778E-003
   135.19999999999976       0.39833608863105663     
   135.99999999999977       0.78255787564598467     
   136.79999999999978        1.0744840169322405     
   137.59999999999980        1.1585776696368986     
   138.39999999999981        1.0025545851410194     
   139.19999999999982       0.68943842338871497     
   139.99999999999983       0.32021289958657462     
   140.79999999999984       -6.2085036612209210E-002
   141.59999999999985      -0.45558341075612940     
   142.39999999999986      -0.83384148960470306     
   143.19999999999987       -1.1024447830158068     
   143.99999999999989       -1.1503005395182850     
   144.79999999999990      -0.96397318362406126     
   145.59999999999991      -0.63688563577552237     
   146.39999999999992      -0.26439265033709608     
   147.19999999999993       0.11933866879156174     
   147.99999999999994       0.51334104196780861     
   148.79999999999995       0.88261352626398981     
   149.59999999999997        1.1246023624414256     
   150.39999999999998        1.1360337546502708     
   151.19999999999999       0.92237985142051460     
   152.00000000000000       0.58420333537135716     
   152.80000000000001       0.20935266146834042     
   153.60000000000002      -0.17622598037740811     
   154.40000000000003      -0.57070167477704303     
   155.20000000000005      -0.92926514231872037     
   156.00000000000006       -1.1423044171833723     
   156.80000000000007       -1.1170104269417582     
   157.60000000000008      -0.87779412314166516     
   158.40000000000009      -0.53018433133332266     
   159.20000000000010      -0.15358837808695674     
   160.00000000000011       0.23349524250775161     
   160.80000000000013       0.62708240602764498     
   161.60000000000014       0.97223718392715774     
   162.40000000000015        1.1543446338277654     
   163.20000000000016        1.0934141957423646     
   164.00000000000017       0.83143938629892267     
   164.80000000000018       0.47611282242357778     
   165.60000000000019        9.7766069136850986E-002
   166.40000000000020      -0.29123062128604749     
   167.20000000000022      -0.68300304501300224     
   168.00000000000023       -1.0120265031126827     
   168.80000000000024       -1.1609531947863359     
   169.60000000000025       -1.0651012445642252     
   170.40000000000026      -0.78282879892409329     
   171.20000000000027      -0.42151822408435918     
   172.00000000000028       -4.1864018373215572E-002
   172.80000000000030       0.34880566348319397     
   173.60000000000031       0.73737730915108046     
   174.40000000000032        1.0477657611231659     
   175.20000000000033        1.1622494565007537     
   176.00000000000034        1.0330125515408324     
   176.80000000000035       0.73280793431221114     
   177.60000000000036       0.36657834155546803     
   178.40000000000038       -1.4528573750590634E-002
   179.20000000000039      -0.40674956047374244     
   180.00000000000040      -0.79034692310334431     
   180.80000000000041       -1.0791293762023451     
   181.60000000000042       -1.1578833459767617     
   182.40000000000043      -0.99705675869871990     
   183.20000000000044      -0.68149818599058798     
   184.00000000000045      -0.31158055184500444     
   184.80000000000047        7.0961470610698629E-002
   185.60000000000048       0.46448416315985908     
   186.40000000000049       0.84136306541022199     
   187.20000000000050        1.1059734321658343     
   188.00000000000051        1.1483262848692157     
   188.80000000000052       0.95783592190468259     
   189.60000000000053       0.62906495887049041     
   190.40000000000055       0.25622796497549183     
   191.20000000000056      -0.12782041462495974     
   192.00000000000057      -0.52205021911487504     
   192.80000000000058      -0.88996064085538396     
   193.60000000000059       -1.1277446041047696     
   194.40000000000060       -1.1335155503910346     
   195.20000000000061      -0.91572283593438897     
   196.00000000000063      -0.57593660494850896     
   196.80000000000064      -0.20081349635338808     
   197.60000000000065       0.18491572780930471     
   198.40000000000066       0.57923733576769709     
   199.20000000000067       0.93589134255113848     
   200.00000000000068        1.1444118723132730     
   200.80000000000069        1.1137498133808938     
   201.60000000000070       0.87098461329787857     
   202.40000000000072       0.52209809554988862     
   203.20000000000073       0.14517238027685342     
   204.00000000000074      -0.24226328250700813     
   204.80000000000075      -0.63569570588753033     
   205.60000000000076      -0.97856886304997581     
   206.40000000000077       -1.1557053770614183     
   207.20000000000078       -1.0893483259428707     
   208.00000000000080      -0.82412278297540542     
   208.80000000000081      -0.46782921681996398     
   209.60000000000082       -8.9327184880055810E-002
   210.40000000000083       0.29989139431433259     
   211.20000000000084       0.69127115421656093     
   212.00000000000085        1.0176821261222686     
   212.80000000000086        1.1615284904149155     
   213.60000000000088        1.0605403561663220     
   214.40000000000089       0.77537439306992795     
   215.20000000000090       0.41320196023587652     
   216.00000000000091        3.3294581416257463E-002
   216.80000000000092      -0.35763358646883198     
   217.60000000000093      -0.74554434802682279     
   218.40000000000094       -1.0527974767255466     
   219.20000000000095       -1.1619008391609522     
   220.00000000000097       -1.0277600512233387     
   220.80000000000098      -0.72510488150655639     
   221.60000000000099      -0.35828270292632591     
   222.40000000000100        2.3024349596832028E-002
   223.20000000000101       0.41547580009600077     
   224.00000000000102       0.79820862748770360     
   224.80000000000103        1.0835264618118885     
   225.60000000000105        1.1568036310475172     
   226.40000000000106       0.99132701615281549     
   227.20000000000107       0.67359839292327672     
   228.00000000000108       0.30317536959695524     
   228.80000000000109       -7.9585406989298779E-002
   229.60000000000110      -0.47323555325601868     
   230.40000000000111      -0.84887739969088138     
   231.20000000000113       -1.1095751966972365     
   232.00000000000114       -1.1463959509165227     
   232.80000000000115      -0.95163778874669758     
   233.60000000000116      -0.62107964660825643     
   234.40000000000117      -0.24786157460497449     
   235.20000000000118       0.13644474871077394     
   236.00000000000119       0.53075407269371788     
   236.80000000000121       0.89712495571667727     
   237.60000000000122        1.1306227143999801     
   238.40000000000123        1.1308334487102110     
   239.20000000000124       0.90908604316333486     
   240.00000000000125       0.56779815870333972     
   240.80000000000126       0.19238408322820477     
   241.60000000000127      -0.19358798943133715     
   242.40000000000128      -0.58783136106228417     
   243.20000000000130      -0.94256126144887253     
   244.00000000000131       -1.1464660421419754     
   244.80000000000132       -1.1103514357296465     
   245.60000000000133      -0.86402638639309171     
   246.40000000000134      -0.51390899790930877     
   247.20000000000135      -0.13672233548113072     
   248.00000000000136       0.25099085402336174     
   248.80000000000138       0.64419679828943888     
   249.60000000000139       0.98474414468728699     
   250.40000000000140        1.1569377876536535     
   251.20000000000141        1.0852461785745950     
   252.00000000000142       0.81683856762915030     
   252.80000000000143       0.45956991237656331     
   253.60000000000144        8.0855816142913484E-002
   254.40000000000146      -0.30862500335060444     
   255.20000000000147      -0.69957908519081635     
   256.00000000000148       -1.0232695708602890     
   256.80000000000149       -1.1619424754429772     
   257.60000000000150       -1.0558276675918665     
   258.40000000000151      -0.76784959891265570     
   259.20000000000152      -0.40489177918586639     
   260.00000000000153       -2.4769775030524632E-002
   260.80000000000155       0.36640411856925353     
   261.60000000000156       0.75364099907497839     
   262.40000000000157        1.0577412038970351     
   263.20000000000158        1.1614710245931277     
   264.00000000000159        1.0224601912057383     
   264.80000000000160       0.71737403803781508     
   265.60000000000161       0.34994869045699456     
   266.40000000000163       -3.1573122500487549E-002
   267.20000000000164      -0.42423451244992288     
   268.00000000000165      -0.80602673585216178     
   268.80000000000166       -1.0877875570405275     
   269.60000000000167       -1.1555684163591564     
   270.40000000000168      -0.98551219345386276     
   271.20000000000169      -0.66569475797710220     
   272.00000000000171      -0.29480039213720316     
   272.80000000000172        8.8186308599398355E-002
   273.60000000000173       0.48197246731980475     
   274.40000000000174       0.85635174322844076     
   275.20000000000175        1.1130888343355110     
   276.00000000000176        1.1443624662365692     
   276.80000000000177       0.94536601253714403     
   277.60000000000178       0.61305296285169752     
   278.40000000000180       0.23946758226508780     
   279.20000000000181      -0.14508612613378324     
   280.00000000000182      -0.53944011111378753     
   280.80000000000183      -0.90420493695540105     
   281.60000000000184       -1.1333648479413967     
   282.40000000000185       -1.1280383871396573     
   283.20000000000186      -0.90240691380637128     
   284.00000000000188      -0.55966415838192263     
   284.80000000000189      -0.18396029311328788     
   285.60000000000190       0.20226991274334816     
   286.40000000000191       0.59642334662707852     
   287.20000000000192       0.94917148863902989     
   288.00000000000193        1.1484013502707673     
   288.80000000000194        1.1068381826371791     
   289.60000000000196       0.85700539458558445     
   290.40000000000197       0.50570068190768680     
   291.20000000000198       0.12826887005566423     
   292.00000000000199      -0.25971354673677333     
   292.80000000000200      -0.65266247735640959     
   293.60000000000201      -0.99082831564036999     
   294.40000000000202       -1.1580480319573672     
   295.20000000000203       -1.0810551713646492     
   296.00000000000205      -0.80952133746687549     
   296.80000000000206      -0.45130349237662548     
   297.60000000000207       -7.2372325851366659E-002
   298.40000000000208       0.31737250306676551     
   299.20000000000209       0.70786450684696101     
   300.00000000000210        1.0287640253728378     
   300.80000000000211        1.1622237548096557     
   301.60000000000213        1.0510167390250575     
   302.40000000000214       0.76028848651260761     
   303.20000000000215       0.39657988358799240     
   304.00000000000216        1.6247091015009041E-002
   304.80000000000217      -0.37516871400116386     
   305.60000000000218      -0.76169692786342780     
   306.40000000000219       -1.0625869298498138     
   307.20000000000221       -1.1609225406458439     
   308.00000000000222       -1.0170814059927737     
   308.80000000000223      -0.70961365937259036     
   309.60000000000224      -0.34160433813965313     
   310.40000000000225        4.0134070208805828E-002
   311.20000000000226       0.43299416380363287     
   312.00000000000227       0.81379606742240029     
   312.80000000000229        1.0919350629439983     
   313.60000000000230        1.1542076353292938     
   314.40000000000231       0.97962409531229477     
   315.20000000000232       0.65777272366751460     
   316.00000000000233       0.28642578027495857     
   316.80000000000234       -9.6790958799562177E-002
   317.60000000000235      -0.49070353505022729     
   318.40000000000236      -0.86377235428361732     
   319.20000000000238       -1.1164902930759548     
   320.00000000000239       -1.1422122693191115     
   320.80000000000240      -0.93902759743815412     
   321.60000000000241      -0.60500584962128912     
   322.40000000000242      -0.23106717447666458     
   323.20000000000243       0.15373428404976175     
   324.00000000000244       0.54811312625954733     
   324.80000000000246       0.91121584640738562     
   325.60000000000247        1.1359850334274604     
   326.40000000000248        1.1251321436016073     
   327.20000000000249       0.89567409214895988     
   328.00000000000250       0.55151905604726625     
   328.80000000000251       0.17553273540808073     
   329.60000000000252      -0.21095915795256592     
   330.40000000000254      -0.60500053549095867     
   331.20000000000255      -0.95570735212070690     
   332.00000000000256       -1.1502126689973244     
   332.80000000000257       -1.1032180181298061     
   333.60000000000258      -0.84993490680479411     
   334.40000000000259      -0.49748186807911010     
   335.20000000000260      -0.11981152897345554     
   336.00000000000261       0.26843951751602274     
   336.80000000000263       0.66110280883976558     
   337.60000000000264       0.99682653056300174     
   338.40000000000265        1.1590334086684471     
   339.20000000000266        1.0767677886143463     
   340.00000000000267       0.80216473635476104     
   340.80000000000268       0.44302922087410013     
   341.60000000000269        6.3882318147114925E-002
   342.40000000000271      -0.32612460057390386     
   343.20000000000272      -0.71611924525434301     
   344.00000000000273       -1.0341635962153808     
   344.80000000000274       -1.1623780565676063     
   345.60000000000275       -1.0461154724599293     
   346.40000000000276      -0.75269438041267422     
   347.20000000000277      -0.38826310316108392     
   348.00000000000279       -7.7196209680651107E-003
   348.80000000000280       0.38393330592633990     
   349.60000000000281       0.76971311532603681     
   350.40000000000282        1.0673305015424377     
   351.20000000000283        1.1602503542830367     
   352.00000000000284        1.0116219073698807     
   352.80000000000285       0.70182607030306920     
   353.60000000000286       0.33325455486444544     
   354.40000000000288       -4.8702021146461549E-002
   355.20000000000289      -0.44175136771645440     
   356.00000000000290      -0.82151627598892318     
   356.80000000000291       -1.0959717721905080     
   357.60000000000292       -1.1527251409275887     
   358.40000000000293      -0.97366412605212438     
   359.20000000000294      -0.64983005594363030     
   360.00000000000296      -0.27804759540816587     
   360.80000000000297       0.10540202603652493     
   361.60000000000298       0.49942801877413534     
   362.40000000000299       0.87113529049733374     
   363.20000000000300        1.1197757787531752     
   364.00000000000301        1.1399451563428105     
   364.80000000000302       0.93262551250047943     
   365.60000000000304       0.59694185774183373     
   366.40000000000305       0.22266256698046288     
   367.20000000000306      -0.16238881999301169     
   368.00000000000307      -0.55677386992676658     
   368.80000000000308      -0.91815861625141992     
   369.60000000000309       -1.1384840418490034     
   370.40000000000310       -1.1221150127216553     
   371.20000000000312      -0.88888683484158082     
   372.00000000000313      -0.54336156281366876     
   372.80000000000314      -0.16710084556904842     
   373.60000000000315       0.21965457875682226     
   374.40000000000316       0.61356006727495771     
   375.20000000000317       0.96216589722137669     
   376.00000000000318        1.1518995795793308     
   376.80000000000319        1.0994933638612787     
   377.60000000000321       0.84281763782020547     
   378.40000000000322       0.48925358179073120     
   379.20000000000323       0.11134960210272704     
   380.00000000000324      -0.27716999713582369     
   380.80000000000325      -0.66951809824483799     
   381.60000000000326       -1.0027378531606312     
   382.40000000000327       -1.1598930487726422     
   383.20000000000329       -1.0723840202085757     
   384.00000000000330      -0.79476918093671967     
   384.80000000000331      -0.43474769445447770     
   385.60000000000332       -5.5386756453755681E-002
   386.40000000000333       0.33487976065361186     
   387.20000000000334       0.72434141337643476     
   388.00000000000335        1.0394672381945460     
   388.80000000000337        1.1624064009198409     
   389.60000000000338        1.0411258868122468     
   390.40000000000339       0.74506828351568632     
   391.20000000000340       0.37994094170287884     
   392.00000000000341       -8.1367338772236897E-004
   392.80000000000342      -0.39269812160542994     
   393.60000000000343      -0.77768826803467661     
   394.40000000000344       -1.0719701614087094     
   395.20000000000346       -1.1594541598473573     
   396.00000000000347       -1.0060828254654735     
   396.80000000000348      -0.69401255858672872     
   397.60000000000349      -0.32490015571344633     
   398.40000000000350        5.7276444013953487E-002
   399.20000000000351       0.45050538081773900     
   400.00000000000352       0.82918628233188985     
   400.80000000000354        1.0998972113718826     
   401.60000000000355        1.1511218311302267     
   402.40000000000356       0.96763345853761340     
   403.20000000000357       0.64186704163789587     
   404.00000000000358       0.26966540748165030     
   404.80000000000359      -0.11401971272282957     
   405.60000000000360      -0.50814503062235294     
   406.40000000000362      -0.87843869534013241     
   407.20000000000363       -1.1229441497895931     
   408.00000000000364       -1.1375619336135507     
   408.80000000000365      -0.92616138208555365     
   409.60000000000366      -0.58886199384226323     
   410.40000000000367      -0.21425392353553707     
   411.20000000000368       0.17104976756810319     
   412.00000000000369       0.56542178146364563     
   412.80000000000371       0.92503207976436785     
   413.60000000000372        1.1408613735652899     
   414.40000000000373        1.1189877927598044     
   415.20000000000374       0.88204612720533448     
   416.00000000000375       0.53519202589473602     
   416.80000000000376       0.15866459740675487     
   417.60000000000377      -0.22835582407060034     
   418.40000000000379      -0.62210068710491462     
   419.20000000000380      -0.96854553157725998     
   420.00000000000381       -1.1534618080648005     
   420.80000000000382       -1.0956655453062287     
   421.60000000000383      -0.83565494333339851     
   422.40000000000384      -0.48101623072336974     
   423.20000000000385      -0.10288285384638690     
   424.00000000000387       0.28590496534995813     
   424.80000000000388       0.67790737879611962     
   425.60000000000389        1.0085608926495186     
   426.40000000000390        1.1606267194697701     
   427.20000000000391        1.0679049404690970     
   428.00000000000392       0.78733572674323704     
   428.80000000000393       0.42645929398155596     
   429.60000000000394        4.6885710630466204E-002
   430.40000000000396      -0.34363749434170854     
   431.20000000000397      -0.73252972831166807     
   432.00000000000398       -1.0446737323575661     
   432.80000000000399       -1.1623090701542140     
   433.60000000000400       -1.0360493446460097     
   434.40000000000401      -0.73741114492827520     
   435.20000000000402      -0.37161347444655080     
   436.00000000000404        9.3529910623983414E-003
   436.80000000000405       0.40146274950783861     
   437.60000000000406       0.78562101612251811     
   438.40000000000407        1.0765046600618202     
   439.20000000000408        1.1585342854139236     
   440.00000000000409        1.0004654980839003     
   440.80000000000410       0.68617407034737066     
   441.60000000000412       0.31654133335168622     
   442.40000000000413       -6.5857334231904041E-002
   443.20000000000414      -0.45925561093690237     
   444.00000000000415      -0.83680473560153312     
   444.80000000000416       -1.1037104618234399     
   445.60000000000417       -1.1493983506986993     
   446.40000000000418      -0.96153338732351445     
   447.20000000000420      -0.63388436322047970     
   448.00000000000421      -0.26127919843702896     
   448.80000000000422       0.12264402172908512     
   449.60000000000423       0.51685379119655861     
   450.40000000000424       0.88568105421303966     
   451.20000000000425        1.1259945941765310     
   452.00000000000426        1.1350634475711157     
   452.80000000000427       0.91963656338312494     
   453.60000000000429       0.58076692209376168     
   454.40000000000430       0.20584122311270836     
   455.20000000000431      -0.17971708880540860     
   456.00000000000432      -0.57405602968611091     
   456.80000000000433      -0.93183480043542599     
   457.60000000000434       -1.1431164724638085     
   458.40000000000435       -1.1157514502985613     
   459.20000000000437      -0.87515319029449534     
   460.00000000000438      -0.52701093588739922     
   460.80000000000439      -0.15022394124247185     
   461.60000000000440       0.23706270821253839     
   462.40000000000441       0.63062135014369070     
   463.20000000000442       0.97484480153941933     
   464.00000000000443        1.1548990638515939     
   464.80000000000445        1.0917357272301718     
   465.60000000000446       0.82844801592693873     
   466.40000000000447       0.47277018997444947     
   467.20000000000448        9.4411169113005733E-002
   468.00000000000449      -0.29464419980931728     
   468.80000000000450      -0.68626952376947159     
   469.60000000000451       -1.0142942611002357     
   470.40000000000452       -1.1612343430785654     
   471.20000000000454       -1.0633317716047179     
   472.00000000000455      -0.77986545778544913     
   472.80000000000456      -0.41816431142548899     
   473.60000000000457       -3.8379110251668347E-002
   474.40000000000458       0.35239742337045171     
   475.20000000000459       0.74068293528570350     
   476.00000000000460        1.0497818164040993     
   476.80000000000462        1.1620862747538179     
   477.60000000000463        1.0308871540488667     
   478.40000000000464       0.72972392739535519     
   479.20000000000465       0.36328086094158263     
   480.00000000000466       -1.7898422195211650E-002
   480.80000000000467      -0.41022670374032078     
   481.60000000000468      -0.79351000021690266     
   482.40000000000470       -1.0809328507431470     
   483.20000000000471       -1.1574911610322940     
   484.00000000000472      -0.99477126561000073     
   484.80000000000473      -0.67831147092074418     
   485.60000000000474      -0.30817818807611580     
   486.40000000000475        7.4444732330509245E-002
   487.20000000000476       0.46800144177341374     
   488.00000000000477       0.84437022386051663     
   488.80000000000479        1.1074105739296485     
   489.60000000000480        1.1475553577145789     
   490.40000000000481       0.95536523918248506     
   491.20000000000482       0.62588274277858336     
   492.00000000000483       0.25288898399397153     
   492.80000000000484      -0.13127494220186570     
   493.60000000000485      -0.52555353428163620     
   494.40000000000487      -0.89286089791550283     
   495.20000000000488       -1.1289263610288878     
   496.00000000000489       -1.1324505584709164     
   496.80000000000490      -0.91305236566184078     
   497.60000000000491      -0.57265725158904157     
   498.40000000000492      -0.19742442912487368     
   499.20000000000493       0.18839071138373575     
   500.00000000000495       0.58267572316782368     
   500.80000000000496       0.93856531269337484     
   501.60000000000497        1.1452488185079663     
   502.40000000000498        1.1124070023827795     
   503.20000000000499       0.86820926541427190     
   504.00000000000500       0.51881877647333186     
   504.80000000000501       0.14177880889907107     
   505.60000000000502      -0.24577506167639274     
   506.40000000000504      -0.63912102029102602     
   507.20000000000505      -0.98106226989036394     
   508.00000000000506       -1.1562110790552711     
   508.80000000000507       -1.0877050671813586     
   509.60000000000508      -0.82119802099529926     
   510.40000000000509      -0.46451582413205345     
   511.20000000000510       -8.5934453231022057E-002
   512.00000000000512       0.30338743712791805     
   512.80000000000507       0.69460337481702661     
   513.60000000000502        1.0199365895287518     
   514.40000000000498        1.1617158988315408     
   515.20000000000493        1.0586657628923459     
   516.00000000000489       0.77235944177433025     
   516.80000000000484       0.40986300842568346     
   517.60000000000480        2.9866866568550088E-002
   518.40000000000475      -0.36115916465489600     
   519.20000000000471      -0.74879976391854308     
   520.00000000000466       -1.0547902352687482     
   520.80000000000462       -1.1617382490240438     
   521.60000000000457       -1.0256406261968185     
   522.40000000000452      -0.72200758443581958     
   523.20000000000448      -0.35494326107969210     
   524.00000000000443        2.6450041422953707E-002
   524.80000000000439       0.41898947586747215     
   525.60000000000434       0.80135385539161574     
   526.40000000000430        1.0852536224545812     
   527.20000000000425        1.1563252579136432     
   528.00000000000421       0.98900146670972966     
   528.80000000000416       0.67042559727921103     
   529.60000000000412       0.29981079914632169     
   530.40000000000407       -8.3038675645137117E-002
   531.20000000000402      -0.47674223252868630     
   532.00000000000398      -0.85188131861140404     
   532.80000000000393       -1.1109966211393090     
   533.60000000000389       -1.1455935421741330     
   534.40000000000384      -0.94913034434357268     
   535.20000000000380      -0.61786289076368739     
   536.00000000000375      -0.24449477399460567     
   536.80000000000371       0.13991245599062641     
   537.60000000000366       0.53424347882380718     
   538.40000000000362       0.89997676020115036     
   539.20000000000357        1.1317387349296892     
   540.00000000000352        1.1297241501351967     
   540.80000000000348       0.90641008532460576     
   541.60000000000343       0.56453356930925724     
   542.40000000000339       0.18900349924956128     
   543.20000000000334      -0.19707054633193605     
   544.00000000000330      -0.59127994425138408     
   544.80000000000325      -0.94522215037296620     
   545.60000000000321       -1.1472579298298016     
   546.40000000000316       -1.1089554926007519     
   547.20000000000312      -0.86121558634029727     
   548.00000000000307      -0.51061601323572869     
   548.80000000000302      -0.13332912501589866     
   549.60000000000298       0.25449270483204689     
   550.40000000000293       0.64759864472437867     
   551.20000000000289       0.98719650751549359     
   552.00000000000284        1.1573976211482007     
   552.80000000000280        1.0835747365798141     
   553.60000000000275       0.81390610930269713     
   554.40000000000271       0.45625348272271826     
   555.20000000000266        7.7452613614658050E-002
   556.00000000000261      -0.31213439434631379     
   556.80000000000257      -0.70290775470022560     
   557.60000000000252       -1.0254865246541149     
   558.40000000000248       -1.1620714068863809     
   559.20000000000243       -1.0539081764138007     
   560.00000000000239      -0.76481872941027174     
   560.80000000000234      -0.40155562880193352     
   561.60000000000230       -2.1348889985564279E-002
   562.40000000000225       0.36992231771487583     
   563.20000000000221       0.75687892773335552     
   564.00000000000216        1.0596977520278026     
   564.80000000000211        1.1612652629652260     
   565.60000000000207        1.0203110785402132     
   566.40000000000202       0.71426305336281937     
   567.20000000000198       0.34660082298365186     
   568.00000000000193       -3.5007918017154527E-002
   568.80000000000189      -0.42775053783370748     
   569.60000000000184      -0.80915120616529812     
   570.40000000000180       -1.0894658910768078     
   571.20000000000175       -1.1550370822585563     
   572.00000000000171      -0.98315744024765261     
   572.80000000000166      -0.66251726640798869     
   573.60000000000161      -0.29143923352498996     
   574.40000000000157        9.1639194377789390E-002
   575.20000000000152       0.48547732077113126     
   576.00000000000148       0.85933658269932589     
   576.80000000000143        1.1144677066495929     
   577.60000000000139        1.1435136254902409     
   578.40000000000134       0.94283003041319724     
   579.20000000000130       0.60982549948020881     
   580.00000000000125       0.23609656943975477     
   580.80000000000121      -0.14855653570752675     
   581.60000000000116      -0.54292282365277433     
   582.40000000000111      -0.90702717304951985     
   583.20000000000107       -1.1344310346384727     
   584.00000000000102       -1.1268851322579660     
   584.80000000000098      -0.89971101031663636     
   585.60000000000093      -0.55639644334917271     
   586.40000000000089      -0.18057838523253572     
   587.20000000000084       0.20575649147299280     
   588.00000000000080       0.59986775389898883     
   588.80000000000075       0.95180385025563830     
   589.60000000000070        1.1491433618903297     
   590.40000000000066        1.1053979866020460     
   591.20000000000061       0.85417337580320485     
   592.00000000000057       0.50240309360862012     
   592.80000000000052       0.12487481008273166     
   593.60000000000048      -0.26321544373839728     
   594.40000000000043      -0.65605315126338093     
   595.20000000000039      -0.99324609416523002     
   596.00000000000034       -1.1584584954864918     
   596.80000000000030       -1.0793459226324256     
   597.60000000000025      -0.80657341742648736     
   598.40000000000020      -0.44798349885356298     
   599.20000000000016       -6.8965557276533307E-002
   600.00000000000011       0.32088477123272818     
   600.80000000000007       0.71118146849503805     
   601.60000000000002        1.0309427285204205     
   602.39999999999998        1.1623009259954193     
   603.19999999999993        1.0490602849896311     
   603.99999999999989       0.75724435476371799     
   604.79999999999984       0.39324240083749262     
   605.59999999999980        1.2825092597493315E-002
   606.39999999999975      -0.37868646338420481     
   607.19999999999970      -0.76491912516764460     
   607.99999999999966       -1.0645031503831819     
   608.79999999999961       -1.1606676233103537     
   609.59999999999957       -1.0148998339852233     
   610.39999999999952      -0.70649125381494449     
   611.19999999999948      -0.33825368170590242     
   611.99999999999943        4.3572116451984777E-002
   612.79999999999939       0.43650934166607630     
   613.59999999999934       0.81690066601923084     
   614.39999999999930        1.0935685989325505     
   615.19999999999925        1.1536271744067377     
   615.99999999999920       0.97724052526826399     
   616.79999999999916       0.65458727640651015     
   617.59999999999911       0.28306354708028592     
   618.39999999999907      -0.10024631113562321     
   619.19999999999902      -0.49420602308624673     
   619.99999999999898      -0.86673457205368498     
   620.79999999999893       -1.1178229646215958     
   621.59999999999889       -1.1413163595574582     
   622.39999999999884      -0.93646562086064300     
   623.19999999999879      -0.60177124237013890     
   623.99999999999875      -0.22769436274303345     
   624.79999999999870       0.15720714382209217     
   625.59999999999866       0.55159074666846108     
   626.39999999999861       0.91401066686150689     
   627.19999999999857        1.1370026135887508     
   627.99999999999852        1.1239344402360669     
   628.79999999999848       0.89295642016469579     
   629.59999999999843       0.54824642321043515     
   630.39999999999839       0.17214903298434453     
   631.19999999999834      -0.21444843167490890     
   631.99999999999829      -0.60843819239184205     
   632.79999999999825      -0.95830895312772757     
   633.59999999999820       -1.1509047074577770     
   634.39999999999816       -1.1017355707877727     
   635.19999999999811      -0.84708384473503706     
   635.99999999999807      -0.49418044718014609     
   636.79999999999802      -0.11641578131983099     
   637.59999999999798       0.27194306929686601     
   638.39999999999793       0.66448344834004869     
   639.19999999999789       0.99920961948504339     
   639.99999999999784        1.1593935457740900     
   640.79999999999779        1.0750198278070475     
   641.59999999999775       0.79920106736560448     
   642.39999999999770       0.43970618912602377     
   643.19999999999766        6.0473190859172576E-002
   643.99999999999761      -0.32963825025442978     
   644.79999999999757      -0.71942330395165965     
   645.59999999999752       -1.0363038791507182     
   646.39999999999748       -1.1624045531008271     
   647.19999999999743       -1.0441233712898679     
   647.99999999999739      -0.74963733518220543     
   648.79999999999734      -0.38492353784257766     
   649.59999999999729       -4.2953888453304834E-003
   650.39999999999725       0.38745116353265197     
   651.19999999999720       0.77291904021864277     
   651.99999999999716        1.0692052357418558     
   652.79999999999711        1.1599456733142244     
   653.59999999999707        1.0094082200365031     
   654.39999999999702       0.69869308739289160     
   655.19999999999698       0.32990195936897360     
   655.99999999999693       -5.2142696039146896E-002
   656.79999999999688      -0.44526531922957885     
   657.59999999999684      -0.82460083784965521     
   658.39999999999679       -1.0975607154171703     
   659.19999999999675       -1.1520961083378796     
   659.99999999999670      -0.97125206040204981     
   660.79999999999666      -0.64663640656782095     
   661.59999999999661      -0.27468378501399948     
   662.39999999999657       0.10886004056106413     
   663.19999999999652       0.50292763513245731     
   663.99999999999648       0.87407383655265680     
   664.79999999999643        1.1210615608468255     
   665.59999999999638        1.1390025260259329     
   666.39999999999634       0.93003843424894961     
   667.19999999999629       0.59370077396613663     
   667.99999999999625       0.21928813814849829     
   668.79999999999620      -0.16586423215942619     
   669.59999999999616      -0.56024640475069298     
   670.39999999999611      -0.92092577122863495     
   671.19999999999607       -1.1394528603850540     
   671.99999999999602       -1.1208730345088127     
   672.79999999999598      -0.88614758547734884     
   673.59999999999593      -0.54008403989171061     
   674.39999999999588      -0.16371538292212701     
   675.19999999999584       0.22314623856557553     
   675.99999999999579       0.61699027952515673     
   676.79999999999575       0.96473600466505327     
   677.59999999999570        1.1525415968158235     
   678.39999999999566        1.0979693514421904     
   679.19999999999561       0.83994819178657298     
   679.99999999999557       0.48594848589320305     
   680.79999999999552       0.10795195316343692     
   681.59999999999548      -0.28067535686064721     
   682.39999999999543      -0.67288842524015446     
   683.19999999999538       -1.0050856839606503     
   683.99999999999534       -1.1602026541685415     
   684.79999999999529       -1.0705976690320000     
   685.59999999999525      -0.79179016615915931     
   686.39999999999520      -0.43142185380880327     
   687.19999999999516       -5.1975421007975142E-002
   687.99999999999511       0.33839449631996971     
   688.79999999999507       0.72763203186885361     
   689.59999999999502        1.0415686714082739     
   690.39999999999498        1.1623824231446591     
   691.19999999999493        1.0390987270221126     
   691.99999999999488       0.74199867106617057     
   692.79999999999484       0.37659923846833532     
   693.59999999999479       -4.2403040410212700E-003
   694.39999999999475      -0.39621596085688932     
   695.19999999999470      -0.78087734299275180     
   695.99999999999466       -1.0738028360887051     
   696.79999999999461       -1.1590997923997426     
   697.59999999999457       -1.0038375680021689     
   698.39999999999452      -0.69086943748088225     
   699.19999999999447      -0.32154576547513603     
   699.99999999999443        6.0719710503549573E-002
   700.79999999999438       0.45401788206566290     
   701.59999999999434       0.83225031459091325     
   702.39999999999429        1.1014412377348661     
   703.19999999999425        1.1504444911475316     
   703.99999999999420       0.96519338316732117     
   704.79999999999416       0.63866541733802418     
   705.59999999999411       0.26629998222940165     
   706.39999999999407      -0.11748038892842250     
   707.19999999999402      -0.51164143160155473     
   707.99999999999397      -0.88135292079143035     
   708.79999999999393       -1.1241826933558852     
   709.59999999999388       -1.1365729356205505     
   710.39999999999384      -0.92354978357863660     
   711.19999999999379      -0.58561472991614016     
   711.99999999999375      -0.21087787213294673     
   712.79999999999370       0.17452774148512279     
   713.59999999999366       0.56888893378400218     
   714.39999999999361       0.92777101576781562     
   715.19999999999357        1.1417811992466882     
   715.99999999999352        1.1177018998097688     
   716.79999999999347       0.87928576739808628     
   717.59999999999343       0.53190980598724968     
   718.39999999999338       0.15527737036837580     
   719.19999999999334      -0.23184977017440994     
   719.99999999999329      -0.62552301476392103     
   720.79999999999325      -0.97108355632185184     
   721.59999999999320       -1.1540536979898888     
   722.39999999999316       -1.0941004539144914     
   723.19999999999311      -0.83276760287617302     
   723.99999999999307      -0.47770760422263692     
   724.79999999999302       -9.9483237692710169E-002
   725.59999999999297       0.28941206590287993     
   726.39999999999293       0.68126695237957757     
   727.19999999999288        1.0108728998360406     
   727.99999999999284        1.1608857413080975     
   728.79999999999279        1.0660806768710813     
   729.59999999999275       0.78434180553675426     
   730.39999999999270       0.42313077706247970     
   731.19999999999266        4.3472154788430473E-002
   731.99999999999261      -0.34715315650866085     
   732.79999999999256      -0.73580640649878903     
   733.59999999999252       -1.0467358178844413     
   734.39999999999247       -1.1622347088742662     
   735.19999999999243       -1.0339876521237212     
   735.99999999999238      -0.73432934563583008     
   736.79999999999234      -0.36826968699787871     
   737.59999999999229        1.2782065617591432E-002
   738.39999999999225       0.40498037867682590     
   739.19999999999220       0.78879269025076171     
   739.99999999999216        1.0782948028220292     
   740.79999999999211        1.1581303957689717     
   741.59999999999206       0.99818921222204005     
   742.39999999999202       0.68302116910808464     
   743.19999999999197       0.31318519724027605     
   743.99999999999193       -6.9303207558476965E-002
   744.79999999999188      -0.46276642125723383     
   745.59999999999184      -0.83984767987615694     
   746.39999999999179       -1.1052091916272948     
   747.19999999999175       -1.1486729624937662     
   747.99999999999170      -0.95906582926589534     
   748.79999999999166      -0.63067505027578441     
   749.59999999999161      -0.25791216370280418     
   750.39999999999156       0.12610735373071985     
   751.19999999999152       0.52034666617522385     
   751.99999999999147       0.88857036485161833     
   752.79999999999143        1.1271855930028600     
   753.59999999999138        1.1340284274551014     
   754.39999999999134       0.91700097565726157     
   755.19999999999129       0.57751372702447679     
   755.99999999999125       0.20246353380521764     
   756.79999999999120      -0.18319760110633454     
   757.59999999999116      -0.57751744870983956     
   758.39999999999111      -0.93454493096951019     
   759.19999999999106       -1.1439870904158325     
   759.99999999999102       -1.1144220443979356     
   760.79999999999097      -0.87237221706806012     
   761.59999999999093      -0.52372421579973016     
   762.39999999999088      -0.14683492596123965     
   763.19999999999084       0.24055887056921837     
   763.99999999999079       0.63403537741137783     
   764.79999999999075       0.97735016622737725     
   765.59999999999070        1.1554407169491219     
   766.39999999999065        1.0901300218022816     
   767.19999999999061       0.82554325075432766     
   767.99999999999056       0.46945817935608747     
   768.79999999999052        9.1009545049729579E-002
   769.59999999999047      -0.29815293969755619     
   770.39999999999043      -0.68961788160016135     
   771.19999999999038       -1.0165698920261041     
   771.99999999999034       -1.1614427663004994     
   772.79999999999029       -1.0614700946978393     
   773.59999999999025      -0.77685706158882695     
   774.39999999999020      -0.41483322717883325     
   775.19999999999015       -3.4963300108262263E-002
   775.99999999999011       0.35591385980855911     
   776.79999999999006       0.74394516597536642     
   777.59999999999002        1.0518040497847343     
   778.39999999998997        1.1619616206189267     
   779.19999999998993        1.0287914539571446     
   779.99999999998988       0.72663032470992572     
   780.79999999998984       0.35993505364151357     
   781.59999999998979       -2.1329971802126590E-002
   782.39999999998975      -0.41374392074063221     
   783.19999999998970      -0.79666372596886981     
   783.99999999998965       -1.0826800115734168     
   784.79999999998961       -1.1570379339869756     
   785.59999999998956      -0.99246448930675646     
   786.39999999998952      -0.67514912882781419     
   787.19999999998947      -0.30482033993535734     
   787.99999999998943        7.7893228482564247E-002
   788.79999999998938       0.47151030730862459     
   789.59999999998934       0.84739150871785895     
   790.39999999998929        1.1088636320835485     
   791.19999999998925        1.1467821940201339     
   791.99999999998920       0.95287073188723681     
   792.79999999998915       0.62266602802378790     
   793.59999999998911       0.24952034486033980     
   794.39999999998906      -0.13474092326649989     
   795.19999999998902      -0.52904257149342149     
   795.99999999998897      -0.89572470508335533     
   796.79999999998893       -1.1300695240253753     
   797.59999999998888       -1.1313698683324389     
   798.39999999998884      -0.91039331048338856     
   799.19999999998879      -0.56939836330448879     
