   0.0000000000000000       0.49438517273449040     
  0.80000000000000004      -0.22924499399675741     
   1.6000000000000001       -1.0898130984273797     
   2.4000000000000004       -1.6246842375688733     
   3.2000000000000002       -1.0579715824188274     
   4.0000000000000000       0.52357182441467209     
   4.7999999999999998        2.0593883708213498     
   5.5999999999999996        1.7888769066488637     
   6.3999999999999995      -0.20995180197918017     
   7.1999999999999993       -2.2753177770241653     
   7.9999999999999991       -2.0801448277518984     
   8.7999999999999989       0.21051848824346076     
   9.5999999999999996        2.4623672336774107     
   10.400000000000000        2.0867981449038870     
   11.200000000000001      -0.41716041592627651     
   12.000000000000002       -2.6158083135282677     
   12.800000000000002       -1.9085387231639075     
   13.600000000000003       0.73132040733965686     
   14.400000000000004        2.7082482766778946     
   15.200000000000005        1.6225122142010053     
   16.000000000000004       -1.0776467049365879     
   16.800000000000004       -2.7253110425648255     
   17.600000000000005       -1.2946102356738391     
   18.400000000000006        1.3912752630117184     
   19.200000000000006        2.6615971485336951     
   20.000000000000007       0.97962377692887004     
   20.800000000000008       -1.6119257616057319     
   21.600000000000009       -2.5207054003740548     
   22.400000000000009      -0.72046986392574341     
   23.200000000000010        1.6905972207069722     
   24.000000000000011        2.3144980620526745     
   24.800000000000011       0.55059758650190838     
   25.600000000000012       -1.5961991878792412     
   26.400000000000013       -2.0480851393506216     
   27.200000000000014      -0.48853392533877438     
   28.000000000000014        1.3075257672713791     
   28.800000000000015        1.6845606451284483     
   29.600000000000016       0.49952164519996556     
   30.400000000000016      -0.82918665361268529     
   31.200000000000017       -1.1234872583054367     
   32.000000000000014      -0.41140527926521586     
   32.800000000000011       0.30139616427022564     
   33.600000000000009       0.32936294299036628     
   34.400000000000006       -4.9761382208665106E-002
   35.200000000000003       -9.8224543827785851E-002
   36.000000000000000       0.38171391711872643     
   36.799999999999997       0.74846732691415219     
   37.599999999999994       0.31227370670086413     
   38.399999999999991      -0.71377307636901954     
   39.199999999999989       -1.2704881914375519     
   39.999999999999986      -0.58525493289766695     
   40.799999999999983       0.79274413838052016     
   41.599999999999980        1.5092745917201840     
   42.399999999999977       0.73401955250561013     
   43.199999999999974      -0.75976015831865329     
   43.999999999999972       -1.5085900951907547     
   44.799999999999969      -0.74842508649302175     
   45.599999999999966       0.65509162880492489     
   46.399999999999963        1.3092739915452620     
   47.199999999999960       0.63560269359158261     
   47.999999999999957      -0.51229012695873655     
   48.799999999999955      -0.94981109528926322     
   49.599999999999952      -0.36436294055505658     
   50.399999999999949       0.43069597899230805     
   51.199999999999946       0.52953096959584101     
   51.999999999999943       -6.8202494432294092E-002
   52.799999999999940      -0.52917951326794332     
   53.599999999999937      -0.21747511997022795     
   54.399999999999935       0.52741880606772107     
   55.199999999999932       0.76491497326805913     
   55.999999999999929        8.0253607735507493E-002
   56.799999999999926      -0.85697691651214869     
   57.599999999999923      -0.97178190147496235     
   58.399999999999920       -3.5347373843821361E-002
   59.199999999999918        1.0186851177335829     
   59.999999999999915        1.0506703981875172     
   60.799999999999912        2.4127097511745799E-003
   61.599999999999909       -1.0368001269027962     
   62.399999999999906      -0.98278996419433495     
   63.199999999999903        5.5553406759754065E-002
   63.999999999999901       0.94916932891886729     
   64.799999999999898       0.78193583590899229     
   65.599999999999895      -0.16667305940112631     
   66.399999999999892      -0.81276664961857736     
   67.199999999999889      -0.48389562481483067     
   67.999999999999886       0.35675886549004227     
   68.799999999999883       0.70180789713917402     
   69.599999999999881       0.15789470262442407     
   70.399999999999878      -0.60881236053868026     
   71.199999999999875      -0.65749773266091494     
   71.999999999999872       0.12031555384492398     
   72.799999999999869       0.85016761888708858     
   73.599999999999866       0.64895545533957932     
   74.399999999999864      -0.32076790942040057     
   75.199999999999861       -1.0103510954399111     
   75.999999999999858      -0.61782796230456305     
   76.799999999999855       0.45505688383225684     
   77.599999999999852        1.0599663757385285     
   78.399999999999849       0.52838959369889404     
   79.199999999999847      -0.54507624674460886     
   79.999999999999844       -1.0040053431872806     
   80.799999999999841      -0.37091434076478236     
   81.599999999999838       0.61444860774216159     
   82.399999999999835       0.86966588898638775     
   83.199999999999832       0.15199494448558148     
   83.999999999999829      -0.68792633842746265     
   84.799999999999827      -0.69812184849444392     
   85.599999999999824       0.10515626044289672     
   86.399999999999821       0.77753262567534409     
   87.199999999999818       0.52816132015230066     
   87.999999999999815      -0.36177923468853379     
   88.799999999999812      -0.86705692181215632     
   89.599999999999810      -0.37568341802981409     
   90.399999999999807       0.57987186409482905     
   91.199999999999804       0.92164433285614367     
   91.999999999999801       0.23303102949233567     
   92.799999999999798      -0.73800530820841892     
   93.599999999999795      -0.91267277283812231     
   94.399999999999793       -8.6082507947728426E-002
   95.199999999999790       0.83243974317006708     
   95.999999999999787       0.83043597950664205     
   96.799999999999784       -7.4477297168360157E-002
   97.599999999999781      -0.87220434739801000     
   98.399999999999778      -0.68287295680221283     
   99.199999999999775       0.25146915104291434     
   99.999999999999773       0.87392531758048131     
   100.79999999999977       0.49007835192122695     
   101.59999999999977      -0.43985847028331293     
   102.39999999999976      -0.85353922923344661     
   103.19999999999976      -0.27735637393867274     
   103.99999999999976       0.62425586754440721     
   104.79999999999976       0.81662328690013630     
   105.59999999999975        6.6567329205956649E-002
   106.39999999999975      -0.78185766730587669     
   107.19999999999975      -0.75641305716398444     
   107.99999999999974       0.12961943069266324     
   108.79999999999974       0.89157232286348953     
   109.59999999999974       0.66198351942336997     
   110.39999999999974      -0.30673998875092046     
   111.19999999999973      -0.94173968638214967     
   111.99999999999973      -0.52740354978830806     
   112.79999999999973       0.46454545262414226     
   113.59999999999972       0.93211412116345982     
   114.39999999999972       0.35504616264975541     
   115.19999999999972      -0.60408347787062378     
   115.99999999999972      -0.87143404892659637     
   116.79999999999971      -0.15456013838702143     
   117.59999999999971       0.72525134017168658     
   118.39999999999971       0.77253152310809114     
   119.19999999999970       -5.9423683111404779E-002
   119.99999999999970      -0.82401661721073449     
   120.79999999999970      -0.64682511204425874     
   121.59999999999970       0.27022418903646572     
   122.39999999999969       0.89154415688336652     
   123.19999999999969       0.50109938611148674     
   123.99999999999969      -0.46248361051549780     
   124.79999999999968      -0.91718189033672948     
   125.59999999999968      -0.33834151560741788     
   126.39999999999968       0.62471228647289512     
   127.19999999999968       0.89333155915169737     
   127.99999999999967       0.16080016308564238     
   128.79999999999967      -0.75025414200697049     
   129.59999999999968      -0.81869725000771276     
   130.39999999999969        2.7677609261300695E-002
   131.19999999999970       0.83692803081343703     
   131.99999999999972       0.69857232101904942     
   132.79999999999973      -0.22076925984890217     
   133.59999999999974      -0.88549513642974831     
   134.39999999999975      -0.54290694145714125     
   135.19999999999976       0.40952280327937407     
   135.99999999999977       0.89727636145991829     
   136.79999999999978       0.36346074900884562     
   137.59999999999980      -0.58277207384779806     
   138.39999999999981      -0.87226835731903707     
   139.19999999999982      -0.17132488566533111     
   139.99999999999983       0.72858931221316703     
   140.79999999999984       0.80924851478085258     
   141.59999999999985       -2.4251300935745679E-002
   142.39999999999986      -0.83660277095403346     
   143.19999999999987      -0.70771890308006979     
   143.99999999999989       0.21571040632895200     
   144.79999999999990       0.90009777540752378     
   145.59999999999991       0.56996948881733622     
   146.39999999999992      -0.39646164624258129     
   147.19999999999993      -0.91686865107091797     
   147.99999999999994      -0.40184292168521074     
   148.79999999999995       0.56020039251660103     
   149.59999999999997       0.88858787261036420     
   150.39999999999998       0.21213566272445772     
   151.19999999999999      -0.70043488077290039     
   152.00000000000000      -0.81926449603149198     
   152.80000000000001       -1.1354286175624506E-002
   153.60000000000002       0.81035100762299073     
   154.40000000000003       0.71376419628786281     
   155.20000000000005      -0.18952540731755285     
   156.00000000000006      -0.88328729602978817     
   156.80000000000007      -0.57714889930256774     
   157.60000000000008       0.38000505056317591     
   158.40000000000009       0.91382838353442108     
   159.20000000000010       0.41486714955172710     
   160.00000000000011      -0.55070839932731874     
   160.80000000000013      -0.89903436383463742     
   161.60000000000014      -0.23322540129546443     
   162.40000000000015       0.69382967590717437     
   163.20000000000016       0.83920095974634368     
   164.00000000000017        3.9628816718723314E-002
   164.80000000000018      -0.80339769311811038     
   165.60000000000019      -0.73786369100618554     
   166.40000000000020       0.15748330730703142     
   167.20000000000022       0.87524858241421266     
   168.00000000000023       0.60114746952207709     
   168.80000000000024      -0.34887070442242551     
   169.60000000000025      -0.90672213235939436     
   170.40000000000026      -0.43679504455986817     
   171.20000000000027       0.52488130459109139     
   172.00000000000028       0.89637902687290227     
   172.80000000000030       0.25325872040822450     
   173.60000000000031      -0.67611097925077301     
   174.40000000000032      -0.84408715087491781     
   175.20000000000033       -5.9117242347532017E-002
   176.00000000000034       0.79432884239913715     
   176.80000000000035       0.75148796581730815     
   177.60000000000036      -0.13714427551855835     
   178.40000000000038      -0.87339237023099714     
   179.20000000000039      -0.62245979101354254     
   180.00000000000040       0.32713241946020166     
   180.80000000000041       0.90976064493025466     
   181.60000000000042       0.46315826044621083     
   182.40000000000043      -0.50251858615296752     
   183.20000000000044      -0.90243176779627510     
   184.00000000000045      -0.28154341442043029     
   184.80000000000047       0.65515811155013193     
   185.60000000000048       0.85250983732398655     
   186.40000000000049        8.6645823793935151E-002
   187.20000000000050      -0.77745904852291015     
   188.00000000000051      -0.76278900666920557     
   188.80000000000052       0.11210118649113210     
   189.60000000000053       0.86297624659716810     
   190.40000000000055       0.63757096561816695     
   191.20000000000056      -0.30530890638077068     
   192.00000000000057      -0.90705097440215854     
   192.80000000000058      -0.48261890122079731     
   193.60000000000059       0.48392720356501884     
   194.40000000000060       0.90727111236106173     
   195.20000000000061       0.30502711309593067     
   196.00000000000063      -0.63954630346955843     
   196.80000000000064      -0.86364715073658338     
   197.60000000000065      -0.11292451706516693     
   198.40000000000066       0.76479007591560544     
   199.20000000000067       0.77854572349665196     
   200.00000000000068       -8.4889355782507780E-002
   200.80000000000069      -0.85373195525452539     
   201.60000000000070      -0.65645497885835591     
   202.40000000000072       0.27926128606521350     
   203.20000000000073       0.90219399439963910     
   204.00000000000074       0.50361370655413451     
   204.80000000000075      -0.46096885454881442     
   205.60000000000076      -0.90787666494520392     
   206.40000000000077      -0.32753734815471458     
   207.20000000000078       0.62109707267310355     
   208.00000000000080       0.87040942776883612     
   208.80000000000081       0.13653110352082853     
   209.60000000000082      -0.75159276731055624     
   210.40000000000083      -0.79142862185024576     
   211.20000000000084        6.0696581731769395E-002
   212.00000000000085       0.84590932891684256     
   212.80000000000086       0.67464819922157537     
   213.60000000000088      -0.25527257783597979     
   214.40000000000089      -0.89950948186383173     
   215.20000000000090      -0.52576436605445542     
   216.00000000000091       0.43831797352968327     
   216.80000000000092       0.91004963323337340     
   217.60000000000093       0.35209307614723817     
   218.40000000000094      -0.60117472697715912     
   219.20000000000095      -0.87729529662424022     
   220.00000000000097      -0.16202504024082531     
   220.80000000000098       0.73581900972407499     
   221.60000000000099       0.80297322600720555     
   222.40000000000100       -3.5502544730966590E-002
   223.20000000000101      -0.83543939275249546     
   224.00000000000102      -0.69068752255335442     
   224.80000000000103       0.23137853173723721     
   225.60000000000105       0.89500080191477449     
   226.40000000000106       0.54582913894617613     
   227.20000000000107      -0.41655744600199363     
   228.00000000000108      -0.91159406515174612     
   228.80000000000109      -0.37533539411423089     
   229.60000000000110       0.58230872154807278     
   230.40000000000111       0.88452245426910858     
   231.20000000000113       0.18727733213567344     
   232.00000000000114      -0.72060320350692941     
   232.80000000000115      -0.81523620315737089     
   233.60000000000116        9.5972442360459098E-003
   234.40000000000117       0.82462815059723849     
   235.20000000000118       0.70722236450610854     
   236.00000000000119      -0.20622714861929492     
   236.80000000000121      -0.88927683237567334     
   237.60000000000122      -0.56583245999787701     
   238.40000000000123       0.39349521285029920     
   239.20000000000124       0.91144670102085168     
   240.00000000000125       0.39797048273409885     
   240.80000000000126      -0.56249778313290166     
   241.60000000000127      -0.89012296526086043     
   242.40000000000128      -0.21164775940592206     
   243.20000000000130       0.70495717533325730     
   244.00000000000131       0.82636202951051652     
   244.80000000000132        1.5524403461032898E-002
   245.60000000000133      -0.81378061973297067     
   246.40000000000134      -0.72326250693742755     
   247.20000000000135       0.18143961478003690     
   248.00000000000136       0.88360413704994145     
   248.80000000000138       0.58587122037555850     
   249.60000000000139      -0.37021424373601319     
   250.40000000000140      -0.91112279513569205     
   251.20000000000141      -0.42091286676570494     
   252.00000000000142       0.54192571843060378     
   252.80000000000143       0.89515773924681263     
   253.60000000000144       0.23633687616676913     
   254.40000000000146      -0.68822102601470669     
   255.20000000000147      -0.83658849173848082     
   256.00000000000148       -4.0815818601237286E-002
   256.80000000000149       0.80180285736500667     
   257.60000000000150       0.73828638511347422     
   258.40000000000151      -0.15665216039105201     
   259.20000000000152      -0.87699917656071369     
   260.00000000000153      -0.60503322994222442     
   260.80000000000155       0.34700173161863279     
   261.60000000000156       0.91016037817305517     
   262.40000000000157       0.44330392754200193     
   263.20000000000158      -0.52132457974825197     
   264.00000000000159      -0.89979180435710515     
   264.80000000000160      -0.26086423589030494     
   265.60000000000161       0.67120698610079088     
   266.40000000000163       0.84651266777486511     
   267.20000000000164        6.6286702109718876E-002
   268.00000000000165      -0.78923264522121250     
   268.80000000000166      -0.75297878695752762     
   269.60000000000167       0.13146002446764593     
   270.40000000000168       0.86953738910356393     
   271.20000000000169       0.62378386921285078     
   272.00000000000171      -0.32328896533246132     
   272.80000000000172      -0.90821762673455009     
   273.60000000000173      -0.46524044379705037     
   274.40000000000174       0.50022461237855809     
   275.20000000000175       0.90348889861697035     
   276.00000000000176       0.28498690808227822     
   276.80000000000177      -0.65373226512905003     
   277.60000000000178      -0.85566961303907696     
   278.40000000000180       -9.1507444068777644E-002
   279.20000000000181       0.77621533481078797     
   280.00000000000182       0.76712463896925676     
   280.80000000000183      -0.10628462383566373     
   281.60000000000184      -0.86158277746376399     
   282.40000000000185      -0.64219018472809131     
   283.20000000000186       0.29932923057051208     
   284.00000000000188       0.90568465155736100     
   284.80000000000189       0.48697982987353605     
   285.60000000000190      -0.47863914766415683     
   286.40000000000191      -0.90649094794231244     
   287.20000000000192      -0.30900509390873010     
   288.00000000000193       0.63560447898652850     
   288.80000000000194       0.86407504342438302     
   289.60000000000196       0.11668749333853012     
   290.40000000000197      -0.76246885286523491     
   291.20000000000198      -0.78054860679982485     
   292.00000000000199        8.1081122045002285E-002
   292.80000000000200       0.85290238096317039     
   293.60000000000201       0.65999357869859487     
   294.40000000000202      -0.27524086635206624     
   295.20000000000203      -0.90247296112872410     
   296.00000000000205      -0.50829735351934802     
   296.80000000000206       0.45678401505989896     
   297.60000000000207       0.90886716253207256     
   298.40000000000208       0.33280474285682982     
   299.20000000000209      -0.61703915385618313     
   300.00000000000210      -0.87189435985171837     
   300.80000000000211      -0.14184055981211774     
   301.60000000000213       0.74812169200987455     
   302.40000000000214       0.79341909794572429     
   303.20000000000215       -5.5743239783514698E-002
   304.00000000000216      -0.84349878409076662     
   304.80000000000217      -0.67728971681358840     
   305.60000000000218       0.25088948089504692     
   306.40000000000219       0.89848043050532078     
   307.20000000000221       0.52918636575234768     
   308.00000000000222      -0.43456212427509999     
   308.80000000000223      -0.91047371153492218     
   309.60000000000224      -0.35629420738682915     
   310.40000000000225       0.59801737451406023     
   311.20000000000226       0.87901040654876605     
   312.00000000000227       0.16683601285917138     
   312.80000000000229      -0.73323491128125196     
   313.60000000000230      -0.80568690968121015     
   314.40000000000231        3.0389178891502500E-002
   315.20000000000232       0.83347859794143742     
   316.00000000000233       0.69409922580197503     
   316.80000000000234      -0.22634310367190069     
   317.60000000000235      -0.89380797676139456     
   318.40000000000236      -0.54970874593258412     
   319.20000000000238       0.41197825223697737     
   320.00000000000239       0.91136348142182033     
   320.80000000000240       0.37953714766235847     
   321.60000000000241      -0.57849383251918307     
   322.40000000000242      -0.88541275353224758     
   323.20000000000243      -0.19170706517452651     
   324.00000000000244       0.71774444032703977     
   324.80000000000246       0.81729212396307638     
   325.60000000000247       -5.0307939469510510E-003
   326.40000000000248      -0.82279320188542004     
   327.20000000000249      -0.71034350569432958     
   328.00000000000250       0.20165364453802348     
   328.80000000000251       0.88844365402487124     
   329.60000000000252       0.56979798626749645     
   330.40000000000254      -0.38910421512581927     
   331.20000000000255      -0.91156100512646110     
   332.00000000000256      -0.40249739265119866     
   332.80000000000257       0.55853397373858715     
   333.60000000000258       0.89114399041618353     
   334.40000000000259       0.21644968016285326     
   335.20000000000260      -0.70168787019604884     
   336.00000000000261      -0.82827067556994249     
   336.80000000000263       -2.0348706589378374E-002
   337.60000000000264       0.81144432173765235     
   338.40000000000265       0.72603369751967450     
   339.20000000000266      -0.17680081231495326     
   340.00000000000267      -0.88236088131285273     
   340.80000000000268      -0.58943566885949972     
   341.60000000000269       0.36593186937957078     
   342.40000000000271       0.91102882132137031     
   343.20000000000272       0.42513450788810891     
   344.00000000000273      -0.53814968369228311     
   344.80000000000274      -0.89617317112369443     
   345.60000000000275      -0.24101531187423197     
   346.40000000000276       0.68509461344950662     
   347.20000000000277       0.83860741560576346     
   348.00000000000279        4.5706344688629663E-002
   348.80000000000280      -0.79946795741763488     
   349.60000000000281      -0.74116938114940301     
   350.40000000000282       0.15181314200609697     
   351.20000000000283       0.87558852710158808     
   352.00000000000284       0.60862795299600347     
   352.80000000000285      -0.34247311712148587     
   353.60000000000286      -0.90977859542492545     
   354.40000000000288      -0.44745144892322580     
   355.20000000000289       0.51734017867458815     
   356.00000000000290       0.90049222349447633     
   356.80000000000291       0.26539670988111075     
   357.60000000000292      -0.66795879614587372     
   358.40000000000293      -0.84827933124340549     
   359.20000000000294       -7.1022514340851495E-002
   360.00000000000296       0.78686075159742319     
   360.80000000000297       0.75572130690576722     
   361.60000000000298      -0.12671989355506463     
   362.40000000000299      -0.86812990905452581     
   363.20000000000300      -0.62734763325686804     
   364.00000000000301       0.31876069587804601     
   364.80000000000302       0.90781930777406428     
   365.60000000000304       0.46942782475248213     
   366.40000000000305      -0.49613429091963612     
   367.20000000000306      -0.90411054929681178     
   368.00000000000307      -0.28958066375309754     
   368.80000000000308       0.65029944783746996     
   369.60000000000309       0.85728986200440160     
   370.40000000000310        9.6288177125996910E-002
   371.20000000000312      -0.77362973267991841     
   372.00000000000313      -0.76968281165712271     
   372.80000000000314       0.10153024526945065     
   373.60000000000315       0.85998209746237231     
   374.40000000000316       0.64557778606872918     
   375.20000000000317      -0.29480732779068952     
   376.00000000000318      -0.90514272476698321     
   376.80000000000319      -0.49103970232313848     
   377.60000000000321       0.47454917333866770     
   378.40000000000322       0.90701905053652288     
   379.20000000000323       0.31354087815716614     
   380.00000000000324      -0.63213610185919855     
   380.80000000000325      -0.86563111061759523     
   381.60000000000326      -0.12147869930354271     
   382.40000000000327       0.75979281643370966     
   383.20000000000329       0.78304660375747959     
   384.00000000000330       -7.6264877063549119E-002
   384.80000000000331      -0.85115732973372682     
   385.60000000000332      -0.66330972778954211     
   386.40000000000333       0.27062925772703617     
   387.20000000000334       0.90175296293996410     
   388.00000000000335       0.51227514808421060     
   388.80000000000337      -0.45259737796351573     
   389.60000000000338      -0.90921352501994623     
   390.40000000000339      -0.33726134239981642     
   391.20000000000340       0.61347878134100964     
   392.00000000000341       0.87329216227740702     
   392.80000000000342       0.14657434944642123     
   393.60000000000343      -0.74535840375365703     
   394.40000000000344      -0.79579752792138703     
   395.20000000000346        5.0945906800900831E-002
   396.00000000000347       0.84166260573197049     
   396.80000000000348       0.68052648896285783     
   397.60000000000349      -0.24624895258449930     
   398.40000000000350      -0.89765497227798807     
   399.20000000000351      -0.53311709279293384     
   400.00000000000352       0.43029932934094284     
   400.80000000000354       0.91069548844076142     
   401.60000000000355       0.36072556035571002     
   402.40000000000356      -0.59434367359196527     
   403.20000000000357      -0.88026955367470250     
   404.00000000000358      -0.17155892345145285     
   404.80000000000359       0.73033713639679931     
   405.60000000000360       0.80792629184364828     
   406.40000000000362       -2.5589987996572527E-002
   407.20000000000363      -0.83150302593203440     
   408.00000000000364      -0.69721339493621104     
   408.80000000000365       0.22168399443980225     
   409.60000000000366       0.89284934569264229     
   410.40000000000367       0.55354710404439367     
   411.20000000000368      -0.40767312992303539     
   412.00000000000369      -0.91146219723363242     
   412.80000000000371      -0.38391339783217682     
   413.60000000000372       0.57474794204481638     
   414.40000000000373       0.88655772656563869     
   415.20000000000374       0.19641225839665333     
   416.00000000000375      -0.71474320687371939     
   416.80000000000376      -0.81942434369602890     
   417.60000000000377        2.1640009424150897E-004
   418.40000000000379       0.82068807349250827     
   419.20000000000380       0.71335860006869556     
   420.00000000000381      -0.19695245900697267     
   420.80000000000382      -0.88734004507201825     
   421.60000000000383      -0.57355017532587060     
   422.40000000000384       0.38473545512952623     
   423.20000000000385       0.91151219773936898     
   424.00000000000387       0.40680733033058813     
   424.80000000000388      -0.55470640242219371     
   425.60000000000389      -0.89215040267885359     
   426.40000000000390      -0.22111518518433693     
   427.20000000000391       0.69858881671287676     
   428.00000000000392       0.83028131935502203     
   428.80000000000393        2.5154901460491930E-002
   429.60000000000394      -0.80922656493912126     
   430.40000000000396      -0.72894849765343250     
   431.20000000000397       0.17207423468272465     
   432.00000000000398       0.88113196006212502     
   432.80000000000399       0.59311041562522004     
   433.60000000000400      -0.36150510584821127     
   434.40000000000401      -0.91084610915860043     
   435.20000000000402      -0.42939009089279195     
   436.00000000000404       0.53423552073293856     
   436.80000000000405       0.89704365686554888     
   437.60000000000406       0.24564968288495237     
   438.40000000000407      -0.68188686979155033     
   439.20000000000408      -0.84048864358579900     
   440.00000000000409       -5.0505431558970915E-002
   440.80000000000410       0.79712707010906925     
   441.60000000000412       0.74397023156826547     
   442.40000000000413      -0.14706805834467129     
   443.20000000000414      -0.87422922140162518     
   444.00000000000415      -0.61221166898704793     
   444.80000000000416       0.33800053413465669     
   445.60000000000417       0.90946391632654100     
   446.40000000000418       0.45164354113790967     
   447.20000000000420      -0.51335236984703725     
   448.00000000000421      -0.90123355069897793     
   448.80000000000422      -0.26999679867286652     
   449.60000000000423       0.66465159599855284     
   450.40000000000424       0.85003845858859206     
   451.20000000000425        7.5816144300846711E-002
   452.00000000000426      -0.78439969369373941     
   452.80000000000427      -0.75841211305648093     
   453.60000000000429       0.12195269577114232     
   454.40000000000430       0.86663718491272601     
   455.20000000000431       0.63083893977818861     
   456.00000000000432      -0.31423982347495327     
   456.80000000000433      -0.90736625222062472     
   457.60000000000434      -0.47355032049164347     
   458.40000000000435       0.49207358579493243     
   459.20000000000437       0.90471628178449803     
   460.00000000000438       0.29413782262915411     
   460.80000000000439      -0.64689706397377644     
   461.60000000000440      -0.85892280036458002     
   462.40000000000441      -0.10106776440654297     
   463.20000000000442       0.77105484434726601     
   464.00000000000443       0.77226237809061626     
   464.80000000000445       -9.6747431773423598E-002
   465.60000000000446      -0.85836194879616701     
   466.40000000000447      -0.64897733845025185     
   467.20000000000448       0.29024166728768297     
   468.00000000000449       0.90455474566469396     
   468.80000000000450       0.49509337052497809     
   469.60000000000451      -0.47041635788713337     
   470.40000000000452      -0.90748906001953122     
   471.20000000000454      -0.31805446529963566     
   472.00000000000455       0.62863776514264280     
   472.80000000000456       0.86713452819898773     
   473.60000000000457       0.12624142894605228     
   474.40000000000458      -0.75710322095851246     
   475.20000000000459      -0.78550977214800510     
   476.00000000000460        7.1471290262544729E-002
   476.80000000000462       0.84940983572107376     
   477.60000000000463       0.66661215589074185     
   478.40000000000464      -0.26602477506503164     
   479.20000000000465      -0.90103130246839092     
   480.00000000000466      -0.51625557741872852     
   480.80000000000467       0.44839822882166247     
   481.60000000000468       0.90954953380390713     
   482.40000000000470       0.34172829997517273     
   483.20000000000471      -0.60988883304682451     
   484.00000000000472      -0.87466711896999105     
   484.80000000000473      -0.15131819147398451     
   485.60000000000474       0.74255629775955567     
   486.40000000000475       0.79814373249869197     
   487.20000000000476       -4.6143276672089062E-002
   488.00000000000477      -0.83978789175714774     
   488.80000000000479      -0.68372928244132725     
   489.60000000000480       0.24160779683528588     
   490.40000000000481       0.89679839365687097     
   491.20000000000482       0.53702020975466913     
   492.00000000000483      -0.42603677192462686     
   492.80000000000484      -0.91089577586436898     
   493.60000000000485      -0.36514104180363205     
   494.40000000000487       0.59066563952507944     
   495.20000000000488       0.88151441636672323     
   496.00000000000489       0.17627906638166879     
   496.80000000000490      -0.72742602223185027     
   497.60000000000491      -0.81015406176384874     
   498.40000000000492        2.0782537285926383E-002
   499.20000000000493       0.82950379954735898     
   500.00000000000495       0.70031496388882686     
   500.80000000000496      -0.21700958122523573     
   501.60000000000497      -0.89185918267469066     
   502.40000000000498      -0.55737084222834654     
   503.20000000000499       0.40334982139918840     
   504.00000000000500       0.91152652827190228     
   504.80000000000501       0.38827463682693364     
   505.60000000000502      -0.57098390216576456     
   506.40000000000504      -0.88767086727350075     
   507.20000000000505      -0.20110521909515877     
   508.00000000000506       0.71172477112353194     
   508.80000000000507       0.82153106284962907     
   509.60000000000508        4.5918455311821926E-003
   510.40000000000509      -0.81856572270967254     
   511.20000000000510      -0.71635580577193536     
   512.00000000000512       0.19224903112563585     
   512.80000000000507       0.88621733914815182     
   513.60000000000502       0.57729125812836890     
   514.40000000000498      -0.38035542985699422     
   515.20000000000493      -0.91144106797735602     
   516.00000000000489      -0.41111112412530071     
   516.80000000000484       0.55085974267362037     
   517.60000000000480       0.89313148862192171     
   518.40000000000475       0.22577785309907639     
   519.20000000000471      -0.69546547009144366     
   520.00000000000466      -0.83226560719440279     
   520.80000000000462       -2.9960811182162095E-002
   521.60000000000457       0.80698242515597030     
   522.40000000000452       0.73183889997504115     
   523.20000000000448      -0.16734506165391005     
   524.00000000000443      -0.87987710187969237     
   524.80000000000439      -0.59676557357408822     
   525.60000000000434       0.35707176381056394     
   526.40000000000430       0.91063919118798342     
   527.20000000000425       0.43363270958237965     
   528.00000000000421      -0.53030956727375866     
   528.80000000000416      -0.89789179453628343     
   529.60000000000412      -0.25027821639798242     
   530.40000000000407       0.67866151064610614     
   531.20000000000402       0.84234905269055937     
   532.00000000000398        5.5305275403417897E-002
   532.80000000000393      -0.79476325412423132     
   533.60000000000389      -0.74675177665526060     
   534.40000000000384       0.14231666255106556     
   535.20000000000380       0.87284332129424891     
   536.00000000000375       0.61577824014510762     
   536.80000000000371      -0.33351714712744907     
   537.60000000000366      -0.90912128207233656     
   538.40000000000362      -0.45582180917788473     
   539.20000000000357       0.50935007096815033     
   540.00000000000352       0.90194785605701755     
   540.80000000000348       0.27458766234204035     
   541.60000000000343      -0.66132671769000206     
   542.40000000000339      -0.85177327553520255     
   543.20000000000334       -8.0606186585619133E-002
   544.00000000000330       0.78191808962818665     
   544.80000000000325       0.76108240739273592     
   545.60000000000321      -0.11718285979922760     
   546.40000000000316      -0.86512141210926219     
   547.20000000000312      -0.63431402848655782     
   548.00000000000307       0.30971004472958252     
   548.80000000000302       0.90688828394119680     
   549.60000000000298       0.47766102545011940     
   550.40000000000293      -0.48799824112472806     
   551.20000000000289      -0.90529629867683659     
   552.00000000000284      -0.29868763162259493     
   552.80000000000280       0.64347536704575681     
   553.60000000000275       0.86053069446938668     
   554.40000000000271       0.10584452407095823     
   555.20000000000266      -0.76845736600060022     
   556.00000000000261      -0.77481924738294317     
   556.80000000000257        9.1962695389422144E-002
   557.60000000000252       0.85671736592274250     
   558.40000000000248       0.65235807207917063     
   559.20000000000243      -0.28566902338281086     
   560.00000000000239      -0.90394169397049340     
   560.80000000000234      -0.49913317667519108     
   561.60000000000230       0.46627131189747562     
   562.40000000000225       0.90793428266536591     
   563.20000000000221       0.32255965985681068     
   564.00000000000216      -0.62512215136962956     
   564.80000000000211      -0.86861425168901063     
   565.60000000000207      -0.13100128952608048     
   566.40000000000202       0.75439206188574792     
   567.20000000000198       0.78795123183186733     
   568.00000000000193       -6.6675238480255361E-002
   568.80000000000189      -0.84763776339125529     
   569.60000000000184      -0.66989588267516886     
   570.40000000000180       0.26141275189060387     
   571.20000000000175       0.90028358375739659     
   572.00000000000171       0.52022132327554527     
   572.80000000000166      -0.44418674836223515     
   573.60000000000161      -0.90985951892056494     
   574.40000000000157      -0.34618540372355522     
   575.20000000000152       0.60628215453887879     
   576.00000000000148       0.87601742108107450     
   576.80000000000143       0.15605752640809489     
   577.60000000000139      -0.73973367687228253     
   578.40000000000134      -0.80046778141095021     
   579.20000000000130        4.1339571973542766E-002
   580.00000000000125       0.83788976070000787     
   580.80000000000121       0.68691335696431377     
   581.60000000000116      -0.23695998941379492     
   582.40000000000111      -0.89591659514900490     
   583.20000000000107      -0.54090877523124181     
   584.00000000000102       0.42176223400668600     
   584.80000000000098       0.91107027111881989     
   585.60000000000093       0.36954664742073473     
   586.40000000000089      -0.58697084054390847     
   587.20000000000084      -0.88273421686457998     
   588.00000000000080      -0.18099432655178682     
   588.80000000000075       0.72449422595125135     
   589.60000000000070       0.81235881899287798     
   590.40000000000066       -1.5974781665367144E-002
   591.20000000000061      -0.82748108937775211     
   592.00000000000057      -0.70339679877137073     
   592.80000000000052       0.21232956672717251     
   593.60000000000048       0.89084394002115441     
   594.40000000000043       0.56117911237582607     
   595.20000000000039      -0.39901564541725498     
   596.00000000000034      -0.91156535185175280     
   596.80000000000030      -0.39262531468016815     
   597.60000000000025       0.56720402940510306     
   598.40000000000020       0.88875918996950787     
   599.20000000000016       0.20579283382798541     
   600.00000000000011      -0.70868622620332411     
   600.80000000000007      -0.82361477405745465     
   601.60000000000002       -9.4000454732943162E-003
   602.39999999999998       0.81642005650723948     
   603.19999999999993       0.71933293433590328     
   603.99999999999989      -0.18754037825658720     
   604.79999999999984      -0.88506940740633788     
   605.59999999999980      -0.58101620525163478     
   606.39999999999975       0.37596503445359430     
   607.19999999999970       0.91134412825623756     
   607.99999999999966       0.41540348704488805     
   608.79999999999961      -0.54699787408949507     
   609.59999999999957      -0.89408743076533614     
   610.39999999999952      -0.23043425581742571     
   611.19999999999948       0.69232267825543625     
   611.99999999999943       0.83422658782529036     
   612.79999999999939        3.4765828913163266E-002
   613.59999999999934      -0.80471553697264664     
   614.39999999999930      -0.73470892380998720     
   615.19999999999925       0.16261137245214752     
   615.99999999999920       0.87859736413835310     
   616.79999999999916       0.60040423056952053     
   617.59999999999911      -0.35262861273160939     
   618.39999999999907      -0.91040652490109875     
   619.19999999999902      -0.43786341768438708     
   619.99999999999898       0.52636884162778019     
   620.79999999999893       0.89871457251688847     
   621.59999999999889       0.25489987320721696     
   622.39999999999884      -0.67541705148547748     
   623.19999999999879      -0.84418572112055568     
   623.99999999999875       -6.0103502168418088E-002
   624.79999999999870       0.79237696773281052     
   625.59999999999866       0.74951237611187360     
   626.39999999999861      -0.13756154046405611     
   627.19999999999857      -0.87143275554880972     
   627.99999999999852      -0.61932768955126083     
   628.79999999999848       0.32902473340302774     
   629.59999999999843       0.90875302483591414     
   630.39999999999839       0.45998754665604047     
   631.19999999999834      -0.50533369122560046     
   631.99999999999829      -0.90263679150909482     
   632.79999999999825      -0.27917104861402209     
   633.59999999999820       0.65798326685701969     
   634.39999999999816       0.85348415858530524     
   635.19999999999811        8.5394017978023151E-002
   635.99999999999807      -0.77941434149992639     
   636.79999999999802      -0.76373136153132848     
   637.59999999999798       0.11240990804157169     
   638.39999999999793       0.86358110772627883     
   639.19999999999789       0.63777142647914453     
   639.99999999999784      -0.30517187536336343     
   640.79999999999779      -0.90638467318173188     
   641.59999999999775      -0.48175851839018191     
   642.39999999999770       0.48390945259628970     
   643.19999999999766       0.90585080869508405     
   643.99999999999761       0.30322923810684910     
   644.79999999999757      -0.64003567755836555     
   645.59999999999752      -0.86211441232797126     
   646.39999999999748      -0.11061835508248408     
   647.19999999999743       0.76583819723679691     
   647.99999999999739       0.77735442238046970     
   648.79999999999734       -8.7175527645384832E-002
   649.59999999999729      -0.85504852755837168     
   650.39999999999725      -0.65572064542122077     
   651.19999999999720       0.28108862898844134     
   651.99999999999716       0.90330308023235817     
   652.79999999999711       0.50315919840106194     
   653.59999999999707      -0.46211340581850224     
   654.39999999999702      -0.90835389181575454     
   655.19999999999698      -0.32705600289252001     
   655.99999999999693       0.62158905004942178     
   656.79999999999688       0.87006952594463927     
   657.59999999999684       0.13575752543311992     
   658.39999999999679      -0.75165960999752501     
   659.19999999999675      -0.79037058372927904     
   659.99999999999670        6.1877470376301869E-002
   660.79999999999666       0.84584170192429797     
   661.59999999999661       0.67316092718312537     
   662.39999999999657      -0.25679368189960383     
   663.19999999999652      -0.89951042395854575     
   663.99999999999648      -0.52417269050316384     
   664.79999999999643       0.43996306092319060     
   665.59999999999638       0.91014385677728660     
   666.39999999999634       0.35063302136535235     
   667.19999999999629      -0.60265854418065334     
   667.99999999999625      -0.87734307728547278     
   668.79999999999620      -0.16079258109053207     
   669.59999999999616       0.73689017966011483     
   670.39999999999611       0.80276936286986689     
   671.19999999999607       -3.6534818984748751E-002
   671.99999999999602      -0.83596789652544701     
   672.79999999999598      -0.69007824588490929     
   673.59999999999593       0.23230580601077344     
   674.39999999999588       0.89500945305817359     
   675.19999999999584       0.54478235481626458     
   675.99999999999579      -0.41747613798543426     
   676.79999999999575      -0.91121906953967835     
   677.59999999999570      -0.37394210244724568     
   678.39999999999566       0.58325969239780240     
   679.19999999999561       0.88392918073404247     
   679.99999999999557       0.18570462190746084     
   680.79999999999552      -0.72154201782393601     
   681.59999999999548      -0.81454077747413212     
   682.39999999999543        1.1166661184662807E-002
   683.19999999999538       0.82543495328990923     
   683.99999999999534       0.70645898447210809     
   684.79999999999529      -0.20764384571047723     
   685.59999999999525      -0.88980348974701395     
   686.39999999999520      -0.56497182567326842     
   687.19999999999516       0.39467054821636183     
   687.99999999999511       0.91157844835281776     
   688.79999999999507       0.39696519958274701     
   689.59999999999502      -0.56340837885805461     
   690.39999999999498      -0.88982248940842645     
   691.19999999999493      -0.21047480383235873     
   691.99999999999488       0.70562773354987296     
   692.79999999999484       0.82567535304669060     
   693.59999999999479        1.4207916993328129E-002
   694.39999999999475      -0.81425128657420454     
   695.19999999999470      -0.72228994961784543     
   695.99999999999466       0.18282670670950041     
   696.79999999999461       0.88389643210032776     
   697.59999999999457       0.58472502961946615     
   698.39999999999452      -0.37156437565101830     
   699.19999999999447      -0.91122146597604359     
   699.99999999999443      -0.41968442534420525     
   700.79999999999438       0.54312081827118008     
   701.59999999999434       0.89501819693158369     
   702.39999999999429       0.23508434764346919     
   703.19999999999425      -0.68916041794677851     
   703.99999999999420      -0.83616412939427753     
   704.79999999999416       -3.9569837556121423E-002
   705.59999999999411       0.80242587827985989     
   706.39999999999407       0.73755838585584987     
   707.19999999999402      -0.15787334580904755     
   707.99999999999397      -0.87729275616415248     
   708.79999999999393      -0.60402620352769132     
   709.59999999999388       0.34817585963802355     
   710.39999999999384       0.91014815217726786     
   711.19999999999379       0.44208206686316776     
   711.99999999999375      -0.52241353454865780     
   712.79999999999370      -0.89951203901058641     
   713.59999999999366      -0.25951454842827049     
   714.39999999999361       0.67215362747499086     
   715.19999999999357       0.84599866612182861     
   715.99999999999352        6.4900036869056432E-002
   716.79999999999347      -0.78996827157205685     
   717.59999999999343      -0.75225198870261811     
   718.39999999999338       0.13280276152425885     
   719.19999999999334       0.86999751754938215     
   719.99999999999329       0.62285991250508310     
   720.79999999999325      -0.32452337831076683     
   721.59999999999320      -0.90835909646374102     
   722.39999999999316      -0.46414060188441031     
   723.19999999999311       0.50130333959096041     
   723.99999999999307       0.90330029501605791     
   724.79999999999302       0.28374678581669277     
   725.59999999999297      -0.65462136622362055     
   726.39999999999293      -0.85517104738223892     
   727.19999999999288       -9.0179472113431691E-002
   727.99999999999284       0.77688856321712640     
   728.79999999999279       0.76635891685377167     
   729.59999999999275      -0.10763398536881719     
   730.39999999999270      -0.86201635234636731     
   731.19999999999266      -0.64121106753596468     
   731.99999999999261       0.30062543295755872     
   732.79999999999256       0.90585545089643327     
   733.59999999999252       0.48584271535268297     
   734.39999999999247      -0.47980731228213869     
   735.19999999999243      -0.90637978952657938     
   735.99999999999238      -0.30776253492645278     
   736.79999999999234       0.63657806727652622     
   737.59999999999229       0.86367388588513161     
   738.39999999999225       0.11538912789270506     
   739.19999999999220      -0.76319739457047397     
   739.99999999999216      -0.77986780340923478     
   740.79999999999211        8.2386073788228709E-002
   741.59999999999206       0.85335547732510819     
   742.39999999999202       0.65906494279051731     
   743.19999999999197      -0.27650063333867680     
   743.99999999999193      -0.90263893300464815     
   744.79999999999188      -0.50717131652312419     
   745.59999999999184       0.45794277780173831     
   746.39999999999179       0.90874789393812805     
   747.19999999999175       0.33154337810675871     
   747.99999999999170      -0.61803857323889555     
   748.79999999999166      -0.87150032623451623     
   749.59999999999161      -0.14051002312116811     
   750.39999999999156       0.74890594114384768     
   751.19999999999152       0.79276776605655241     
   751.99999999999147       -5.7078100657037778E-002
   752.79999999999143      -0.84402168926332133     
   753.59999999999138      -0.67640719243274527     
   754.39999999999134       0.25216768399432032     
   755.19999999999129       0.89871182872559652     
   755.99999999999125       0.52810955646818902     
   756.79999999999120      -0.43572728742837452     
   757.59999999999116      -0.91040252822668588     
   758.39999999999111      -0.35507101748498493     
   759.19999999999106       0.59901811610067190     
   759.99999999999102       0.87864404773255012     
   760.79999999999097       0.16552321831190542     
   761.59999999999093      -0.73402590077598673     
   762.39999999999088      -0.80504841624318868     
   763.19999999999084        3.1729150207142398E-002
   763.99999999999079       0.83402236327461143     
   764.79999999999075       0.69322386683430248     
   765.59999999999070      -0.22764537150527397     
   766.39999999999065      -0.89407699525468498     
   767.19999999999061      -0.54864084587461370     
   767.99999999999056       0.41317859893297926     
   768.79999999999052       0.91134216287780989     
   769.59999999999047       0.37832728828959106     
   770.39999999999043      -0.57953229658868499     
   771.19999999999038      -0.88509926673355732     
   771.99999999999034      -0.19040982332947476     
   772.79999999999029       0.71856948045561142     
   773.59999999999025       0.81669986735000755     
   774.39999999999020       -6.3583102996235263E-003
   775.19999999999015      -0.82336545005388961     
   775.99999999999011      -0.70950142810829830     
   776.79999999999006       0.20295255268578483     
   777.59999999999002       0.88873786372114905     
   778.39999999998997       0.56874887303898425     
   779.19999999998993      -0.39031465765483198     
   779.99999999998988      -0.91156582101387529     
   780.79999999998984      -0.40129417294460967     
   781.59999999998979       0.55959706314417224     
   782.39999999998975       0.89086073864253190     
   783.19999999998970       0.21515100569388423     
   783.99999999998965      -0.70254938183493532     
   784.79999999998961      -0.82771274188244304     
   785.59999999998956       -1.9015334064902412E-002
   786.39999999998952       0.81205947194034989     
   787.19999999998947       0.72522676486286808     
   787.99999999998943      -0.17810814368067540     
   788.79999999998938      -0.88269844158272781     
   789.59999999998934      -0.58841762194280900     
   790.39999999998929       0.36715357835995599     
   791.19999999998925       0.91107308073965609     
   791.99999999998920       0.42395381590466791     
   792.79999999998915      -0.53922869068871515     
   793.59999999998911      -0.89592375966967885     
   794.39999999998906      -0.23972799951317569     
   795.19999999998902       0.68597878550655889     
   795.99999999998897       0.83807817773094806     
   796.79999999998893        4.4372707116863142E-002
   797.59999999998888      -0.80011351771238193     
   798.39999999998884      -0.74038720609857700     
   799.19999999998879       0.15313110990665757     
