   0.0000000000000000        2.5880609354715269     
  0.80000000000000004        1.4311631074307058     
   1.6000000000000001      -0.78480986575577116     
   2.4000000000000004       -2.6495824853653911     
   3.2000000000000002       -2.1892930321244046     
   4.0000000000000000      -0.12861361059550358     
   4.7999999999999998        2.0619820871585386     
   5.5999999999999996        2.6806645311042687     
   6.3999999999999995        1.1122883187739605     
   7.1999999999999993       -1.0483720002242012     
   7.9999999999999991       -2.5354918408777629     
   8.7999999999999989       -1.9759804463596198     
   9.5999999999999996      -0.23917039470179713     
   10.400000000000000        1.5273357193240771     
   11.200000000000001        2.3372154279058788     
   12.000000000000002        1.5114898523174221     
   12.800000000000002       -5.1822511166152552E-002
   13.600000000000003       -1.5721913557638230     
   14.400000000000004       -2.1943497267949987     
   15.200000000000005       -1.3840442363116441     
   16.000000000000004       0.12916004699572370     
   16.800000000000004        1.6554483618224469     
   17.600000000000005        2.2315454961735512     
   18.400000000000006        1.2934815550993584     
   19.200000000000006      -0.37021699251912921     
   20.000000000000007       -1.9641638633902216     
   20.800000000000008       -2.2650198449549905     
   21.600000000000009      -0.98147433992605193     
   22.400000000000009       0.88417479743246674     
   23.200000000000010        2.3474704406996669     
   24.000000000000011        2.0440418312191739     
   24.800000000000011       0.40103377321885492     
   25.600000000000012       -1.5077866736739314     
   26.400000000000013       -2.5043042454227500     
   27.200000000000014       -1.5646377578488804     
   28.000000000000014       0.28157834655817338     
   28.800000000000015        2.0223083070128665     
   29.600000000000016        2.3563287862885200     
   30.400000000000016        1.0229424967119316     
   31.200000000000017      -0.83703740264706417     
   32.000000000000014       -2.2747474283389941     
   32.800000000000011       -2.0569269993321937     
   33.600000000000009      -0.54692323893238193     
   34.400000000000006        1.2402040099356839     
   35.200000000000003        2.3517883365676546     
   36.000000000000000        1.7541021675372817     
   36.799999999999997       0.14287280004014158     
   37.599999999999994       -1.5789270569863043     
   38.399999999999991       -2.3653260835564822     
   39.199999999999989       -1.4500766416547346     
   39.999999999999986       0.26722735524743424     
   40.799999999999983        1.9171580142738833     
   41.599999999999980        2.3086745913061355     
   42.399999999999977        1.0863426724687080     
   43.199999999999974      -0.72669868291397099     
   43.999999999999972       -2.2206106353963557     
   44.799999999999969       -2.1207810153814481     
   45.599999999999966      -0.63352500365220799     
   46.399999999999963        1.2092434449499336     
   47.199999999999960        2.4007521777915359     
   47.999999999999957        1.7954652334378192     
   48.799999999999955       0.11573915749021224     
   49.599999999999952       -1.6688955732861950     
   50.399999999999949       -2.4168580919990834     
   51.199999999999946       -1.3882326269455154     
   51.999999999999943       0.40477112466196363     
   52.799999999999940        2.0424698645360784     
   53.599999999999937        2.2773965463943560     
   54.399999999999935       0.94881982736214221     
   55.199999999999932      -0.87836183352230446     
   55.999999999999929       -2.2793261096678408     
   56.799999999999926       -2.0255836275152865     
   57.599999999999923      -0.49746917057376083     
   58.399999999999920        1.3067690409316295     
   59.199999999999918        2.3885103143379713     
   59.999999999999915        1.7073771231884440     
   60.799999999999912        3.3789280885465400E-002
   61.599999999999909       -1.7070502656212636     
   62.399999999999906       -2.3858000622745519     
   63.199999999999903       -1.3372624025586397     
   63.999999999999901       0.44372349656075483     
   64.799999999999898        2.0575652177725332     
   65.599999999999895        2.2573753941817030     
   66.399999999999892       0.91539569466870518     
   67.199999999999889      -0.91576522074467537     
   67.999999999999886       -2.3011334669431589     
   68.799999999999883       -2.0040065506646663     
   69.599999999999881      -0.44794259276962300     
   70.399999999999878        1.3664784037088431     
   71.199999999999875        2.4087150060124767     
   71.999999999999872        1.6616702546859510     
   72.799999999999869       -4.5417221520683615E-002
   73.599999999999866       -1.7808693713675772     
   74.399999999999864       -2.3801932536944639     
   75.199999999999861       -1.2646805962984486     
   75.999999999999858       0.53580254875518873     
   76.799999999999855        2.1152076197471503     
   77.599999999999852        2.2175585071466135     
   78.399999999999849       0.83015070543447544     
   79.199999999999847      -0.99816350224243200     
   79.999999999999844       -2.3251597743612651     
   80.799999999999841       -1.9462107726669160     
   81.599999999999838      -0.36670651573323210     
   82.399999999999835        1.4319979132105558     
   83.199999999999832        2.4071389755287678     
   83.999999999999829        1.6024025990163333     
   84.799999999999827      -0.11655873215167123     
   85.599999999999824       -1.8312744762629918     
   86.399999999999821       -2.3627547262541539     
   87.199999999999818       -1.2063743460424499     
   87.999999999999815       0.60073311507205029     
   88.799999999999812        2.1521470094263209     
   89.599999999999810        2.1864506747436243     
   90.399999999999807       0.76711584581441161     
   91.199999999999804       -1.0628994426887235     
   91.999999999999801       -2.3475778787271357     
   92.799999999999798       -1.9009946091789356     
   93.599999999999795      -0.29464093411848813     
   94.399999999999793        1.4982185036668547     
   95.199999999999790        2.4112810147948007     
   95.999999999999787        1.5439006268695203     
   96.799999999999784      -0.19507695226414601     
   97.599999999999781       -1.8908718620626237     
   98.399999999999778       -2.3437311421704092     
   99.199999999999775       -1.1380621267751447     
   99.999999999999773       0.67720876687612952     
   100.79999999999977        2.1921667195463486     
   101.59999999999977        2.1463361750461014     
   102.39999999999976       0.69360444276011313     
   103.19999999999976       -1.1327143587877875     
   103.99999999999976       -2.3646849826261658     
   104.79999999999976       -1.8486500933800845     
   105.59999999999975      -0.21994960242041217     
   106.39999999999975        1.5610529830203268     
   107.19999999999975        2.4086505400699156     
   107.99999999999974        1.4849832320661351     
   108.79999999999974      -0.26874189709385088     
   109.59999999999974       -1.9431168214359322     
   110.39999999999974       -2.3218736276614909     
   111.19999999999973       -1.0735498936673553     
   111.99999999999973       0.74777661928407535     
   112.79999999999973        2.2271792386897582     
   113.59999999999972        2.1070510950315007     
   114.39999999999972       0.62319630790526315     
   115.19999999999972       -1.2003554037640460     
   115.99999999999972       -2.3802974791472176     
   116.79999999999971       -1.7966457443355826     
   117.59999999999971      -0.14486720306867729     
   118.39999999999971        1.6246791678908992     
   119.19999999999970        2.4043138294343893     
   119.99999999999970        1.4239513841701157     
   120.79999999999970      -0.34470860639879919     
   121.59999999999970       -1.9952209107675800     
   122.39999999999969       -2.2962870777022015     
   123.19999999999969       -1.0058183215162333     
   123.99999999999969       0.81976217872915824     
   124.79999999999968        2.2593778080982378     
   125.59999999999968        2.0640344917919249     
   126.39999999999968       0.55076861025367907     
   127.19999999999968       -1.2676261786032399     
   127.99999999999967       -2.3920418484181090     
   128.79999999999967       -1.7426853266064368     
   129.59999999999968       -6.9916254630414620E-002
   130.39999999999969        1.6860615674609445     
   131.19999999999970        2.3963727908458585     
   131.99999999999972        1.3625801318796460     
   132.79999999999973      -0.41903739596783263     
   133.59999999999974       -2.0438365620113847     
   134.39999999999975       -2.2681316154409674     
   135.19999999999976      -0.93822961111403758     
   135.99999999999977       0.89029393866029305     
   136.79999999999978        2.2884132426289350     
   137.59999999999980        2.0195556117858873     
   138.39999999999981       0.47813794562821377     
   139.19999999999982       -1.3343623011650765     
   139.99999999999983       -2.4011943673405813     
   140.79999999999984       -1.6874395527358450     
   141.59999999999985        5.6232511803626650E-003
   142.39999999999986        1.7466095131642343     
   143.19999999999987        2.3853595065818984     
   143.99999999999989        1.2997553843441110     
   144.79999999999990      -0.49347523357557788     
   145.59999999999991       -2.0899924655894315     
   146.39999999999992       -2.2367887764241021     
   147.19999999999993      -0.86934284390254568     
   147.99999999999994       0.96042315858680150     
   148.79999999999995        2.3141913610571843     
   149.59999999999997        1.9728849631044465     
   150.39999999999998       0.40484699138579705     
   151.19999999999999       -1.4002961291431002     
   152.00000000000000       -2.4071570728577520     
   152.80000000000001       -1.6309457711853124     
   153.60000000000002        8.1059146540628957E-002
   154.40000000000003        1.8053152804125139     
   155.20000000000005        2.3711406676604585     
   156.00000000000006        1.2361476182801912     
   156.80000000000007      -0.56710743293085653     
   157.60000000000008       -2.1331077045823506     
   158.40000000000009       -2.2028008212412624     
   159.20000000000010      -0.79980784025126583     
   160.00000000000011        1.0298442624695769     
   160.80000000000013        2.3369076923217111     
   161.60000000000014        1.9244850825048687     
   162.40000000000015       0.33102694273576483     
   163.20000000000016       -1.4655801017580179     
   164.00000000000017       -2.4101662348126522     
   164.80000000000018       -1.5731770743024842     
   165.60000000000019       0.15664130605151638     
   166.40000000000020        1.8623227740107848     
   167.20000000000022        2.3536933465043441     
   168.00000000000023        1.1714535506910395     
   168.80000000000024      -0.64022011746129071     
   169.60000000000025       -2.1731889578773442     
   170.40000000000026       -2.1661093840986498     
   171.20000000000027      -0.72943479000315725     
   172.00000000000028        1.0986547538638609     
   172.80000000000030        2.3564924479726868     
   173.60000000000031        1.8743706796898394     
   174.40000000000032       0.25675831544559324     
   175.20000000000033       -1.5299791850625584     
   176.00000000000034       -2.4100966175773681     
   176.80000000000035       -1.5142709935394449     
   177.60000000000036       0.23207329482505235     
   178.40000000000038        1.9172427562882690     
   179.20000000000039        2.3330735909729818     
   180.00000000000040        1.1058492896736067     
   180.80000000000041      -0.71263511100137733     
   181.60000000000042       -2.2101301426849895     
   182.40000000000043       -2.1269649184061681     
   183.20000000000044      -0.65834950381046942     
   184.00000000000045        1.1668631973178136     
   184.80000000000047        2.3730429033035105     
   185.60000000000048        1.8226789673284176     
   186.40000000000049       0.18206117990675308     
   187.20000000000050       -1.5934504052608485     
   188.00000000000051       -2.4069446709439659     
   188.80000000000052       -1.4542214500521227     
   189.60000000000053       0.30732950694551953     
   190.40000000000055        1.9699071640868318     
   191.20000000000056        2.3092968641227212     
   192.00000000000057        1.0392894314375243     
   192.80000000000058      -0.78438245346004121     
   193.60000000000059       -2.2438854264000647     
   194.40000000000060       -2.0854862642736616     
   195.20000000000061      -0.58657512654332233     
   196.00000000000063        1.2344595877256370     
   196.80000000000064        2.3865585188492080     
   197.60000000000065        1.7695060081950389     
   198.40000000000066       0.10703331856266485     
   199.20000000000067       -1.6558045875163077     
   200.00000000000068       -2.4006627379515018     
   200.80000000000069       -1.3931002236707126     
   201.60000000000070       0.38225595281342661     
   202.40000000000072        2.0200729829486899     
   203.20000000000073        2.2824524171054938     
   204.00000000000074       0.97182860621698208     
   204.80000000000075      -0.85544557780576680     
   205.60000000000076       -2.2744499495361450     
   206.40000000000077       -2.0418446492479241     
   207.20000000000078      -0.51416084296205611     
   208.00000000000080        1.3014416308120136     
   208.80000000000081        2.3970692913084255     
   209.60000000000082        1.7149339639635366     
   210.40000000000083        3.1736619572519942E-002
   211.20000000000084       -1.7168834099397314     
   212.00000000000085       -2.3912144995098861     
   212.80000000000086       -1.3309276949845221     
   213.60000000000088       0.45676324093034881     
   214.40000000000089        2.0675467064052082     
   215.20000000000090        2.2526301843872840     
   216.00000000000091       0.90348739476570783     
   216.80000000000092      -0.92584045319854269     
   217.60000000000093       -2.3018324915685509     
   218.40000000000094       -1.9961839785159974     
   219.20000000000095      -0.44115312404478324     
   220.00000000000097        1.3677708699133182     
   220.80000000000098        2.4045734575747213     
   221.60000000000099        1.6590418788438639     
   222.40000000000100       -4.3730885679809983E-002
   223.20000000000101       -1.7764793654294193     
   224.00000000000102       -2.3785723943723855     
   224.80000000000103       -1.2677409435455052     
   225.60000000000105       0.53075182144623101     
   226.40000000000106        2.1121540850518965     
   227.20000000000107        2.2199566861116171     
   228.00000000000108       0.83430664272846333     
   228.80000000000109      -0.99558620393156150     
   229.60000000000110       -2.3260663218152384     
   230.40000000000111       -1.9486452169262076     
   231.20000000000113      -0.36759672658300047     
   232.00000000000114        1.4333972381672970     
   232.80000000000115        2.4090625269550521     
   233.60000000000116        1.6018932586953176     
   234.40000000000117      -0.11927429509620802     
   235.20000000000118       -1.8343781072946255     
   236.00000000000119       -2.3627213627115951     
   236.80000000000121       -1.2035619750851219     
   237.60000000000122       0.60415003358470876     
   238.40000000000123        2.1537573280275808     
   239.20000000000124        2.1845706528215567     
   240.00000000000125       0.76432707074220230     
   240.80000000000126       -1.0647028153707430     
   241.60000000000127       -2.3471885799626366     
   242.40000000000128       -1.8993565372467078     
   243.20000000000130      -0.29354321592418620     
   244.00000000000131        1.4982394298237491     
   244.80000000000132        2.4105130606102221     
   245.60000000000133        1.5435474487199796     
   246.40000000000134      -0.19478387693486354     
   247.20000000000135       -1.8903495747622885     
   248.00000000000136       -2.3436683655378192     
   248.80000000000138       -1.1384144677363968     
   249.60000000000139       0.67690490558567440     
   250.40000000000140        2.1922569160905745     
   251.20000000000141        2.1466253831284403     
   252.00000000000142       0.69359376211562962     
   252.80000000000143       -1.1332071245194837     
   253.60000000000144       -2.3652390161446659     
   254.40000000000146       -1.8484340553476275     
   255.20000000000147      -0.21904809569336670     
   256.00000000000148        1.5621910579750709     
   256.80000000000149        2.4088925756313051     
   257.60000000000150        1.4840548326394658     
   258.40000000000151      -0.27014683923489535     
   259.20000000000152       -1.9441619172595244     
   260.00000000000153       -2.3214440552991160     
   260.80000000000155       -1.0723199299203006     
   261.60000000000156       0.74898687890279692     
   262.40000000000157        2.2275911396084940     
   263.20000000000158        2.1062787481389549     
   264.00000000000159       0.62215274564342726     
   264.80000000000160       -1.2011063770451738     
   265.60000000000161       -2.3802507366897232     
   266.40000000000163       -1.7959818096082589     
   267.20000000000164      -0.14417612278779512     
   268.00000000000165        1.6251157800163756     
   268.80000000000166        2.4041627799570091     
   269.60000000000167        1.4234604938906905     
   270.40000000000168      -0.34524778907493148     
   271.20000000000169       -1.9955883891703414     
   272.00000000000171       -2.2961069589306300     
   272.80000000000172       -1.0053028802440158     
   273.60000000000173       0.82038644201904320     
   274.40000000000174        2.2597335874860751     
   275.20000000000175        2.0636886825085341     
   276.00000000000176       0.55004965991310972     
   276.80000000000177       -1.2683954891601508     
   277.60000000000178       -2.3922470431578304     
   278.40000000000180       -1.7420914801324319     
   279.20000000000181       -6.9000915777125638E-002
   280.00000000000182        1.6868500474252350     
   280.80000000000183        2.3962847630338047     
   281.60000000000184        1.3618028956671333     
   282.40000000000185      -0.41997602476406026     
   283.20000000000186       -2.0444174571036671     
   284.00000000000188       -2.2677428930847494     
   284.80000000000189      -0.93739205195288156     
   285.60000000000190       0.89110997364601618     
   286.40000000000191        2.2886865027382779     
   287.20000000000192        2.0190080611110255     
   288.00000000000193       0.47732974042596599     
   288.80000000000194       -1.3350524432988986     
   289.60000000000196       -2.4012381999844132     
   290.40000000000197       -1.6868436002159122     
   291.20000000000198        6.3933911088658313E-003
   292.00000000000199        1.7472050542776425     
   292.80000000000200        2.3852249886433041     
   293.60000000000201        1.2991147446128355     
   294.40000000000202      -0.49423122385132401     
   295.20000000000203       -2.0904617296959058     
   296.00000000000205       -2.2364631471333456     
   296.80000000000206      -0.86862177988672729     
   297.60000000000207       0.96117407169335189     
   298.40000000000208        2.3144731547266755     
   299.20000000000209        1.9723814298021738     
   300.00000000000210       0.40403860676478320     
   300.80000000000211       -1.4010348927497440     
   301.60000000000213       -2.4072206078939429     
   302.40000000000214       -1.6303085395403336     
   303.20000000000215        8.1912504565889943E-002
   304.00000000000216        1.8059714103512019     
   304.80000000000217        2.3709614430341346     
   305.60000000000218        1.2354233514375885     
   306.40000000000219      -0.56792948941294452     
   307.20000000000221       -2.1335655393418698     
   308.00000000000222       -2.2023999761188073     
   308.80000000000223      -0.79903170778850363     
   309.60000000000224        1.0305993782213390     
   310.40000000000225        2.3371290987239544     
   311.20000000000226        1.9239428356547563     
   312.00000000000227       0.33022440375704298     
   312.80000000000229       -1.4662764110596940     
   313.60000000000230       -2.4101773220941638     
   314.40000000000231       -1.5725480704644510     
   315.20000000000232       0.15745261830214963     
   316.00000000000233        1.8629249284211793     
   316.80000000000234        2.3534897280349449     
   317.60000000000235        1.1707521983859615     
   318.40000000000236      -0.64100755906668683     
   319.20000000000238       -2.1736100433922885     
   320.00000000000239       -2.1657008309094161     
   320.80000000000240      -0.72866544928309240     
   321.60000000000241        1.0994049283314635     
   322.40000000000242        2.3566940574815094     
   323.20000000000243        1.8738145743040027     
   324.00000000000244       0.25594013272866811     
   324.80000000000246       -1.5306837182253650     
   325.60000000000247       -2.4100801261510760     
   326.40000000000248       -1.5136165732911413     
   327.20000000000249       0.23290255274671834     
   328.00000000000250        1.9178339647723146     
   328.80000000000251        2.3328281760125984     
   329.60000000000252        1.1051231318476140     
   330.40000000000254      -0.71342469005406772     
   331.20000000000255       -2.2105150306450421     
   332.00000000000256       -2.1265218741946676     
   332.80000000000257      -0.65756866943569148     
   333.60000000000258        1.1676031549243067     
   334.40000000000259        2.3732049053143891     
   335.20000000000260        1.8221066505576495     
   336.00000000000261       0.18124594092099899     
   336.80000000000263       -1.5941350372177832     
   337.60000000000264       -2.4068929583948724     
   338.40000000000265       -1.4535618926163032     
   339.20000000000266       0.30814731732237188     
   340.00000000000267        1.9704679360856785     
   340.80000000000268        2.3090214402141100     
   341.60000000000269        1.0385590311138189     
   342.40000000000271      -0.78516179541934084     
   343.20000000000272       -2.2442372802437758     
   344.00000000000273       -2.0850217647955267     
   344.80000000000274      -0.58578732837722436     
   345.60000000000275        1.2351956287518799     
   346.40000000000276        2.3866903243543089     
   347.20000000000277        1.7689167658650358     
   348.00000000000279       0.10621082554916828     
   348.80000000000280       -1.6564801557607967     
   349.60000000000281       -2.4005765277064404     
   350.40000000000282       -1.3924256643213271     
   351.20000000000283       0.38307322040235769     
   352.00000000000284        2.0206066487263712     
   352.80000000000285        2.2821419170885942     
   353.60000000000286       0.97108627208611575     
   354.40000000000288      -0.85621806897023789     
   355.20000000000289       -2.2747657380138522     
   356.00000000000290       -2.0413563532688705     
   356.80000000000291      -0.51336682130631717     
   357.60000000000292        1.3021691403201703     
   358.40000000000293        2.3971672219119275     
   359.20000000000294        1.7143308572080915     
   360.00000000000296        3.0913720508728426E-002
   360.80000000000297       -1.7175422638218805     
   361.60000000000298       -2.3910938731798104     
   362.40000000000299       -1.3302434420797071     
   363.20000000000300       0.45757398190659160     
   364.00000000000301        2.0680496946067999     
   364.80000000000302        2.2522887436594794     
   365.60000000000304       0.90273638550688107     
   366.40000000000305      -0.92660581463980307     
   367.20000000000306       -2.3021143527080952     
   368.00000000000307       -1.9956746533857948     
   368.80000000000308      -0.44035236684238188     
   369.60000000000309        1.3684918874158030     
   370.40000000000310        2.4046388922041371     
   371.20000000000312        1.6584241319501731     
   372.00000000000313       -4.4556089141781774E-002
   372.80000000000314       -1.7771215255493826     
   373.60000000000315       -2.3784164960929690     
   374.40000000000316       -1.2670450593374916     
   375.20000000000317       0.53155694062406633     
   376.00000000000318        2.1126249061645699     
   376.80000000000319        2.2195844511226586     
   377.60000000000321       0.83354649032405281     
   378.40000000000322      -0.99634442231617837     
   379.20000000000323       -2.3263136655179624     
   380.00000000000324       -1.9481161084943057     
   380.80000000000325      -0.36679057856890740     
   381.60000000000326        1.4341097547824009     
   382.40000000000327        2.4090948185584655     
   383.20000000000329        1.6012624446524639     
   384.00000000000330      -0.12009931789262107     
   384.80000000000331       -1.8350002359945483     
   385.60000000000332       -2.3625305751790964     
   386.40000000000333       -1.2028556639614667     
   387.20000000000334       0.60494822726632669     
   388.00000000000335        2.1541947880395451     
   388.80000000000337        2.1841697695046576     
   389.60000000000338       0.76355845921799137     
   390.40000000000339       -1.0654543946234638     
   391.20000000000340       -2.3474023047066375     
   392.00000000000341       -1.8988089321284713     
   392.80000000000342      -0.29273174859649509     
   393.60000000000343        1.4989430387679210     
   394.40000000000344        2.4105120133431130     
   395.20000000000346        1.5429036918096950     
   396.00000000000347      -0.19560808796726525     
   396.80000000000348       -1.8909494453725932     
   397.60000000000349       -2.3434426393621672     
   398.40000000000350       -1.1376975904005966     
   399.20000000000351       0.67769589980067924     
   400.00000000000352        2.1926600138955847     
   400.80000000000354        2.1461973632010567     
   401.60000000000355       0.69281719119670226     
   402.40000000000356       -1.1339519990147466     
   403.20000000000357       -2.3654193286839811     
   404.00000000000358       -1.8478692416767637     
   404.80000000000359      -0.21823223920140977     
   405.60000000000360        1.5628841565190299     
   406.40000000000362        2.4088577867343917     
   407.20000000000363        1.4833988820811512     
   408.00000000000364      -0.27096874246639202     
   408.80000000000365       -1.9447369159781998     
   409.60000000000366       -2.3211840032125952     
   410.40000000000367       -1.0715928725449473     
   411.20000000000368       0.74977043870785032     
   412.00000000000369        2.2279594896156065     
   412.80000000000371        2.1058253896251355     
   413.60000000000372       0.62136867684075958     
   414.40000000000373       -1.2018446822230833     
   415.20000000000374       -2.3803980300717971     
   416.00000000000375       -1.7954007893551052     
   416.80000000000376      -0.14335649433659969     
   417.60000000000377        1.6257968407447916     
   418.40000000000379        2.4040938013420243     
   419.20000000000380        1.4227927016827977     
   420.00000000000381      -0.34606622958435063     
   420.80000000000382       -1.9961361250473109     
   421.60000000000383       -2.2958133140947909     
   422.40000000000384       -1.0045658859882878     
   423.20000000000385       0.82116255232840918     
   424.00000000000387        2.2600670260610967     
   424.80000000000388        2.0632116750610843     
   425.60000000000389       0.54925862405250014     
   426.40000000000390       -1.2691270224276014     
   427.20000000000391       -2.3923614752505595     
   428.00000000000392       -1.7414952302820890     
   428.80000000000393       -6.8178440342988367E-002
   429.60000000000394        1.6875170928739744     
   430.40000000000396        2.3961812033056051     
   431.20000000000397        1.3611236938080924     
   432.00000000000398      -0.42078980813846556     
   432.80000000000399       -2.0449357387826512     
   433.60000000000400       -2.2674167645124417     
   434.40000000000401      -0.93664547598452375     
   435.20000000000402       0.89187878429703016     
   436.00000000000404        2.2889852086549753     
   436.80000000000405        2.0185090335163891     
   437.60000000000406       0.47653220848276390     
   438.40000000000407       -1.3357768876945497     
   439.20000000000408       -2.4013198151361648     
   440.00000000000409       -1.6862329210110667     
   440.80000000000410        7.2177656240017818E-003
   441.60000000000412        1.7478559153501390     
   442.40000000000413        2.3850865240719514     
   443.20000000000414        1.2984244410055865     
   444.00000000000415      -0.49503934447750475     
   444.80000000000416       -2.0909486690170001     
   445.60000000000417       -2.2361058660776645     
   446.40000000000418      -0.86786602728076612     
   447.20000000000420       0.96193578817155800     
   448.00000000000421        2.3147374554564868     
   448.80000000000422        1.9718619088287839     
   449.60000000000423       0.40323509895966936     
   450.40000000000424       -1.4017516458484436     
   451.20000000000425       -2.4072692889324570     
   452.00000000000426       -1.6296841596734335     
   452.80000000000427        8.2737681832999899E-002
   453.60000000000429        1.8066037010930003     
   454.40000000000430        2.3707879251917738     
   455.20000000000431        1.2347222263503697     
   456.00000000000432      -0.56873113727996172     
   456.80000000000433       -2.1340196364459634     
   457.60000000000434       -2.2020130858550986     
   458.40000000000435      -0.79826723522945597     
   459.20000000000437        1.0313542321602540     
   460.00000000000438        2.3373594238196391     
   460.80000000000439        1.9234042195904106     
   461.60000000000440       0.32941546221679618     
   462.40000000000441       -1.4669846087901031     
   463.20000000000442       -2.4101928165116169     
   464.00000000000443       -1.5719106172348933     
   464.80000000000445       0.15827742303706849     
   465.60000000000446        1.8635361456876640     
   466.40000000000447        2.3532812236947902     
   467.20000000000448        1.1700404924812855     
   468.00000000000449      -0.64180216636637777     
   468.80000000000450       -2.1740302112712220     
   469.60000000000451       -2.1652860010235324     
   470.40000000000452      -0.72789274954044636     
   471.20000000000454        1.1001530967636757     
   472.00000000000455        2.3568908348547266     
   472.80000000000456        1.8732581331580698     
   473.60000000000457       0.25512637498640545     
   474.40000000000458       -1.5313821837355985     
   475.20000000000459       -2.4100620754819322     
   476.00000000000460       -1.5129666055607522     
   476.80000000000462       0.23372574002255408     
   477.60000000000463        1.9184215677165002     
   478.40000000000464        2.3325850271245923     
   479.20000000000465        1.1044010851122259     
   480.00000000000466      -0.71421193590238996     
   480.80000000000467       -2.2109006045930339     
   481.60000000000468       -2.1260808349654785     
   482.40000000000470      -0.65678824456670037     
   483.20000000000471        1.1683447223167123     
   484.00000000000472        2.3733685011485832     
   484.80000000000473        1.8215335165904256     
   485.60000000000474       0.18042806899081154     
   486.40000000000475       -1.5948222824640528     
   487.20000000000476       -2.4068409412010836     
   488.00000000000477       -1.4528998976258252     
   488.80000000000479       0.30896762828346969     
   489.60000000000480        1.9710294459727067     
   490.40000000000481        2.3087442868165065     
   491.20000000000482        1.0378269087305265     
   492.00000000000483      -0.78594157997953218     
   492.80000000000484       -2.2445879765627650     
   493.60000000000485       -2.0845562423169488     
   494.40000000000487      -0.58499967827432142     
   495.20000000000488        1.2359305370349403     
   496.00000000000489        2.3868209916766210     
   496.80000000000490        1.7683279402504748     
   497.60000000000491       0.10538964707046827     
   498.40000000000492       -1.6571543879458424     
   499.20000000000493       -2.4004901170964157     
   500.00000000000495       -1.3917520632988203     
   500.80000000000496       0.38388944245073287     
   501.60000000000497        2.0211397532079229     
   502.40000000000498        2.2818317018157668     
   503.20000000000499       0.97034438856703775     
   504.00000000000500      -0.85699046660544975     
   504.80000000000501       -2.2750815888254019     
   505.60000000000502       -2.0408680180977159     
   506.40000000000504      -0.51257243865828639     
   507.20000000000505        1.3028971497391628     
   508.00000000000506        2.3972650720632531     
   508.80000000000507        1.7137272168737288     
   509.60000000000508        3.0090154465450158E-002
   510.40000000000509       -1.7182014166620840     
   511.20000000000510       -2.3909727006166488     
   512.00000000000512       -1.3295585905315923     
   512.80000000000507       0.45838501860712477     
   513.60000000000502        2.0685523466051219     
   514.40000000000498        2.2519466864812165     
   515.20000000000493       0.90198511659426939     
   516.00000000000489      -0.92737100994277100     
   516.80000000000484       -2.3023956176843705     
   517.60000000000480       -1.9951650842523661     
   518.40000000000475      -0.43955174965250476     
   519.20000000000471        1.3692125338605374     
   520.00000000000466        2.4047038838415626     
   520.80000000000462        1.6578064441498650     
   521.60000000000457       -4.5381010766340157E-002
   522.40000000000452       -1.7777633068841752     
   523.20000000000448       -2.3782603203139963     
   524.00000000000443       -1.2663492546289787     
   524.80000000000439       0.53236187578215399     
   525.60000000000434        2.1130954073391903     
   526.40000000000430        2.2192120016404857     
   527.20000000000425       0.83278627020445173     
   528.00000000000421      -0.99710264370731272     
   528.80000000000416       -2.3265607379189190     
   529.60000000000412       -1.9475867686491508     
   530.40000000000407      -0.36598425176198979     
   531.20000000000402        1.4348223112065672     
   532.00000000000398        2.4091267641603196     
   532.80000000000393        1.6006313823676559     
   533.60000000000389      -0.12092445949140340     
   534.40000000000384       -1.8356221924902441     
   535.20000000000380       -2.3623393481033053     
   536.00000000000375       -1.2021491611032324     
   536.80000000000371       0.60574637166429723     
   537.60000000000366        2.1546318439788417     
   538.40000000000362        2.1837685426349980     
   539.20000000000357       0.76278976560086043     
   540.00000000000352       -1.0662058516425370     
   540.80000000000348       -2.3476156215768600     
   541.60000000000343       -1.8982611562183687     
   542.40000000000339      -0.29192029088997362     
   543.20000000000334        1.4996464836284862     
   544.00000000000330        2.4105106019886691     
   544.80000000000325        1.5422598479039920     
   545.60000000000321      -0.19643223276302191     
   546.40000000000316       -1.8915490425649144     
   547.20000000000312       -2.3432165625923012     
   548.00000000000307       -1.1369806267613292     
   548.80000000000302       0.67848681154839130     
   549.60000000000298        2.1930627538937548     
   550.40000000000293        2.1457690681710910     
   551.20000000000289       0.69204052378443626     
   552.00000000000284       -1.1346968283862711     
   552.80000000000280       -2.3655992945483879     
   553.60000000000275       -1.8473042297270239     
   554.40000000000271      -0.21741630768906539     
   555.20000000000266        1.5635771562735952     
   556.00000000000261        2.4088226217247746     
   556.80000000000257        1.4827427782181450     
   557.60000000000252      -0.27179063195669606     
   558.40000000000248       -1.9453116316855601     
   559.20000000000243       -2.3209235670779642     
   560.00000000000239       -1.0708656971498582     
   560.80000000000234       0.75055391331881971     
   561.60000000000230        2.2283274479956496     
   562.40000000000225        2.1053717617851633     
   563.20000000000221       0.62058453802768598     
   564.00000000000216       -1.2025829013049854     
   564.80000000000211       -2.3805449585955021     
   565.60000000000207       -1.7948196068458200     
   566.40000000000202      -0.14253684331745076     
   567.20000000000198        1.6264777505029289     
   568.00000000000193        2.4040244509070163     
   568.80000000000189        1.4221247918850415     
   569.60000000000184      -0.34688461963144257     
   570.40000000000180       -1.9966835516748400     
   571.20000000000175       -2.2955193131337226     
   572.00000000000171       -1.0038287866966367     
   572.80000000000166       0.82193858531405639     
   573.60000000000161        2.2604000888628724     
   574.40000000000157        2.0627344179236102     
   575.20000000000152       0.54846750940205813     
   576.00000000000148       -1.2698584866909888     
   576.80000000000143       -2.3924755503805466     
   577.60000000000139       -1.7408988140279118     
   578.40000000000134       -6.7355933004874524E-002
   579.20000000000130        1.6881839767808862     
   580.00000000000125        2.3960772615545425     
   580.80000000000121        1.3604443655523930     
   581.60000000000116      -0.42160353627248792     
   582.40000000000111       -2.0454536863503359     
   583.20000000000107       -2.2670902861482456     
   584.00000000000102      -0.93589879767126982     
   584.80000000000098       0.89264751404182618     
   585.60000000000093        2.2892835346109508     
   586.40000000000089        2.0180097749233723     
   587.20000000000084       0.47573461121366512     
   588.00000000000080       -1.3365012490359702     
   588.80000000000075       -2.4014010712635558     
   589.60000000000070       -1.6856220906304211     
   590.40000000000066        8.0421526727540993E-003
   591.20000000000061        1.7485065858510711     
   592.00000000000057        2.3849476782558088     
   592.80000000000052        1.2977340190501252     
   593.60000000000048      -0.49584739816651768     
   594.40000000000043       -2.0914352578541027     
   595.20000000000039       -2.2357482535915110     
   596.00000000000034      -0.86711017642469468     
   596.80000000000030       0.96269742968955807     
   597.60000000000025        2.3150013835330299     
   598.40000000000020        1.9713421713378421     
   599.20000000000016       0.40243152743274013     
   600.00000000000011       -1.4024683118333074     
   600.80000000000007       -2.4073176089684933     
   601.60000000000002       -1.6290596327867690     
   602.39999999999998        8.3562862376877378E-002
   603.19999999999993        1.8072357754947512     
   603.99999999999989        2.3706140238428270     
   604.79999999999984        1.2340209840464986     
   605.59999999999980      -0.56953271071102329     
   606.39999999999975       -2.1344733675553229     
   607.19999999999970       -2.2016258810927214     
   607.99999999999966      -0.79750267049140078     
   608.79999999999961        1.0321090116227540     
   609.59999999999957        2.3375893799258645     
   610.39999999999952        1.9228654026037184     
   611.19999999999948       0.32860646522730108     
   611.99999999999943       -1.4676927066936101     
   612.79999999999939       -2.4102079467502451     
   613.59999999999934       -1.5712730248527702     
   614.39999999999930       0.15910221660594015     
   615.19999999999925        1.8641471187359491     
   615.99999999999920        2.3530723388082500     
   616.79999999999916        1.1693286724129321     
   617.59999999999911      -0.64259669468542446     
   618.39999999999907       -2.1744500043700308     
   619.19999999999902       -2.1648708754796129     
   619.99999999999898      -0.72711996249547317     
   620.79999999999893        1.1009011931280104     
   621.59999999999889        2.3570872480793468     
   622.39999999999884        1.8727015036268861     
   623.19999999999879       0.25431256808961478     
   623.99999999999875       -1.5320805354367493     
   624.79999999999870       -2.4100436560665823     
   625.59999999999866       -1.5123165038048119     
   626.39999999999861       0.23454890271563977     
   627.19999999999857        1.9190088987741671     
   627.99999999999852        2.3323415027188363     
   628.79999999999848        1.1036789268384348     
   629.59999999999843      -0.71499910031002201     
   630.39999999999839       -2.2112857983597118     
   631.19999999999834       -2.1256395190898076     
   631.99999999999829      -0.65600773823288749     
   632.79999999999825        1.1690862174376073     
   633.59999999999820        2.3735317361632977     
   634.39999999999816        1.8209602061661121     
   635.19999999999811       0.17961015650970591     
   635.99999999999807       -1.5955093957258879     
   636.79999999999802       -2.4067885506497499     
   637.59999999999798       -1.4522377737880259     
   638.39999999999793       0.30978790095244979     
   639.19999999999789        1.9715906577149858     
   639.99999999999784        2.3084667667063337     
   640.79999999999779        1.0370946779264294     
   641.59999999999775      -0.78672128322607571     
   642.39999999999770       -2.2449382916397811     
   643.19999999999766       -2.0840904617681524     
   643.99999999999761      -0.58421195194104358     
   644.79999999999757        1.2366653716624585     
   645.59999999999752        2.3869513002198035     
   646.39999999999748        1.7677389482704753     
   647.19999999999743       0.10456843732465471     
   647.99999999999739       -1.6578284670389247     
   648.79999999999734       -2.4004033285960689     
   649.59999999999729       -1.3910783375868623     
   650.39999999999725       0.38470561348204035     
   651.19999999999720        2.0216725355221392     
   651.99999999999716        2.2815211316879274     
   652.79999999999711       0.96960240042763912     
   653.59999999999707      -0.85776278438578424     
   654.39999999999702       -2.2753970601126161     
   655.19999999999698       -2.0403794426908433     
   655.99999999999693      -0.51177798524673124     
   656.79999999999688        1.3036250816456947     
   657.59999999999684        2.3973625638159195     
   658.39999999999679        1.7131234191816216     
   659.19999999999675        2.9266567877849647E-002
   659.99999999999670       -1.7188603924794987     
   660.79999999999666       -2.3908511467499851     
   661.59999999999661       -1.3288736178598510     
   662.39999999999657       0.45919599321434945     
   663.19999999999652        2.0690546559049148     
   663.99999999999648        2.2516042891575130     
   664.79999999999643       0.90123374748269569     
   665.59999999999638      -0.92813612780870081     
   666.39999999999634       -2.3026765069040436     
   667.19999999999629       -1.9946552914999374     
   667.99999999999625      -0.43875106720238399     
   668.79999999999620        1.3699330963657548     
   669.59999999999616        2.4047685157894545     
   670.39999999999611        1.6571886067986461     
   671.19999999999607       -4.6205941081238544E-002
   671.99999999999602       -1.7784048851376366     
   672.79999999999598       -2.3781037615357903     
   673.59999999999593       -1.2656533317682515     
   674.39999999999588       0.53316674002119346     
   675.19999999999584        2.1135655494118222     
   675.99999999999579        2.2188392288858370     
   676.79999999999575       0.83202595491724374     
   677.59999999999570      -0.99786079014311202     
   678.39999999999566       -2.3268074392491860     
   679.19999999999561       -1.9470572204849503     
   679.99999999999557      -0.36517786569009680     
   680.79999999999552        1.4355347741641522     
   681.59999999999548        2.4091583472933413     
   682.39999999999543        1.6000001774262909     
   683.19999999999538      -0.12174959687138620     
   683.99999999999534       -1.8362439185065733     
   684.79999999999529       -2.3621477387977361     
   685.59999999999525       -1.2014425427270694     
   686.39999999999520       0.60654443897987687     
   687.19999999999516        2.1550685290251552     
   687.99999999999511        2.1833670107806227     
   688.79999999999507       0.76202098218673453     
   689.59999999999502       -1.0669572356928421     
   690.39999999999498       -2.3478285720968617     
   691.19999999999493       -1.8977131858226783     
   691.99999999999488      -0.29110878062424628     
   692.79999999999484        1.5003498221625824     
   693.59999999999479        2.4105088242126649     
   694.39999999999475        1.5416158674093039     
   695.19999999999470      -0.19725635973328148     
   695.99999999999466       -1.8921483814817395     
   696.79999999999461       -2.3429901073360706     
   697.59999999999457       -1.1362635502071810     
   698.39999999999452       0.67927764274160851     
   699.19999999999447        2.1934651157919918     
   699.99999999999443        2.1453404870878776     
   700.79999999999438       0.69126377207844136     
   701.59999999999434       -1.1354415857020612     
   702.39999999999429       -2.3657788980691459     
   703.19999999999425       -1.8467390356522875     
   703.99999999999420      -0.21660033130359779     
   704.79999999999416        1.5642700333995312     
   705.59999999999411        2.4087870856661557     
   706.39999999999407        1.4820865430873922     
   707.19999999999402      -0.27261248984218556     
   707.99999999999397       -1.9458860620142890     
   708.79999999999393       -2.3206627594885609     
   709.59999999999388       -1.0701384117280073     
   710.39999999999384       0.75133730633959006     
   711.19999999999379        2.2286950252584536     
   711.99999999999375        2.1049178667624311     
   712.79999999999370       0.61980032037241206     
   713.59999999999366       -1.2033210477058280     
   714.39999999999361       -2.3806915275391214     
   715.19999999999357       -1.7942382531208843     
   715.99999999999352      -0.14171715624813963     
   716.79999999999347        1.6271585180061285     
   717.59999999999343        2.4039547247313813     
   718.39999999999338        1.4214567554075352     
   719.19999999999334      -0.34770296480886120     
   719.99999999999329       -1.9972306676465541     
   720.79999999999325       -2.2952249510588034     
   721.59999999999320       -1.0030915808147727     
   722.39999999999316       0.82271453756674973     
   723.19999999999311        2.2607327709703897     
   723.99999999999307        2.0622569118585159     
   724.79999999999302       0.54767632128681365     
   725.59999999999297       -1.2705898756483145     
   726.39999999999293       -2.3925892671345221     
   727.19999999999288       -1.7403022361172964     
   727.99999999999284       -6.6533399667505710E-002
   728.79999999999279        1.6888506958132063     
   729.59999999999275        2.3959729400188463     
   730.39999999999270        1.3597649144886845     
   731.19999999999266      -0.42241720755184931     
   731.99999999999261       -2.0459713009048643     
   732.79999999999256       -2.2667634600484496     
   733.59999999999252      -0.93515201687780602     
   734.39999999999247       0.89341616511370181     
   735.19999999999243        2.2895814827762155     
   735.99999999999238        2.0175102846425186     
   736.79999999999234       0.47493694590712598     
   737.59999999999229       -1.3372255299937732     
   738.39999999999225       -2.4014819685424791     
   739.19999999999220       -1.6850111069519751     
   739.99999999999216        8.8665544341699487E-003
   740.79999999999211        1.7491570663896865     
   741.59999999999206        2.3848084500083213     
   742.39999999999202        1.2970434775197264     
   743.19999999999197      -0.49665538499811412     
   743.99999999999193       -2.0919214951488079     
   744.79999999999188       -2.2353903092565033     
   745.59999999999184      -0.86635422784347726     
   746.39999999999179       0.96345899506058830     
   747.19999999999175        2.3152649381667949     
   747.99999999999170        1.9708222181323192     
   748.79999999999166       0.40162789359304818     
   749.59999999999161       -1.4031848894760393     
   750.39999999999156       -2.4073655680819135     
   751.19999999999152       -1.6284349599351422     
   751.99999999999147        8.4388045210259666E-002
   752.79999999999143        1.8078676330883494     
   753.59999999999138        2.3704397395383614     
   754.39999999999134        1.2333196249360161     
   755.19999999999129      -0.57033420977886884     
   755.99999999999125       -2.1349267330271520     
   756.79999999999120       -2.2012383621680875     
   757.59999999999116      -0.79673801325787719     
   758.39999999999111        1.0328637172482129     
   759.19999999999106        2.3378189673991603     
   759.99999999999102        1.9223263844655896     
   760.79999999999097       0.32779741224050363     
   761.59999999999093       -1.4684007050705188     
   762.39999999999088       -2.4102227126403468     
   763.19999999999084       -1.5706352929668332     
   763.99999999999079       0.15992699915005293     
   764.79999999999075        1.8647578472474013     
   765.59999999999070        2.3528630731825908     
   766.39999999999065        1.1686167381152908     
   767.19999999999061      -0.64339114385050067     
   767.99999999999056       -2.1748694223811360     
   768.79999999999052       -2.1644554544806089     
   769.59999999999047      -0.72634708842223894     
   770.39999999999043        1.1016492171596317     
   771.19999999999038        2.3572832971091757     
   771.99999999999034        1.8721446860345359     
   772.79999999999029       0.25349871237293820     
   773.59999999999025       -1.5327787730095912     
   774.39999999999020       -2.4100248679395504     
   775.19999999999015       -1.5116662682318653     
   775.99999999999011       0.23537204061241845     
   776.79999999999006        1.9195959577088195     
   777.59999999999002        2.3320976029581795     
   778.39999999998997        1.1029566570437375     
   779.19999999998993      -0.71578618337676136     
   779.99999999998988       -2.2116706120243372     
   780.79999999998984       -2.1251979267383017     
   781.59999999998979      -0.65522715035998913     
   782.39999999998975        1.1698276404197820     
   783.19999999998970        2.3736946104137617     
   783.99999999998965        1.8203867192984156     
   784.79999999998961       0.17879220345275781     
   785.59999999998956       -1.5961963768487739     
   786.39999999998952       -2.4067357866419385     
   787.19999999998947       -1.4515755210826597     
   787.99999999998943       0.31060813521198893     
   788.79999999998938        1.9721515710106843     
   789.59999999998934        2.3081888799607593     
   790.39999999998929        1.0363623387417928     
   791.19999999998925      -0.78750090513151716     
   791.99999999998920       -2.2452882254452402     
   792.79999999998915       -2.0836244233627852     
   793.59999999998911      -0.58342414947704158     
   794.39999999998906        1.2374001325714024     
   795.19999999998902        2.3870812500004219     
   795.99999999998897        1.7671497900583311     
   796.79999999998893       0.10374719644065267     
   797.59999999998888       -1.6585023927996370     
   798.39999999998884       -2.4003161621821727     
   799.19999999998879       -1.3904044872285954     
