   0.0000000000000000       -1.6321447686253125     
  0.80000000000000004       -2.4641661580757415     
   1.6000000000000001       -1.1843198403273663     
   2.4000000000000004       0.41219411334000933     
   3.2000000000000002        1.2150193245241110     
   4.0000000000000000        1.0692966845682697     
   4.7999999999999998       0.55192284648775558     
   5.5999999999999996       0.24509926967763684     
   6.3999999999999995       0.17437156442829416     
   7.1999999999999993       -3.4859383456285309E-002
   7.9999999999999991      -0.62695320862115067     
   8.7999999999999989       -1.2798316725060066     
   9.5999999999999996       -1.2346791146493115     
   10.400000000000000      -0.18396444415288005     
   11.200000000000001        1.3937225628753678     
   12.000000000000002        2.1931420347034543     
   12.800000000000002        1.1460535235672780     
   13.600000000000003      -0.99218077285123774     
   14.400000000000004       -2.6780470100958920     
   15.200000000000005       -1.8480420422854700     
   16.000000000000004       0.56869861914771680     
   16.800000000000004        2.8133887706056706     
   17.600000000000005        2.3216682686694803     
   18.400000000000006      -0.11617043338873145     
   19.200000000000006       -2.6148097471730694     
   20.000000000000007       -2.7054436873337928     
   20.800000000000008      -0.48967833275868733     
   21.600000000000009        2.0670178411036075     
   22.400000000000009        2.9349961076336073     
   23.200000000000010        1.1338540872021090     
   24.000000000000011       -1.3065397916539592     
   24.800000000000011       -2.7912716658499037     
   25.600000000000012       -1.8055403518156856     
   26.400000000000013       0.22965559165156657     
   27.200000000000014        2.0318430066513855     
   28.000000000000014        2.3614142187491245     
   28.800000000000015        1.0591054962719790     
   29.600000000000016      -0.70430463437751545     
   30.400000000000016       -2.1017840841860362     
   31.200000000000017       -2.0739351105077644     
   32.000000000000014      -0.74795264194899191     
   32.800000000000011       0.97839750620300237     
   33.600000000000009        2.2611418143590827     
   34.400000000000006        1.9255534721758052     
   35.200000000000003       0.34957087072682569     
   36.000000000000000       -1.5311813937482563     
   36.799999999999997       -2.5096124388189072     
   37.599999999999994       -1.5023087309426535     
   38.399999999999991       0.48313228842260569     
   39.199999999999989        2.3203882636419193     
   39.999999999999986        2.3491242835492008     
   40.799999999999983       0.62470687735252772     
   41.599999999999980       -1.5421311544531813     
   42.399999999999977       -2.7111691472156036     
   43.199999999999974       -1.5601132731679654     
   43.999999999999972       0.58869467994158953     
   44.799999999999969        2.4439798878175010     
   45.599999999999966        2.3127122040306372     
   46.399999999999963       0.52553858837946033     
   47.199999999999960       -1.5707170221611397     
   47.999999999999957       -2.6362182635406572     
   48.799999999999955       -1.5448182990750794     
   49.599999999999952       0.46191157203423194     
   50.399999999999949        2.2440343676711252     
   51.199999999999946        2.3337533182277799     
   51.999999999999943       0.76829869999733247     
   52.799999999999940       -1.2238389722410905     
   53.599999999999937       -2.5127009585161604     
   54.399999999999935       -1.8163256405115786     
   55.199999999999932        9.3533264149605611E-003
   55.999999999999929        1.8902859119953852     
   56.799999999999926        2.4846919915016472     
   57.599999999999923        1.1852989194088852     
   58.399999999999920      -0.81385606788806952     
   59.199999999999918       -2.4164911919622174     
   59.999999999999915       -2.1252172531728339     
   60.799999999999912      -0.38781514890564894     
   61.599999999999909        1.6234567066104475     
   62.399999999999906        2.5928228127610202     
   63.199999999999903        1.4701997956150668     
   63.999999999999901      -0.55358587335996212     
   64.799999999999898       -2.3330832386334341     
   65.599999999999895       -2.3021099813073120     
   66.399999999999892      -0.62576975121768608     
   67.199999999999889        1.4371953003003577     
   67.999999999999886        2.6116241993318843     
   68.799999999999883        1.6492754008138315     
   69.599999999999881      -0.33306626358109148     
   70.399999999999878       -2.1888092895490381     
   71.199999999999875       -2.4083554583848628     
   71.999999999999872      -0.85384675033727397     
   72.799999999999869        1.1991328746292784     
   73.599999999999866        2.5597923021273026     
   74.399999999999864        1.8475355559423436     
   75.199999999999861       -3.6441062258023349E-002
   75.999999999999858       -1.9566324251299203     
   76.799999999999855       -2.5044960774465688     
   77.599999999999852       -1.1322807925990064     
   78.399999999999849       0.90199925162798400     
   79.199999999999847        2.4657895688819300     
   79.999999999999844        2.0703804816839346     
   80.799999999999841       0.29421698555629350     
   81.599999999999838       -1.6937699570559519     
   82.399999999999835       -2.5728881796478058     
   83.199999999999832       -1.4045343002320232     
   83.999999999999829       0.60652138300980596     
   84.799999999999827        2.3393504032505472     
   85.599999999999824        2.2634045803090794     
   86.399999999999821       0.59439003212241959     
   87.199999999999818       -1.4420967795022914     
   87.999999999999815       -2.5932108064725226     
   88.799999999999812       -1.6401001322661548     
   89.599999999999810       0.32566201985576204     
   90.399999999999807        2.1755909776647169     
   91.199999999999804        2.4082565499892326     
   91.999999999999801       0.86345571147287425     
   92.799999999999798       -1.1915246241522304     
   93.599999999999795       -2.5626776087713270     
   94.399999999999793       -1.8535105139500332     
   95.199999999999790        3.8062490111137492E-002
   95.999999999999787        1.9679877243771919     
   96.799999999999784        2.5106081351664180     
   97.599999999999781        1.1223482855447078     
   98.399999999999778      -0.92477503918016679     
   99.199999999999775       -2.4831027763693152     
   99.999999999999773       -2.0568317148792561     
   100.79999999999977      -0.26268160861580525     
   101.59999999999977        1.7250385847671514     
   102.39999999999976        2.5717329000483211     
   103.19999999999976        1.3761082324695324     
   103.99999999999976      -0.64067779764561417     
   104.79999999999976       -2.3559418309705302     
   105.59999999999975       -2.2429177679512668     
   106.39999999999975      -0.56285924554843647     
   107.19999999999975        1.4659089674162760     
   107.99999999999974        2.5896013592408007     
   108.79999999999974        1.6183146322599127     
   109.59999999999974      -0.34737944365673723     
   110.39999999999974       -2.1855180872637003     
   111.19999999999973       -2.3966249350942324     
   111.99999999999973      -0.84641382282945132     
   112.79999999999973        1.2049088057229063     
   113.59999999999972        2.5634291983903434     
   114.39999999999972        1.8419230382189489     
   115.19999999999972       -5.2853526361610781E-002
   115.99999999999972       -1.9794956783097739     
   116.79999999999971       -2.5067351798681248     
   117.59999999999971       -1.1088164482013072     
   118.39999999999971       0.94102789355961924     
   119.19999999999970        2.4908888912455662     
   119.99999999999970        2.0455914201333987     
   120.79999999999970       0.24263930275266121     
   121.59999999999970       -1.7438662873947637     
   122.39999999999969       -2.5705063651722528     
   123.19999999999969       -1.3581124217747602     
   123.99999999999969       0.66349126512804313     
   124.79999999999968        2.3686950932766990     
   125.59999999999968        2.2296559921115127     
   126.39999999999968       0.53913380361530816     
   127.19999999999968       -1.4871607357193422     
   127.99999999999967       -2.5897468515613884     
   128.79999999999967       -1.5994130769357806     
   129.59999999999968       0.37059602269577363     
   130.39999999999969        2.1996306991621806     
   131.19999999999970        2.3856547026220767     
   131.99999999999972       0.82561880682967392     
   132.79999999999973       -1.2237497130882844     
   133.59999999999974       -2.5659891843798235     
   134.39999999999975       -1.8262736986179420     
   135.19999999999976        7.3349290906118858E-002
   135.99999999999977        1.9942898300126886     
   136.79999999999978        2.5002854344315062     
   137.59999999999980        1.0914213209133026     
   138.39999999999981      -0.95915565584157747     
   139.19999999999982       -2.4973084878750016     
   139.99999999999983       -2.0323966106679090     
   140.79999999999984      -0.22239207624186696     
   141.59999999999985        1.7610648958326200     
   142.39999999999986        2.5678621313311356     
   143.19999999999987        1.3410628827416322     
   143.99999999999989      -0.68381526496225664     
   144.79999999999990       -2.3794094724389740     
   145.59999999999991       -2.2174667860902764     
   146.39999999999992      -0.51786596740597224     
   147.19999999999993        1.5064055005102888     
   147.99999999999994        2.5900309404337944     
   148.79999999999995        1.5821526539518826     
   149.59999999999997      -0.39248022231964574     
   150.39999999999998       -2.2135128692022779     
   151.19999999999999       -2.3754441490612570     
   152.00000000000000      -0.80519855704092547     
   152.80000000000001        1.2430134439291922     
   153.60000000000002        2.5690713831313539     
   154.40000000000003        1.8103450964092298     
   155.20000000000005       -9.4833714062861452E-002
   156.00000000000006       -2.0099939161897424     
   156.80000000000007       -2.4934471101912021     
   157.60000000000008       -1.0729676565562050     
   158.40000000000009       0.97822792779334589     
   159.20000000000010        2.5036801961834341     
   160.00000000000011        2.0183581745345887     
   160.80000000000013       0.20137211960943002     
   161.60000000000014       -1.7784278649026231     
   162.40000000000015       -2.5645863080051443     
   163.20000000000016       -1.3236360768505333     
   164.00000000000017       0.70398355902152576     
   164.80000000000018        2.3895197381986577     
   165.60000000000019        2.2050674701868647     
   166.40000000000020       0.49686327224259874     
   167.20000000000022       -1.5251429473688767     
   168.00000000000023       -2.5899652732161624     
   168.80000000000024       -1.5651834837788559     
   169.60000000000025       0.41383026310012783     
   170.40000000000026        2.2269246036517290     
   171.20000000000027        2.3652815716440578     
   172.00000000000028       0.78504857652710625     
   172.80000000000030       -1.2620758911272563     
   173.60000000000031       -2.5720416508660042     
   174.40000000000032       -1.7944992176293209     
   175.20000000000033       0.11628821256531019     
   176.00000000000034        2.0256770872716325     
   176.80000000000035        2.4864626193089325     
   177.60000000000036        1.0543503962399596     
   178.40000000000038      -0.99744512236349281     
   179.20000000000039       -2.5099306254183467     
   180.00000000000040       -2.0040934007079421     
   180.80000000000041      -0.18012191391830101     
   181.60000000000042        1.7958549060435665     
   182.40000000000043        2.5610192920253660     
   183.20000000000044        1.3060011143990404     
   184.00000000000045      -0.72418733020029857     
   184.80000000000047       -2.3993715680735344     
   185.60000000000048       -2.1924364894161372     
   186.40000000000049      -0.47576757148285842     
   187.20000000000050        1.5438064794177968     
   188.00000000000051        2.5896140598323987     
   188.80000000000052        1.5481595840923528     
   189.60000000000053      -0.43506524202370733     
   190.40000000000055       -2.2400526697791481     
   191.20000000000056       -2.3549359434785986     
   192.00000000000057      -0.76488277456621723     
   192.80000000000058        1.2810498641813306     
   193.60000000000059        2.5747770872590134     
   194.40000000000060        1.7786178105876969     
   195.20000000000061      -0.13768140806912332     
   196.00000000000063       -2.0411900496783426     
   196.80000000000064       -2.4792742925226245     
   197.60000000000065       -1.0356754911539996     
   198.40000000000066        1.0166175918129436     
   199.20000000000067        2.5159586669863847     
   200.00000000000068        1.9897287745394303     
   200.80000000000069       0.15884674146324951     
   201.60000000000070       -1.8132029252744948     
   202.40000000000072       -2.5572214314316630     
   203.20000000000073       -1.2882916777265223     
   204.00000000000074       0.74434391188785809     
   204.80000000000075        2.4089864613853091     
   205.60000000000076        2.1796498719790529     
   206.40000000000077       0.45460505591047440     
   207.20000000000078       -1.5624358894277894     
   208.00000000000080       -2.5890275000170417     
   208.80000000000081       -1.5310580637158837     
   209.60000000000082       0.45626360070222760     
   210.40000000000083        2.2529663739935817     
   211.20000000000084        2.3443814336922646     
   212.00000000000085       0.74461993628579171     
   212.80000000000086       -1.3000084942620158     
   213.60000000000088       -2.5772777812747054     
   214.40000000000089       -1.7626426280275325     
   215.20000000000090       0.15906504651038045     
   216.00000000000091        2.0565405717189740     
   216.80000000000092        2.4718490894327561     
   217.60000000000093        1.0169183225904355     
   218.40000000000094       -1.0357386376755231     
   219.20000000000095       -2.5217381193115020     
   220.00000000000097       -1.9752658226814488     
   220.80000000000098      -0.13757728076339926     
   221.60000000000099        1.8304312249896506     
   222.40000000000100        2.5531902476480801     
   223.20000000000101        1.2705377368904203     
   224.00000000000102      -0.76441609150954681     
   224.80000000000103       -2.4183494027122303     
   225.60000000000105       -2.1667358481311947     
   226.40000000000106      -0.43340961437230807     
   227.20000000000107        1.5810127909557503     
   228.00000000000108        2.5882172401084782     
   228.80000000000109        1.5138956215553423     
   229.60000000000110      -0.47742023582972104     
   230.40000000000111       -2.2656724535919377     
   231.20000000000113       -2.3336281102180050     
   232.00000000000114      -0.72425503839586147     
   232.80000000000115        1.3189669313209191     
   233.60000000000116        2.5795520001738144     
   234.40000000000117        1.7465642424268932     
   235.20000000000118      -0.18045621378560894     
   236.00000000000119       -2.0717381332331160     
   236.80000000000121       -2.4641808767379945     
   237.60000000000122      -0.99806210823673269     
   238.40000000000123        1.0548215262196476     
   239.20000000000124        2.5272682135243789     
   240.00000000000125        1.9606968411273198     
   240.80000000000126       0.11630978880510146     
   241.60000000000127       -1.8475340644894118     
   242.40000000000128       -2.5489203733534644     
   243.20000000000130       -1.2527384558729762     
   244.00000000000131       0.78439804215744635     
   244.80000000000132        2.4274535833187896     
   245.60000000000133        2.1537010834471060     
   246.40000000000134       0.41219358293779873     
   247.20000000000135       -1.5995246933903102     
   248.00000000000136       -2.5871833116373852     
   248.80000000000138       -1.4966812786919355     
   249.60000000000139       0.49852476610800744     
   250.40000000000140        2.2781651389412114     
   251.20000000000141        2.3226848119426617     
   252.00000000000142       0.70379473008980886     
   252.80000000000143       -1.3379241568555638     
   253.60000000000144       -2.5816030504595577     
   254.40000000000146       -1.7303851308214231     
   255.20000000000147       0.20185568764324002     
   256.00000000000148        2.0867830342469067     
   256.80000000000149        2.4562708810236975     
   257.60000000000150       0.97910088503853698     
   258.40000000000151       -1.0738744883136322     
   259.20000000000152       -2.5325517719213746     
   260.00000000000153       -1.9460189202366673     
   260.80000000000155       -9.5040285880874542E-002
   261.60000000000156        1.8645105937747837     
   262.40000000000157        2.5444094533433681     
   263.20000000000158        1.2348894185565380     
   264.00000000000159      -0.80429141487469624     
   264.80000000000160       -2.4362972190950796     
   265.60000000000161       -2.1405480818204707     
   266.40000000000163      -0.39096173767944276     
   267.20000000000164        1.6179645956168072     
   268.00000000000165        2.5859243194706463     
   268.80000000000166        1.4794189738596213     
   269.60000000000167      -0.51957038970741265     
   270.40000000000168       -2.2904385882896894     
   271.20000000000169       -2.3115578102589485     
   272.00000000000171      -0.68324491656138808     
   272.80000000000172        1.3568772138635745     
   273.60000000000173        2.5834320432186386     
   274.40000000000174        1.7141087171172973     
   275.20000000000175      -0.22326090275828192     
   276.00000000000176       -2.1016723882803783     
   276.80000000000177       -2.4481212488692159     
   277.60000000000178      -0.96003193064240788     
   278.40000000000180        1.0929027999625873     
   279.20000000000181        2.5375912454231160     
   280.00000000000182        1.9312312523315978     
   280.80000000000183        7.3766748191085973E-002
   281.60000000000184       -1.8813595008112143     
   282.40000000000185       -2.5396563386888773     
   283.20000000000186       -1.2169867347689092     
   284.00000000000188       0.82409869420909310     
   284.80000000000189        2.4448798580821096     
   285.60000000000190        2.1272790911628396     
   286.40000000000191       0.36971749026705281     
   287.20000000000192       -1.6363269674049112     
   288.00000000000193       -2.5844390757844407     
   288.80000000000194       -1.4621112725375627     
   289.60000000000196       0.54055192554666731     
   290.40000000000197        2.3024878071151251     
   291.20000000000198        2.3002526731019284     
   292.00000000000199       0.66261079446641391     
   292.80000000000200       -1.3758231235930438     
   293.60000000000201       -2.5850395748325830     
   294.40000000000202       -1.6977381837049597     
   295.20000000000203       0.24466889902886657     
   296.00000000000205        2.1164026609971001     
   296.80000000000206        2.4397342009013121     
   297.60000000000207       0.94085322217720191     
   298.40000000000208       -1.1119109160217071     
   299.20000000000209       -2.5423887560916496     
   300.00000000000210       -1.9163334436438750     
   300.80000000000211       -5.2487741669700050E-002
   301.60000000000213        1.8980791376222204     
   302.40000000000214        2.5346601469693559     
   303.20000000000215        1.1990266838863326     
   304.00000000000216      -0.84382255522891181     
   304.80000000000217       -2.4532013973726334     
   305.60000000000218       -2.1138962642142949     
   306.40000000000219      -0.34846396213983777     
   307.20000000000221        1.6546065433912767     
   308.00000000000222        2.5827265066104492     
   308.80000000000223        1.4447603481356801     
   309.60000000000224      -0.56146470435899798     
   310.40000000000225       -2.3143082162672268     
   311.20000000000226       -2.2887749145825946     
   312.00000000000227      -0.64189758843962030     
   312.80000000000229        1.3947586383000972     
   313.60000000000230        2.5864260970021888     
   314.40000000000231        1.6812767546755987     
   315.20000000000232      -0.26607646301980270     
   316.00000000000233       -2.1309701068823266     
   316.80000000000234       -2.4311121670931661     
   317.60000000000235      -0.92156313105557430     
   318.40000000000236        1.1309029686313430     
   319.20000000000238        2.5469463342058782     
   320.00000000000239        1.9013251776570192     
   320.80000000000240        3.1201901483822958E-002
   321.60000000000241       -1.9146678572127351     
   322.40000000000242       -2.5294200827443780     
   323.20000000000243       -1.1810053836454153     
   324.00000000000244       0.86346604147915329     
   324.80000000000246        2.4612619824897868     
   325.60000000000247        2.1004014710384240     
   326.40000000000248       0.32720393001263526     
   327.20000000000249       -1.6727982171821330     
   328.00000000000250       -2.5807855270758635     
   328.80000000000251       -1.4273680380625235     
   329.60000000000252       0.58230438343412483     
   330.40000000000254        2.3258954860326924     
   331.20000000000255        2.2771300545082163     
   332.00000000000256       0.62111073651600202     
   332.80000000000257       -1.4136800742020095     
   333.60000000000258       -2.5875919346409066     
   334.40000000000259       -1.6647278354457293     
   335.20000000000260       0.28748000802667817     
   336.00000000000261        2.1453707604792713     
   336.80000000000263        2.4222578855032348     
   337.60000000000264       0.90216050640016165     
   338.40000000000265       -1.1498827532752589     
   339.20000000000266       -2.5512659765690167     
   340.00000000000267       -1.8862062421258099     
   340.80000000000268       -9.9078963316605595E-003
   341.60000000000269        1.9311240811020003     
   342.40000000000271        2.5239354507125298     
   343.20000000000272        1.1629187455811580     
   344.00000000000273      -0.88303262936641769     
   344.80000000000274       -2.4690620209899747     
   345.60000000000275       -2.0867962375489486     
   346.40000000000276      -0.30593973684007136     
   347.20000000000277        1.6908971042826868     
   348.00000000000279        2.5786150127050878     
   348.80000000000280        1.4099357805945072     
   349.60000000000281      -0.60306699515332118     
   350.40000000000282       -2.3372455321809635     
   351.20000000000283       -2.2653235648566574     
   352.00000000000284      -0.60025585678965987     
   352.80000000000285        1.4325833059719550     
   353.60000000000286        2.5885372717969304     
   354.40000000000288        1.6480950127381733     
   355.20000000000289      -0.30887554988901611     
   356.00000000000290       -2.1596004196533567     
   356.80000000000291       -2.4131744249331755     
   357.60000000000292      -0.88264473763677831     
   358.40000000000293        1.1688536577466841     
   359.20000000000294        2.5553496371459596     
   360.00000000000296        1.8709765854089422     
   360.80000000000297       -1.1395507235888891E-002
   361.60000000000298       -1.9474462686172591     
   362.40000000000299       -2.5182056844711669     
   363.20000000000300       -1.1447625217584034     
   364.00000000000301       0.90252620292775165     
   364.80000000000302        2.4766021779646570     
   365.60000000000304        2.0730817496070615     
   366.40000000000305       0.28467326706494989     
   367.20000000000306       -1.7088985861425510     
   368.00000000000307       -2.5762138036269944     
   368.80000000000308       -1.3924645754137426     
   369.60000000000309       0.62374900827878688     
   370.40000000000310        2.3483545440057263     
   371.20000000000312        2.2533608175029287     
   372.00000000000313       0.57933867817176088     
   372.80000000000314       -1.4514638103581388     
   373.60000000000315       -2.5892621496932504     
   374.40000000000316       -1.6313820163736321     
   375.20000000000317       0.33025873449642718     
   376.00000000000318        2.1736546575468898     
   376.80000000000319        2.4038651823353696     
   377.60000000000321       0.86301578108618004     
   378.40000000000322       -1.1878186084381626     
   379.20000000000323       -2.5591992078749275     
   380.00000000000324       -1.8556363570489849     
   380.80000000000325        3.2709380106141106E-002
   381.60000000000326        1.9636328716236844     
   382.40000000000327        2.5122303688441758     
   383.20000000000329        1.1265323645983665     
   384.00000000000330      -0.92195100393631590     
   384.80000000000331       -2.4838833580214179     
   385.60000000000332       -2.0592588737855921     
   386.40000000000333      -0.26340594982822685     
   387.20000000000334        1.7267983332247279     
   388.00000000000335        2.5735807135536568     
   388.80000000000337        1.3749549632798326     
   389.60000000000338      -0.64434737447385615     
   390.40000000000339       -2.3592190096531507     
   391.20000000000340       -2.2412470404669396     
   392.00000000000341      -0.55836497307412891     
   392.80000000000342        1.4703167181424384     
   393.60000000000343        2.5897664714058113     
   394.40000000000344        1.6145926750673405     
   395.20000000000346      -0.35162488086664290     
   396.00000000000347       -2.1875288478696726     
   396.80000000000348       -2.3943338736856172     
   397.60000000000349      -0.84327417085484124     
   398.40000000000350        1.2067800298505464     
   399.20000000000351        2.5628165014079292     
   400.00000000000352        1.8401859386125239     
   400.80000000000354       -5.4034573954130805E-002
   401.60000000000355       -1.9796822911933785     
   402.40000000000356       -2.5060092595529335     
   403.20000000000357       -1.1082238867141196     
   404.00000000000358       0.94131157666720133     
   404.80000000000359        2.4909066833448645     
   405.60000000000360        2.0453281827679417     
   406.40000000000362       0.24213877248327953     
   407.20000000000363       -1.7445923178259686     
   408.00000000000364       -2.5707145384326151     
   408.80000000000365       -1.3574070147607395     
   409.60000000000366       0.66485956457825113     
   410.40000000000367        2.3698357355528752     
   411.20000000000368        2.2289872783488578     
   412.00000000000369       0.53734049335693612     
   412.80000000000371       -1.4891368679153967     
   413.60000000000372       -2.5900500086008069     
   414.40000000000373       -1.5977308706185964     
   415.20000000000374       0.37296903059824271     
   416.00000000000375        2.2012181960112045     
   416.80000000000376        2.3845845210843173     
   417.60000000000377       0.82342102122159266     
   418.40000000000379       -1.2257398118505232     
   419.20000000000380       -2.5662032361009337     
   420.00000000000381       -1.8246259690918802     
   420.80000000000382        7.5371669896326488E-002
   421.60000000000383        1.9955928369535618     
   422.40000000000384        2.4995423026546666     
   423.20000000000385        1.0898327209243397     
   424.00000000000387      -0.96061270988481295     
   424.80000000000388       -2.4976734707947239     
   425.60000000000389       -2.0312899843006647     
   426.40000000000390      -0.22087230089739851     
   427.20000000000391        1.7622768201155523     
   428.00000000000392        2.5676140649607366     
   428.80000000000393        1.3398203252535053     
   429.60000000000394      -0.68528359745836576     
   430.40000000000396       -2.3802018610060607     
   431.20000000000397       -2.2165863555735013     
   432.00000000000398      -0.51627090832919631     
   432.80000000000399        1.5079188614569876     
   433.60000000000400        2.5901124090530647     
   434.40000000000401        1.5808004904392798     
   435.20000000000402      -0.39428600236615052     
   436.00000000000404       -2.2147177739913952     
   436.80000000000405       -2.3746214357928803     
   437.60000000000406      -0.80345802148879453     
   438.40000000000407        1.2446992835205892     
   439.20000000000408        2.5693610227175334     
   440.00000000000409        1.8089573655167459     
   440.80000000000410       -9.6720931743072169E-002
   441.60000000000412       -2.0113626889864764     
   442.40000000000413       -2.4928296540933608     
   443.20000000000414       -1.0713545807365925     
   444.00000000000415       0.97985937618477692     
   444.80000000000416        2.5041852085894525     
   445.60000000000417        2.0171443537542846     
   446.40000000000418       0.19960670625037391     
   447.20000000000420       -1.7798484278785474     
   448.00000000000421       -2.5642780794347275     
   448.80000000000422       -1.3221940161063890     
   449.60000000000423       0.70561806184204756     
   450.40000000000424        2.3903148684828119     
   451.20000000000425        2.2040488426991898     
   452.00000000000426       0.49516174501720034     
   452.80000000000427       -1.5266571203699959     
   453.60000000000429       -2.5899532046717706     
   454.40000000000430       -1.5638053787138417     
   455.20000000000431       0.41557045087274580     
   456.00000000000432        2.2280225584717597     
   456.80000000000433        2.3644491969990256     
   457.60000000000434       0.78338742321187982     
   458.40000000000435       -1.2636591938127701     
   459.20000000000437       -2.5722913527200140     
   460.00000000000438       -1.7931813384320916     
   460.80000000000439       0.11808226443418079     
   461.60000000000440        2.0269898628120737     
   462.40000000000441        2.4858716990895982     
   463.20000000000442        1.0527853207887803     
   464.00000000000443      -0.99905666910927793     
   464.80000000000445       -2.5104435327441657     
   465.60000000000446       -2.0028911699844114     
   466.40000000000447      -0.17834179811886264     
   467.20000000000448        1.7973040300324648     
   468.00000000000449        2.5607053771785764     
   468.80000000000450        1.3045267419602622     
   469.60000000000451      -0.72586213096930763     
   470.40000000000452       -2.4001725898226982     
   471.20000000000454       -2.1913790263451913     
   472.00000000000455      -0.47401833149102179     
   472.80000000000456        1.5453459431720025     
   473.60000000000457        2.5895718198896187     
   474.40000000000458        1.5467492868844461     
   475.20000000000459      -0.43681692936616323     
   476.00000000000460       -2.2411274710615130     
   476.80000000000462       -2.3540726263981715     
   477.60000000000463      -0.76321201986731535     
   478.40000000000464        1.2826196993157593     
   479.20000000000465        2.5749955881974422     
   480.00000000000466        1.7772994018686372     
   480.80000000000467      -0.13945517847409161     
   481.60000000000468       -2.0424721782051263     
   482.40000000000470       -2.4786690709958816     
   483.20000000000471       -1.0341209964556000     
   484.00000000000472        1.0182097387178253     
   484.80000000000473        2.5164502034421288     
   485.60000000000474        1.9885301539568967     
   486.40000000000475       0.15707706339079830     
   487.20000000000476       -1.8146408041142164     
   488.00000000000477       -2.5568947726865670     
   488.80000000000479       -1.2868167043049616     
   489.60000000000480       0.74601556992721929     
   490.40000000000481        2.4097732084920969     
   491.20000000000482        2.1785808832367888     
   492.00000000000483       0.45284574409044698     
   492.80000000000484       -1.5639795619249797     
   493.60000000000485       -2.5889675802647085     
   494.40000000000487       -1.5296358242661605     
   495.20000000000488       0.45801995466030565     
   496.00000000000489        2.2540274200692307     
   496.80000000000490        2.3434967588392128     
   497.60000000000491       0.74293511922603095     
   498.40000000000492       -1.3015803593146340     
   499.20000000000493       -2.5774749534982173     
   500.00000000000495       -1.7613133775509580     
   500.80000000000496       0.16083876110747419     
   501.60000000000497        2.0578072325681447     
   502.40000000000498        2.4712226692271080     
   503.20000000000499        1.0153579217809265     
   504.00000000000500       -1.0373237263742010     
   504.80000000000501       -2.5222070815289959     
   505.60000000000502       -1.9740609095194970     
   506.40000000000504      -0.13581171041387852     
   507.20000000000505        1.8318561980675494     
   508.00000000000506        2.5528451105918908     
   508.80000000000507        1.2690616711374978     
   509.60000000000508      -0.76607873564814577     
   510.40000000000509       -2.4191152580985293     
   511.20000000000510       -2.1656580587815206     
   512.00000000000512      -0.43164875932235480     
   512.80000000000507        1.5825521974857248     
   513.60000000000502        2.5881397211532793     
   514.40000000000498        1.5124684096017702     
   515.20000000000493      -0.47917407353867270     
   516.00000000000489       -2.2667173428310332     
   516.80000000000484       -2.3327268093854512     
   517.60000000000480      -0.72256050884388578     
   518.40000000000475        1.3205401381982615     
   519.20000000000471        2.5797305286155967     
   520.00000000000466        1.7452253931959154     
   520.80000000000462      -0.18223165486006621     
   521.60000000000457       -2.0729923794865184     
   522.40000000000452       -2.4635336758568176     
   523.20000000000448      -0.99649272489999419     
   524.00000000000443        1.0564036995279418     
   524.80000000000439        2.5277161053062027     
   525.60000000000434        1.9594829656647288     
   526.40000000000430       0.11454471769865382     
   527.20000000000425       -1.8489479067604986     
   528.00000000000421       -2.5485552775542573     
   528.80000000000416       -1.2512590025317840     
   529.60000000000412       0.78605256964148817     
   530.40000000000407        2.4281976174049134     
   531.20000000000402        2.1526138505121541     
   532.00000000000398       0.41043181112195470     
   532.80000000000393       -1.6010581124962846     
   533.60000000000389       -2.5870873963375209     
   534.40000000000384       -1.4952502243462258     
   535.20000000000380       0.50027392941905346     
   536.00000000000375        2.2791922477686359     
   536.80000000000371        2.3217681372286787     
   537.60000000000366       0.70209241519784871     
   538.40000000000362       -1.3394974151585488     
   539.20000000000357       -2.5817632443519889     
   540.00000000000352       -1.7290378748520241     
   540.80000000000348       0.20363204394989687     
   541.60000000000343        2.0880247129848164     
   542.40000000000339        2.4556035704528294     
   543.20000000000334       0.97752240012231306     
   544.00000000000330       -1.0754545872847836     
   544.80000000000325       -2.5329792677887335     
   545.60000000000321       -1.9447958195946016     
   546.40000000000316       -9.3274886414495217E-002
   547.20000000000312        1.8659138437602907     
   548.00000000000307        2.5440242151363295     
   548.80000000000302        1.2334056818481798     
   549.60000000000298      -0.80593858362712756     
   550.40000000000293       -2.4370195021301750     
   551.20000000000289       -2.1394511966430656     
   552.00000000000284      -0.38919895406204885     
   552.80000000000280        1.6194916613063168     
   553.60000000000275        2.5858096865240610     
   554.40000000000271        1.4779841684184820     
   555.20000000000266      -0.52131432820076085     
   556.00000000000261       -2.2914472553898664     
   556.80000000000257       -2.3106262069587293     
   557.60000000000252      -0.68153545708393670     
   558.40000000000248        1.3584500010210663     
   559.20000000000243        2.5835738792530014     
   560.00000000000239        1.7127535333235342     
   560.80000000000234      -0.22503764893384326     
   561.60000000000230       -2.1029010578610290     
   562.40000000000225       -2.4474341427128028     
   563.20000000000221      -0.95844435588589061     
   564.00000000000216        1.0944811175319455     
   564.80000000000211        2.5379985945604000     
   565.60000000000207        1.9299989798982335     
   566.40000000000202        7.2000895893931549E-002
   567.20000000000198       -1.8827521089337469     
   568.00000000000193       -2.5392509337152926     
   568.80000000000189       -1.2154983522836176     
   569.60000000000184       0.82573883826293804     
   570.40000000000180        2.4455804538181707     
   571.20000000000175        2.1261726699375476     
   572.00000000000171       0.36795383305806895     
   572.80000000000166       -1.6378473360346442     
   573.60000000000161       -2.5843056076657218     
   574.40000000000157       -1.4606728191592635     
   575.20000000000152       0.54229030220588226     
   576.00000000000148        2.3034776374842068     
   576.80000000000143        2.2993065477865988     
   577.60000000000139       0.66089459403003969     
   578.40000000000134       -1.3773951619066920     
   579.20000000000130       -2.5851630582825873     
   580.00000000000125       -1.6963753448497412     
   580.80000000000121       0.24644572979193691     
   581.60000000000116        2.1176179663427481     
   582.40000000000111        2.4390275024797661     
   583.20000000000107       0.93925645783141065     
   584.00000000000102       -1.1134877563966044     
   584.80000000000098       -2.5427761223697720     
   585.60000000000093       -1.9150920091317607     
   586.40000000000089       -5.0721361268172505E-002
   587.20000000000084        1.8994609525584081     
   588.00000000000080        2.5342345274461957     
   588.80000000000075        1.1975333583558470     
   589.60000000000070      -0.84545591529081876     
   590.40000000000066       -2.4538803261082967     
   591.20000000000061       -2.1127804769625054     
   592.00000000000057      -0.34669965994207774     
   592.80000000000052        1.6561198081280610     
   593.60000000000048        2.5825741190949123     
   594.40000000000043        1.4433183941119032     
   595.20000000000039      -0.56319717126965507     
   596.00000000000034       -2.3152788538923161     
   596.80000000000030       -2.2878147113277691     
   597.60000000000025      -0.64017507048641686     
   598.40000000000020        1.3963296493633988     
   599.20000000000016        2.5865312531708398     
   600.00000000000011        1.6799065262673443     
   600.80000000000007      -0.26785309752698394     
   601.60000000000002       -2.1321717211624831     
   602.39999999999998       -2.4303860867109108     
   603.19999999999993      -0.91995706628897622     
   603.99999999999989        1.1324786507854459     
   604.79999999999984        2.5473138785803058     
   605.59999999999980        1.9000745650966095     
   606.39999999999975        2.9434892340614471E-002
   607.19999999999970       -1.9160387366573515     
   607.99999999999966       -2.5289741902560237     
   608.79999999999961       -1.1795067918871647     
   609.59999999999957       0.86509288344170043     
   610.39999999999952        2.4619192687181908     
   611.19999999999948        2.0992764627534810     
   611.99999999999943       0.32543919723299153     
   612.79999999999939       -1.6743039648094922     
   613.59999999999934       -2.5806141314907611     
   614.39999999999930       -1.4259227182271281     
   615.19999999999925       0.58403060005326313     
   615.99999999999920        2.3268465862880374     
   616.79999999999916        2.2761562286220189     
   617.59999999999911       0.61938235667481178     
   618.39999999999907       -1.4152497364600323     
   619.19999999999902       -2.5876787843392650     
   619.99999999999898       -1.6633505050182298     
   620.79999999999893       0.28925613415864682     
   621.59999999999889        2.1465583449830703     
   622.39999999999884        2.4215126630238366     
   623.19999999999879       0.90054506756107822     
   623.99999999999875       -1.1514575747180462     
   624.79999999999870       -2.5516138615908988     
   625.59999999999866       -1.8849464401326790     
   626.39999999999861       -8.1401527675124541E-003
   627.19999999999857        1.9324838943378044     
   627.99999999999852        2.5234692328154611     
   628.79999999999848        1.1614145419835458     
   629.59999999999843      -0.88465325852082932     
   630.39999999999839       -2.4696977094627650     
   631.19999999999834       -2.0856621208181987     
   631.99999999999829      -0.30417474929786947     
   632.79999999999825        1.6923949399304627     
   633.59999999999820        2.5784245147347944     
   634.39999999999816        1.4084871959974437     
   635.19999999999811      -0.60478665077243576     
   635.99999999999807       -2.3381767685275348     
   636.79999999999802       -2.2643365670728839     
   637.59999999999798      -0.59852208700112186     
   638.39999999999793        1.4341512592530536     
   639.19999999999789        2.5886058242773311     
   639.99999999999784        1.6467108844427372     
   640.79999999999779      -0.31065082083943341     
   641.59999999999775       -2.1607736159545183     
   642.39999999999770       -2.4124103294818786     
   643.19999999999766      -0.88101989846360107     
   643.99999999999761        1.1704278801297261     
   644.79999999999757        2.5556780223352757     
   645.59999999999752        1.8697075977642996     
   646.39999999999748       -1.3164081407204486E-002
   647.19999999999743       -1.9487948879553370     
   647.99999999999739       -2.5177191003942010     
   648.79999999999734       -1.1432523484498358     
   649.59999999999729       0.90414095814901141     
   650.39999999999725        2.4772163346261329     
   651.19999999999720        2.0719386083263465     
   651.99999999999716       0.28290816099380756     
   652.79999999999711       -1.7103881388430344     
   653.59999999999707       -2.5760041057375274     
   654.39999999999702       -1.3910127889516681     
   655.19999999999698       0.62546183063194483     
   655.99999999999693        2.3492656132208225     
   656.79999999999688        2.2523610879985618     
   657.59999999999684       0.57759999697292952     
   658.39999999999679       -1.4530296629436215     
   659.19999999999675       -2.5893124022184959     
   659.99999999999670       -1.6299914048882596     
   660.79999999999666       0.33203277365393746     
   661.59999999999661        2.1748130890333628     
   662.39999999999657        2.4030825103410680     
   663.19999999999652       0.86138156368858620     
   663.99999999999648       -1.1893924527683382     
   664.79999999999643       -2.5595082469656822     
   665.59999999999638       -1.8543582060730457     
   666.39999999999634        3.4478864825593813E-002
   667.19999999999629        1.9649701669578854     
   667.99999999999625        2.5117233914645252     
   668.79999999999620        1.1250158580273604     
   669.59999999999616      -0.92356025169036227     
   670.39999999999611       -2.4844760679934490     
   671.19999999999607       -2.0581067662524206     
   671.99999999999602      -0.26164082376948183     
   672.79999999999598        1.7282792570148620     
   673.59999999999593        2.5733517163407473     
   674.39999999999588        1.3734999988578989     
   675.19999999999584      -0.64605313336263359     
   675.99999999999579       -2.3601096342828427     
   676.79999999999575       -2.2402350054776590     
   677.59999999999570      -0.55662185957974253     
   678.39999999999566        1.4718800519630968     
   679.19999999999561        2.5897984099431310     
   679.99999999999557        1.6131959012412489     
   680.79999999999552      -0.35339728650832658     
   681.59999999999548       -2.1886721225591854     
   682.39999999999543       -2.3935329475534486     
   683.19999999999538      -0.84163064566257706     
   683.99999999999534        1.2083536737513012     
   684.79999999999529        2.5631063408242336     
   685.59999999999525        1.8388986672157110     
   686.39999999999520       -5.5805028459233741E-002
   687.19999999999516       -1.9810081262838541     
   687.99999999999511       -2.5054818768742373     
   688.79999999999507       -1.1067006827875523     
   689.59999999999502       0.94291570594971175     
   690.39999999999498        2.4914780488363717     
   691.19999999999493        2.0441671441594518     
   691.99999999999488       0.24037368909522905     
   692.79999999999484       -1.7460642922218201     
   693.59999999999479       -2.5704661414167642     
   694.39999999999475       -1.3559488568988727     
   695.19999999999470       0.66655807436671455     
   695.99999999999466        2.3707056653189227     
   696.79999999999461        2.2279633471507236     
   697.59999999999457       0.53559342209413630     
   698.39999999999452       -1.4906972431593892     
   699.19999999999447       -2.5900636085211008     
   699.99999999999443       -1.5963282575578062     
   700.79999999999438       0.37473938037478094     
   701.59999999999434        2.2023459094604392     
   702.39999999999429        2.3837656879041274     
   703.19999999999425       0.82176830669542600     
   703.99999999999420       -1.2273133872790294     
   704.79999999999416       -2.5664740138015176     
   705.59999999999411       -1.8233296425613510     
   706.39999999999407        7.7143128765706726E-002
   707.19999999999402        1.9969070661912782     
   707.99999999999397        2.4989945193667316     
   708.79999999999393        1.0883024599694295     
   709.59999999999388      -0.96221212726854044     
   710.39999999999384       -2.4982236091289729     
   711.19999999999379       -2.0301200292384580     
   711.99999999999375      -0.21910728898515797     
   712.79999999999370        1.7637395502615008     
   713.59999999999366        2.5673461672961770     
   714.39999999999361        1.3383589190010519     
   715.19999999999357      -0.68697471908377783     
   715.99999999999352       -2.3810508737897389     
   716.79999999999347       -2.2155509176052011     
   717.59999999999343      -0.51452034423879045     
   718.39999999999338        1.5094758212056272     
   719.19999999999334        2.5901076358002690     
   719.99999999999329        1.5793923595231303     
   720.79999999999325      -0.39605385803289050     
   721.59999999999320       -2.2158295123638849     
   722.39999999999316       -2.3737850657507251     
   723.19999999999311      -0.80179628333800257     
   723.99999999999307        1.2462728749267182     
   724.79999999999302        2.5696128671784590     
   725.59999999999297        1.8076520729827295     
   726.39999999999293       -9.8493401271754655E-002
   727.19999999999288       -2.0126651543832779     
   727.99999999999284       -2.4922614931811453     
   728.79999999999279       -1.0698169125046890     
   729.59999999999275       0.98145450069288387     
   730.39999999999270        2.5047142502521922     
   731.19999999999266        2.0159654791479564     
   731.99999999999261       0.19784176327110714     
   732.79999999999256       -1.7813016442393521     
   733.59999999999252       -2.5639905806594121     
   734.39999999999247       -1.3207292674162259     
   735.19999999999243       0.70730170429501960     
   735.99999999999238        2.3911427709826474     
   736.79999999999234        2.2030022649260794     
   737.59999999999229       0.49340813863553645     
   738.39999999999225       -1.5282101953186653     
   739.19999999999220       -2.5899300144479573     
   739.99999999999216       -1.5623920455107587     
   740.79999999999211       0.41733536334704824     
   741.59999999999206        2.2291179018048788     
   742.39999999999202        2.3635956814304033     
   743.19999999999197       0.78171687299682668     
   743.99999999999193       -1.2652328368504353     
   744.79999999999188       -2.5725243820398322     
   745.59999999999184       -1.7918671939097224     
   746.39999999999179       0.11985571944704065     
   747.19999999999175        2.0282803912621628     
   747.99999999999170        2.4852832034237728     
   748.79999999999166        1.0512399094405775     
   749.59999999999161       -1.0006479269226742     
   750.39999999999156       -2.5109516194244703     
   751.19999999999152       -2.0017033581359218     
   751.99999999999147      -0.17657689319180880     
   752.79999999999143        1.7987474875831078     
   753.59999999999138        2.5603981780249541     
   754.39999999999134        1.3030585185755164     
   755.19999999999129      -0.72753825218261481     
   755.99999999999125       -2.4009792178877927     
   756.79999999999120       -2.1903216509410659     
   757.59999999999116      -0.47226211441135346     
   758.39999999999111        1.5468946563582464     
   759.19999999999106        2.5895301603618033     
   759.99999999999102        1.5453310570387013     
   760.79999999999097      -0.43857844404094615     
   761.59999999999093       -2.2422059966867387     
   762.39999999999088       -2.3532023754985731     
   763.19999999999084      -0.76153291298173187     
   763.99999999999079        1.2841933801521810     
   764.79999999999075        2.5752099093374117     
   765.59999999999070        1.7759765448306295     
   766.39999999999065      -0.14122955966679274     
   767.19999999999061       -2.0437505790927153     
   767.99999999999056       -2.4780603048624799     
   768.79999999999052       -1.0325675254446156     
   769.59999999999047        1.0197975577827236     
   770.39999999999043        2.5169374860751321     
   771.19999999999038        1.9873333758711931     
   771.99999999999034       0.15531214076995492     
   772.79999999999029       -1.8160742810409329     
   773.59999999999025       -2.5565677759589196     
   774.39999999999020       -1.2853448371595932     
   775.19999999999015       0.74768417705528623     
   775.99999999999011        2.4105584271383593     
   776.79999999999006        2.1775130256276611     
   777.59999999999002       0.45108732478224534     
   778.39999999998997       -1.5655234333789934     
   779.19999999998993       -2.5889073912833673     
   779.99999999998988       -1.5282129894302032     
   780.79999999998984       0.45977761687787511     
   781.59999999998979        2.2550887061147638     
   782.39999999998975        2.3426101990612818     
   783.19999999998970       0.74124775228864470     
   783.99999999998965       -1.3031540145500831     
   784.79999999998961       -2.5776706616660046     
   785.59999999998956       -1.7599819730129698     
   786.39999999998952       0.16261397297701241     
   787.19999999998947        2.0590732957824009     
   787.99999999998943        2.4705937197617209     
   788.79999999998938        1.0137960985605408     
   789.59999999998934       -1.0389085309785955     
   790.39999999998929       -2.5226737183562475     
   791.19999999998925       -1.9728551283647275     
   791.99999999998920      -0.13404669336658004     
   792.79999999998915        1.8332794940132038     
   793.59999999998911        2.5524982221169856     
   794.39999999998906        1.2675859562564542     
   795.19999999998902      -0.76773988473907173     
   795.99999999998897       -2.4198789612245912     
   796.79999999998893       -2.1645800060819780     
   797.59999999998888      -0.42988851937079353     
   798.39999999998884        1.5840907487264309     
   799.19999999998879        2.5880609354715269     
