   0.0000000000000000       0.50442017689039442     
  0.80000000000000004       0.79103535033394212     
   1.6000000000000001        1.0814716009867391     
   2.4000000000000004        1.1274147184231411     
   3.2000000000000002       0.87079841093358201     
   4.0000000000000000       0.47177574429018015     
   4.7999999999999998       0.13355424845235114     
   5.5999999999999996       -2.7670935262906676E-002
   6.3999999999999995       -1.4675439045700662E-002
   7.1999999999999993        7.1989531255695793E-002
   7.9999999999999991        9.6561730141512939E-002
   8.7999999999999989       -3.5092486690409444E-002
   9.5999999999999996      -0.32519254255010394     
   10.400000000000000      -0.68014164395362098     
   11.200000000000001      -0.94744881636079503     
   12.000000000000002       -1.0073484128831509     
   12.800000000000002      -0.87955465820672840     
   13.600000000000003      -0.70965964535785409     
   14.400000000000004      -0.64516680329003806     
   15.200000000000005      -0.73597942063560740     
   16.000000000000004      -0.91099639495841989     
   16.800000000000004       -1.0273402969337284     
   17.600000000000005      -0.97815387608793003     
   18.400000000000006      -0.77807675607954219     
   19.200000000000006      -0.53317952090401499     
   20.000000000000007      -0.34635095052192322     
   20.800000000000008      -0.25703237494896447     
   21.600000000000009      -0.23445915864025935     
   22.400000000000009      -0.20641947107978026     
   23.200000000000010      -0.10459026674502442     
   24.000000000000011        9.6882132641240126E-002
   24.800000000000011       0.36775464458543383     
   25.600000000000012       0.63307851599510034     
   26.400000000000013       0.80653430292475603     
   27.200000000000014       0.84509674097693266     
   28.000000000000014       0.78707041715621862     
   28.800000000000015       0.72481336976766142     
   29.600000000000016       0.73524685091647546     
   30.400000000000016       0.82811349758765540     
   31.200000000000017       0.94164398018142548     
   32.000000000000014       0.98768333299275357     
   32.800000000000011       0.92080465482300666     
   33.600000000000009       0.77114158079623163     
   34.400000000000006       0.61006833438229768     
   35.200000000000003       0.49273752067391113     
   36.000000000000000       0.42714966034289470     
   36.799999999999997       0.37865474821014006     
   37.599999999999994       0.29713595861818587     
   38.399999999999991       0.14853993426302903     
   39.199999999999989       -6.6642857708262282E-002
   39.999999999999986      -0.31382399577280234     
   40.799999999999983      -0.53792316888967362     
   41.599999999999980      -0.68704882754295837     
   42.399999999999977      -0.74305631999174937     
   43.199999999999974      -0.73727087624810261     
   43.999999999999972      -0.73002072974891496     
   44.799999999999969      -0.76777400385172112     
   45.599999999999966      -0.85119760969665026     
   46.399999999999963      -0.93523385176531149     
   47.199999999999960      -0.96272985903990438     
   47.999999999999957      -0.90933062598672387     
   48.799999999999955      -0.80013371906718456     
   49.599999999999952      -0.68407671282870175     
   50.399999999999949      -0.59540144057217181     
   51.199999999999946      -0.53392052003350388     
   51.999999999999943      -0.47108134262831347     
   52.799999999999940      -0.37188202756446598     
   53.599999999999937      -0.21698860854803459     
   54.399999999999935       -1.2621140878116860E-002
   55.199999999999932       0.21315671101121994     
   55.999999999999929       0.42132363647728133     
   56.799999999999926       0.57659407855915379     
   57.599999999999923       0.66462607564225262     
   58.399999999999920       0.70196912329015260     
   59.199999999999918       0.72635577880287994     
   59.999999999999915       0.77092375403943769     
   60.799999999999912       0.84108428411290692     
   61.599999999999909       0.91074718391191234     
   62.399999999999906       0.94186660080631401     
   63.199999999999903       0.91415817812934663     
   63.999999999999901       0.83985819007312834     
   64.799999999999898       0.75081504863600945     
   65.599999999999895       0.67255410026627793     
   66.399999999999892       0.60778911117842871     
   67.199999999999889       0.53824816791363606     
   67.999999999999886       0.43944230258996386     
   68.799999999999883       0.29673703096577869     
   69.599999999999881       0.11309544109508690     
   70.399999999999878       -9.3012777448842232E-002
   71.199999999999875      -0.29471078885862600     
   71.999999999999872      -0.46526457870065741     
   72.799999999999869      -0.58789540953214625     
   73.599999999999866      -0.66411138397216785     
   74.399999999999864      -0.71325684896624220     
   75.199999999999861      -0.76004374122425900     
   75.999999999999858      -0.81749768372279064     
   76.799999999999855      -0.87771743597531215     
   77.599999999999852      -0.91787580618868536     
   78.399999999999849      -0.91795317443656554     
   79.199999999999847      -0.87616937842923637     
   79.999999999999844      -0.80880736380174900     
   80.799999999999841      -0.73588416007415280     
   81.599999999999838      -0.66628950290201816     
   82.399999999999835      -0.59331598093634885     
   83.199999999999832      -0.50133402673872329     
   83.999999999999829      -0.37700491331648234     
   84.799999999999827      -0.21731234974139269     
   85.599999999999824       -3.1008751124799061E-002
   86.399999999999821       0.16461673931847121     
   87.199999999999818       0.34851886295606915     
   87.999999999999815       0.50160186489029912     
   88.799999999999812       0.61363511513389524     
   89.599999999999810       0.68839254647526338     
   90.399999999999807       0.74161020261424326     
   91.199999999999804       0.79066768795858267     
   91.999999999999801       0.84249043891954256     
   92.799999999999798       0.88871766127163609     
   93.599999999999795       0.91230820269772928     
   94.399999999999793       0.90093811075884334     
   95.199999999999790       0.85621335567132062     
   95.999999999999787       0.79106746496147307     
   96.799999999999784       0.71873343067344952     
   97.599999999999781       0.64322945429586587     
   98.399999999999778       0.55790742294953166     
   99.199999999999775       0.45134101306504626     
   99.999999999999773       0.31530463849959162     
   100.79999999999977       0.14984671263642632     
   101.59999999999977       -3.6015531721140026E-002
   102.39999999999976      -0.22639926672603186     
   103.19999999999976      -0.40203117303736513     
   103.99999999999976      -0.54553495961519072     
   104.79999999999976      -0.64843350832609481     
   105.59999999999975      -0.71595637384729061     
   106.39999999999975      -0.76417228841915719     
   107.19999999999975      -0.80927384217829124     
   107.99999999999974      -0.85621401687279974     
   108.79999999999974      -0.89537119420804490     
   109.59999999999974      -0.91023165323435207     
   110.39999999999974      -0.89036417201765283     
   111.19999999999973      -0.83894406548948741     
   111.99999999999973      -0.76883482020347416     
   112.79999999999973      -0.69181566603268174     
   113.59999999999972      -0.61039347856948412     
   114.39999999999972      -0.51746962361347959     
   115.19999999999972      -0.40239862698219359     
   115.99999999999972      -0.25837368043518838     
   116.79999999999971       -8.6875183319781751E-002
   117.59999999999971       0.10177089208750703     
   118.39999999999971       0.29039133415840601     
   119.19999999999970       0.45884899383961664     
   119.99999999999970       0.59049409394936803     
   120.79999999999970       0.67995945086914888     
   121.59999999999970       0.73678333462521939     
   122.39999999999969       0.77966557472393705     
   123.19999999999969       0.82367505917729589     
   123.99999999999969       0.86960672296963493     
   124.79999999999968       0.90376713330257741     
   125.59999999999968       0.90882112498638490     
   126.39999999999968       0.87727768632342940     
   127.19999999999968       0.81632543499834309     
   127.99999999999967       0.74065250074607458     
   128.79999999999967       0.66072473790999886     
   129.59999999999968       0.57614155252760679     
   130.39999999999969       0.47755961284974990     
   131.19999999999970       0.35408532779297047     
   131.99999999999972       0.20058911504026938     
   132.79999999999973        2.1268296855504187E-002
   133.59999999999974      -0.17067157500541244     
   134.39999999999975      -0.35578187598995359     
   135.19999999999976      -0.51342653761389734     
   135.99999999999977      -0.62956209928936202     
   136.79999999999978      -0.70426276929800657     
   137.59999999999980      -0.75231173257635098     
   138.39999999999981      -0.79365173193983174     
   139.19999999999982      -0.83947978318342931     
   139.99999999999983      -0.88437202037603613     
   140.79999999999984      -0.91075786949192805     
   141.59999999999985      -0.90276354394798342     
   142.39999999999986      -0.85827567350225320     
   143.19999999999987      -0.78914251924344370     
   143.99999999999989      -0.71055948810984182     
   144.79999999999990      -0.62973492106585449     
   145.59999999999991      -0.54219028766839872     
   146.39999999999992      -0.43649299068083114     
   147.19999999999993      -0.30263547028549087     
   147.99999999999994      -0.13850867198352976     
   148.79999999999995        4.8041767645002148E-002
   149.59999999999997       0.24070696810785500     
   150.39999999999998       0.41844330239022276     
   151.19999999999999       0.56177644246340763     
   152.00000000000000       0.66126732246050701     
   152.80000000000001       0.72326650248347635     
   153.60000000000002       0.76645058855429082     
   154.40000000000003       0.80925413858400297     
   155.20000000000005       0.85688097035854971     
   156.00000000000006       0.89781058462155228     
   156.80000000000007       0.91293190561892534     
   157.60000000000008       0.89052168533690690     
   158.40000000000009       0.83464527039518754     
   159.20000000000010       0.76028986451606428     
   160.00000000000011       0.68088877105730528     
   160.80000000000013       0.59913169209234218     
   161.60000000000014       0.50680657150883535     
   162.40000000000015       0.39178623792878409     
   163.20000000000016       0.24637993280926940     
   164.00000000000017        7.2253901242187335E-002
   164.80000000000018      -0.11912249750813528     
   165.60000000000019      -0.30897616246455184     
   166.40000000000020      -0.47588837757928742     
   167.20000000000022      -0.60316525719602709     
   168.00000000000023      -0.68707392419921876     
   168.80000000000024      -0.73965982324564339     
   169.60000000000025      -0.78126729280239549     
   170.40000000000026      -0.82651161898142600     
   171.20000000000027      -0.87395096783185200     
   172.00000000000028      -0.90753580009179347     
   172.80000000000030      -0.90925746624505888     
   173.60000000000031      -0.87308246485316032     
   174.40000000000032      -0.80845391911827069     
   175.20000000000033      -0.73130968139629526     
   176.00000000000034      -0.65165871538752251     
   176.80000000000035      -0.56757414766488812     
   177.60000000000036      -0.46829500547977598     
   178.40000000000038      -0.34247503000242102     
   179.20000000000039      -0.18563033984358684     
   180.00000000000040       -3.2714964707169780E-003
   180.80000000000041       0.18999354422031159     
   181.60000000000042       0.37375705552796190     
   182.40000000000043       0.52741427816709852     
   183.20000000000044       0.63828808060446440     
   184.00000000000045       0.70867111142464290     
   184.80000000000047       0.75502049844155950     
   185.60000000000048       0.79715671080430750     
   186.40000000000049       0.84439204595621875     
   187.20000000000050       0.88902028495335150     
   188.00000000000051       0.91251129484060656     
   188.80000000000052       0.90008424435874257     
   189.60000000000053       0.85179490243897860     
   190.40000000000055       0.78093256532706290     
   191.20000000000056       0.70244427830020206     
   192.00000000000057       0.62208049815783328     
   192.80000000000058       0.53389127827765204     
   193.60000000000059       0.42589775473247860     
   194.40000000000060       0.28865612706324295     
   195.20000000000061       0.12127790052616774     
   196.00000000000063       -6.7124724106903400E-002
   196.80000000000064      -0.25936043764282574     
   197.60000000000065      -0.43419989948354221     
   198.40000000000066      -0.57297094936617787     
   199.20000000000067      -0.66794804438666899     
   200.00000000000068      -0.72724490075447712     
   200.80000000000069      -0.77012905105849938     
   201.60000000000070      -0.81395391687460239     
   202.40000000000072      -0.86191463233091847     
   203.20000000000073      -0.90103401245221360     
   204.00000000000074      -0.91241912382476087     
   204.80000000000075      -0.88603123379217275     
   205.60000000000076      -0.82764381381119756     
   206.40000000000077      -0.75264907369136969     
   207.20000000000078      -0.67349522222735803     
   208.00000000000080      -0.59143277246859649     
   208.80000000000081      -0.49738781856887571     
   209.60000000000082      -0.37939452689775854     
   210.40000000000083      -0.23070244590691977     
   211.20000000000084       -5.4130282001008750E-002
   212.00000000000085       0.13793610493836608     
   212.80000000000086       0.32627568293416676     
   213.60000000000088       0.48970090451373638     
   214.40000000000089       0.61259630333104909     
   215.20000000000090       0.69285248650310960     
   216.00000000000091       0.74373873060185014     
   216.80000000000092       0.78551364646943966     
   217.60000000000093       0.83139355756276501     
   218.40000000000094       0.87822207642420114     
   219.20000000000095       0.90920937287293813     
   220.00000000000097       0.90716022575239819     
   220.80000000000098       0.86770068864078198     
   221.60000000000099       0.80138433215746396     
   222.40000000000100       0.72393534346158694     
   223.20000000000101       0.64420672253002509     
   224.00000000000102       0.55913731583001092     
   224.80000000000103       0.45758997075909069     
   225.60000000000105       0.32871328076676065     
   226.40000000000106       0.16899716632619033     
   227.20000000000107       -1.5078998759659373E-002
   228.00000000000108      -0.20822940236726908     
   228.80000000000109      -0.38982395479776355     
   229.60000000000110      -0.53971206579084141     
   230.40000000000111      -0.64643839922803059     
   231.20000000000113      -0.71380271693661779     
   232.00000000000114      -0.75908008252800074     
   232.80000000000115      -0.80157086287268386     
   233.60000000000116      -0.84905696845745693     
   234.40000000000117      -0.89240841978818186     
   235.20000000000118      -0.91287073145012687     
   236.00000000000119      -0.89680189695887558     
   236.80000000000121      -0.84576843582752637     
   237.60000000000122      -0.77371027924058144     
   238.40000000000123      -0.69500830060611607     
   239.20000000000124      -0.61425147831244464     
   240.00000000000125      -0.52462534459769739     
   240.80000000000126      -0.41408860348773013     
   241.60000000000127      -0.27385642320986070     
   242.40000000000128      -0.10399224138187457     
   243.20000000000130        8.5537884939956343E-002
   244.00000000000131       0.27699441372438782     
   244.80000000000132       0.44909250258363276     
   245.60000000000133       0.58384325709180451     
   246.40000000000134       0.67490305628723957     
   247.20000000000135       0.73177408264456889     
   248.00000000000136       0.77414479573776784     
   248.80000000000138       0.81845186156154182     
   249.60000000000139       0.86627089395935852     
   250.40000000000140       0.90350723564757496     
   251.20000000000141       0.91152248909544697     
   252.00000000000142       0.88166372024480033     
   252.80000000000143       0.82102501923901405     
   253.60000000000144       0.74523687315202491     
   254.40000000000146       0.66591004075884264     
   255.20000000000147       0.58316412395312089     
   256.00000000000148       0.48730332793763997     
   256.80000000000149       0.36655774741977315     
   257.60000000000150       0.21496618162203873     
   258.40000000000151        3.6291739684155722E-002
   259.20000000000152      -0.15630196660359452     
   260.00000000000153      -0.34316824723932937     
   260.80000000000155      -0.50328076611644146     
   261.60000000000156      -0.62198790039637353     
   262.40000000000157      -0.69869253421352251     
   263.20000000000158      -0.74783219674816981     
   264.00000000000159      -0.78961607015880098     
   264.80000000000160      -0.83597043694284889     
   265.60000000000161      -0.88213473744833115     
   266.40000000000163      -0.91061503949629619     
   267.20000000000164      -0.90496036975576044     
   268.00000000000165      -0.86232816507747445     
   268.80000000000166      -0.79429831040112298     
   269.60000000000167      -0.71640778820417617     
   270.40000000000168      -0.63645951304197068     
   271.20000000000169      -0.55035686623648572     
   272.00000000000171      -0.44661321777108909     
   272.80000000000172      -0.31482259151365971     
   273.60000000000173      -0.15237196759025137     
   274.40000000000174        3.3335785609398899E-002
   275.20000000000175       0.22632899019224120     
   276.00000000000176       0.40572204917318699     
   276.80000000000177       0.55180628906286233     
   277.60000000000178       0.65436932273465753     
   278.40000000000180       0.71873861401751316     
   279.20000000000181       0.76299406518646362     
   280.00000000000182       0.80587672519324727     
   280.80000000000183       0.85360683239721125     
   281.60000000000184       0.89563614258240432     
   282.40000000000185       0.91302653658314625     
   283.20000000000186       0.89331132374755196     
   284.00000000000188       0.83956336945119159     
   284.80000000000189       0.76634019559909217     
   285.60000000000190       0.68743263448438641     
   286.40000000000191       0.60626986350570389     
   287.20000000000192       0.51519014311757239     
   288.00000000000193       0.40210583042295550     
   288.80000000000194       0.25889855694021169     
   289.60000000000196        8.6589440652823035E-002
   290.40000000000197      -0.10398863396705249     
   291.20000000000198      -0.29453794544061351     
   292.00000000000199      -0.46374210227333656     
   292.80000000000200      -0.59436645006228028     
   293.60000000000201      -0.68152107180670729     
   294.40000000000202      -0.73609519305684401     
   295.20000000000203      -0.77810797660051334     
   296.00000000000205      -0.82296603907188937     
   296.80000000000206      -0.87057640066987141     
   297.60000000000207      -0.90578341371114957     
   298.40000000000208      -0.91032187570833389     
   299.20000000000209      -0.87700228024373339     
   300.00000000000210      -0.81421431546943324     
   300.80000000000211      -0.73773845113831005     
   301.60000000000213      -0.65827637583140464     
   302.40000000000214      -0.57480529708019601     
   303.20000000000215      -0.47704824039288329     
   304.00000000000216      -0.35348846629781333     
   304.80000000000217      -0.19899607950607198     
   305.60000000000218       -1.8296690474068733E-002
   306.40000000000219       0.17467064548992239     
   307.20000000000221       0.35986454755951547     
   308.00000000000222       0.51649415555704103     
   308.80000000000223       0.63096584983383286     
   309.60000000000224       0.70423272619648125     
   310.40000000000225       0.75182757042383885     
   311.20000000000226       0.79376789127701963     
   312.00000000000227       0.84058455022799916     
   312.80000000000229       0.88592618257422606     
   313.60000000000230       0.91172158140749104     
   314.40000000000231       0.90240241581554981     
   315.20000000000232       0.85668946027028758     
   316.00000000000233       0.78710003006949891     
   316.80000000000234       0.70886579385645676     
   317.60000000000235       0.62868312266557458     
   318.40000000000236       0.54144770852575608     
   319.20000000000238       0.43539929604403421     
   320.00000000000239       0.30064754557186635     
   320.80000000000240       0.13550934674767717     
   321.60000000000241       -5.1691870853373789E-002
   322.40000000000242      -0.24432714639589065     
   323.20000000000243      -0.42131469888916140     
   324.00000000000244      -0.56347772214456748     
   324.80000000000246      -0.66191935917951161     
   325.60000000000247      -0.72347528450152843     
   326.40000000000248      -0.76690785863619215     
   327.20000000000249      -0.81025809383080316     
   328.00000000000250      -0.85813208296503130     
   328.80000000000251      -0.89864310954972226     
   329.60000000000252      -0.91282416032899649     
   330.40000000000254      -0.88948519473969956     
   331.20000000000255      -0.83316994105714437     
   332.00000000000256      -0.75892832220708883     
   332.80000000000257      -0.67985893681331666     
   333.60000000000258      -0.59821809032660533     
   334.40000000000259      -0.50556102378411150     
   335.20000000000260      -0.38983938504423299     
   336.00000000000261      -0.24365651278095096     
   336.80000000000263       -6.9000742139212645E-002
   337.60000000000264       0.12245005366617656     
   338.40000000000265       0.31188328579065888     
   339.20000000000266       0.47802198403636437     
   340.00000000000267       0.60447068920531066     
   340.80000000000268       0.68783018470717749     
   341.60000000000269       0.74030990075277958     
   342.40000000000271       0.78212008896624718     
   343.20000000000272       0.82752722777456356     
   344.00000000000273       0.87477432694537416     
   344.80000000000274       0.90776629093135131     
   345.60000000000275       0.90875608194989022     
   346.40000000000276       0.87206284384223043     
   347.20000000000277       0.80728656485825434     
   348.00000000000279       0.73023059954554348     
   348.80000000000280       0.65062158071761556     
   349.60000000000281       0.56632054631564632     
   350.40000000000282       0.46655049642143609     
   351.20000000000283       0.34012383587720862     
   352.00000000000284       0.18277490987407863     
   352.80000000000285        1.8353185441719044E-004
   353.60000000000286      -0.19296672665496656     
   354.40000000000288      -0.37629042554620817     
   355.20000000000289      -0.52930828189215651     
   356.00000000000290      -0.63955683199219115     
   356.80000000000291      -0.70953983464617176     
   357.60000000000292      -0.75578530991067716     
   358.40000000000293      -0.79798216210741046     
   359.20000000000294      -0.84519511367918110     
   360.00000000000296      -0.88953460705293719     
   360.80000000000297      -0.91249343098866598     
   361.60000000000298      -0.89950158884562170     
   362.40000000000299      -0.85083474021237648     
   363.20000000000300      -0.77983513692605200     
   364.00000000000301      -0.70131931750249388     
   364.80000000000302      -0.62084850120254198     
   365.60000000000304      -0.53236377238922006     
   366.40000000000305      -0.42391490903606865     
   367.20000000000306      -0.28618685103211722     
   368.00000000000307      -0.11844058648385322     
   368.80000000000308        7.0098188169762266E-002
   369.60000000000309       0.26217892179787905     
   370.40000000000310       0.43658156641205731     
   371.20000000000312       0.57474039794119092     
   372.00000000000313       0.66912776083086745     
   372.80000000000314       0.72805144813131817     
   373.60000000000315       0.77083380398600021     
   374.40000000000316       0.81469356493198797     
   375.20000000000317       0.86259428296338458     
   376.00000000000318       0.90140285078919191     
   376.80000000000319       0.91226830233074674     
   377.60000000000321       0.88535339805376279     
   378.40000000000322       0.82661845448484172     
   379.20000000000323       0.75148329620499210     
   380.00000000000324       0.67227035586690576     
   380.80000000000325       0.59006761538345487     
   381.60000000000326       0.49571725348489454     
   382.40000000000327       0.37728873889796338     
   383.20000000000329       0.22814977678611953     
   384.00000000000330        5.1256187131983766E-002
   384.80000000000331      -0.14089352133223837     
   385.60000000000332      -0.32901329594932666     
   386.40000000000333      -0.49193266817316761     
   387.20000000000334      -0.61417344031594834     
   388.00000000000335      -0.69385456856779382     
   388.80000000000337      -0.74443354828548447     
   389.60000000000338      -0.78617746221615725     
   390.40000000000339      -0.83211572937063594     
   391.20000000000340      -0.87884354813985999     
   392.00000000000341      -0.90944920020769771     
   392.80000000000342      -0.90683726815549570     
   393.60000000000343      -0.86686541396083383     
   394.40000000000344      -0.80025351910174747     
   395.20000000000346      -0.72270909478472412     
   396.00000000000347      -0.64293027963203553     
   396.80000000000348      -0.55769503251507613     
   397.60000000000349      -0.45580554823957392     
   398.40000000000350      -0.32647199522945591     
   399.20000000000351      -0.16631930140707132     
   400.00000000000352        1.8028822492303836E-002
   400.80000000000354       0.21117397390645901     
   401.60000000000355       0.39243636663620268     
   402.40000000000356       0.54172404070948832     
   403.20000000000357       0.64777241424119847     
   404.00000000000358       0.71462954052234018     
   404.80000000000359       0.75971473651863841     
   405.60000000000360       0.80225522690085538     
   406.40000000000362       0.84978811251169351     
   407.20000000000363       0.89294626327324722     
   408.00000000000364       0.91292782404109085     
   408.80000000000365       0.89626752037999569     
   409.60000000000366       0.84477709968781622     
   410.40000000000367       0.77250978377951995     
   411.20000000000368       0.69376417258853051     
   412.00000000000369       0.61294563125616774     
   412.80000000000371       0.52309684733180684     
   413.60000000000372       0.41215895933537222     
   414.40000000000373       0.27144718684921659     
   415.20000000000374       0.10117781156024128     
   416.00000000000375       -8.8539792263017864E-002
   416.80000000000376      -0.27986929255470105     
   417.60000000000377      -0.45151224986944499     
   418.40000000000379      -0.58559425392668552     
   419.20000000000380      -0.67600594903480515     
   420.00000000000381      -0.73248289289163715     
   420.80000000000382      -0.77478095119293566     
   421.60000000000383      -0.81917885706686266     
   422.40000000000384      -0.86697911285103557     
   423.20000000000385      -0.90390231661141607     
   424.00000000000387      -0.91135738185662751     
   424.80000000000388      -0.88092586414195317     
   425.60000000000389      -0.81992119507442884     
   426.40000000000390      -0.74401051846622490     
   427.20000000000391      -0.66466291857859416     
   428.00000000000392      -0.58180935962145874     
   428.80000000000393      -0.48565136752727500     
   429.60000000000394      -0.36445273318990484     
   430.40000000000396      -0.21238457284736559     
   431.20000000000397       -3.3368226055530609E-002
   432.00000000000398       0.15930244646365074     
   432.80000000000399       0.34591131460558278     
   433.60000000000400       0.50546446700928693     
   434.40000000000401       0.62347825423606384     
   435.20000000000402       0.69960962048643982     
   436.00000000000404       0.74848300611803298     
   436.80000000000405       0.79028639009579416     
   437.60000000000406       0.83672276960244873     
   438.40000000000407       0.88276715467890499     
   439.20000000000408       0.91082055327586775     
   440.00000000000409       0.90456779833526457     
   440.80000000000410       0.86142282120582436     
   441.60000000000412       0.79312747623278268     
   442.40000000000413       0.71517721453442262     
   443.20000000000414       0.63519608073645129     
   444.00000000000415       0.54891841255340401     
   444.80000000000416       0.44480625553550318     
   445.60000000000417       0.31253336407112325     
   446.40000000000418       0.14963788576812806     
   447.20000000000420       -3.6325094664575619E-002
   448.00000000000421      -0.22927365494668733     
   448.80000000000422      -0.40828622955862492     
   449.60000000000423      -0.55373599067817558     
   450.40000000000424      -0.65562203667158414     
   451.20000000000425      -0.71952051791859828     
   452.00000000000426      -0.76363079087247843     
   452.80000000000427      -0.80658761201230511     
   453.60000000000429      -0.85434951851733054     
   454.40000000000430      -0.89614365341541469     
   455.20000000000431      -0.91301757993216692     
   456.00000000000432      -0.89270795914829160     
   456.80000000000433      -0.83853143741212421     
   457.60000000000434      -0.76513418621315843     
   458.40000000000435      -0.68619965014857887     
   459.20000000000437      -0.60496511880404835     
   460.00000000000438      -0.51363620112286767     
   460.80000000000439      -0.40012635472856362     
   461.60000000000440      -0.25643224598813746     
   462.40000000000441       -8.3733002700511983E-002
   463.20000000000442       0.10699890262864503     
   464.00000000000443       0.29737916575314244     
   464.80000000000445       0.46609372078377587     
   465.60000000000446       0.59603979962960862     
   466.40000000000447       0.68256855410529338     
   467.20000000000448       0.73678882755508379     
   468.00000000000449       0.77875956186671258     
   468.80000000000450       0.82370799199188516     
   469.60000000000451       0.87126913375216164     
   470.40000000000452       0.90612639110382076     
   471.20000000000454       0.91009021790695876     
   472.00000000000455       0.87621478623099902     
   472.80000000000456       0.81309281319375659     
   473.60000000000457       0.73651632184611104     
   474.40000000000458       0.65703169349536850     
   475.20000000000459       0.57343211506427938     
   476.00000000000460       0.47535393447324198     
   476.80000000000462       0.35132954956214835     
   477.60000000000463       0.19636819718643347     
   478.40000000000464        1.5351673091831386E-002
   479.20000000000465      -0.17765777711035671     
   480.00000000000466      -0.36255963439694244     
   480.80000000000467      -0.51860895783757743     
   481.60000000000468      -0.63239158020100128     
   482.40000000000470      -0.70511325381181600     
   483.20000000000471      -0.75247549029886185     
   484.00000000000472      -0.79445117154165223     
   484.80000000000473      -0.84133679258849958     
   485.60000000000474      -0.88652680926522187     
   486.40000000000475      -0.91186970838719883     
   487.20000000000476      -0.90195239256008364     
   488.00000000000477      -0.85574973135785126     
   488.80000000000479      -0.78592085039137016     
   489.60000000000480      -0.70763681290082903     
   490.40000000000481      -0.62741072726858338     
   491.20000000000482      -0.53997921259886450     
   492.00000000000483      -0.43354566321946764     
   492.80000000000484      -0.29830969158974313     
   493.60000000000485      -0.13274113113557917     
   494.40000000000487        5.4688445373970856E-002
   495.20000000000488       0.24724652665951458     
   496.00000000000489       0.42382492308631026     
   496.80000000000490       0.56534098324103765     
   497.60000000000491       0.66311730581710715     
   498.40000000000492       0.72423195897252390     
   499.20000000000493       0.76754690718767837     
   500.00000000000495       0.81097742336472900     
   500.80000000000496       0.85886376910674334     
   501.60000000000497       0.89910978966884192     
   502.40000000000498       0.91275757179433659     
   503.20000000000499       0.88883249673784570     
   504.00000000000500       0.83211292156237282     
   504.80000000000501       0.75771731021505950     
   505.60000000000502       0.67862335178843269     
   506.40000000000504       0.59689658656044031     
   507.20000000000505       0.50397133227198920     
   508.00000000000506       0.38781317920311581     
   508.80000000000507       0.24114717571596894     
   509.60000000000508        6.6119275270459688E-002
   510.40000000000509      -0.12545731136729577     
   511.20000000000510      -0.31468999823094379     
   512.00000000000512      -0.48031448915647540     
   512.80000000000507      -0.60607941850514790     
   513.60000000000502      -0.68883121880661169     
   514.40000000000498      -0.74098784187622435     
   515.20000000000493      -0.78277805830743230     
   516.00000000000489      -0.82827325795959994     
   516.80000000000484      -0.87544657815055460     
   517.60000000000480      -0.90806128223921556     
   518.40000000000475      -0.90846746618419927     
   519.20000000000471      -0.87123319632723328     
   520.00000000000466      -0.80614730726980344     
   520.80000000000462      -0.72900561173621137     
   521.60000000000457      -0.64937064165445990     
   522.40000000000452      -0.56492455189767821     
   523.20000000000448      -0.46481632352821828     
   524.00000000000443      -0.33791853753038770     
   524.80000000000439      -0.18010892687269103     
   525.60000000000434        2.7781403126951598E-003
   526.40000000000430       0.19594053218660454     
   527.20000000000425       0.37894134570302551     
   528.00000000000421       0.53135915002128253     
   528.80000000000416       0.64092123409317892     
   529.60000000000412       0.71038371911174480     
   530.40000000000407       0.75642720747185344     
   531.20000000000402       0.79867444262379106     
   532.00000000000398       0.84594514028434420     
   532.80000000000393       0.89010449299756422     
   533.60000000000389       0.91258749829476515     
   534.40000000000384       0.89899712850463076     
   535.20000000000380       0.84986098638946750     
   536.00000000000375       0.77864511452702401     
   536.80000000000371       0.70008855586226770     
   537.60000000000366       0.61956536826632946     
   538.40000000000362       0.53086624117197156     
   539.20000000000357       0.42201767702281262     
   540.00000000000352       0.28380365365027088     
   540.80000000000348       0.11564016697955146     
   541.60000000000343       -7.3101742968989941E-002
   542.40000000000339      -0.26507354414638939     
   543.20000000000334      -0.43903822829540873     
   544.00000000000330      -0.57653724014587548     
   544.80000000000325      -0.67027089820565533     
   545.60000000000321      -0.72878300031685839     
   546.40000000000316      -0.77147531229016952     
   547.20000000000312      -0.81542126306982277     
   548.00000000000307      -0.86331463179414858     
   548.80000000000302      -0.90182839458565056     
   549.60000000000298      -0.91214414900698104     
   550.40000000000293      -0.88465169552210332     
   551.20000000000289      -0.82553650463143313     
   552.00000000000284      -0.75026710002104258     
   552.80000000000280      -0.67103191250941174     
   553.60000000000275      -0.58872936824125544     
   554.40000000000271      -0.49409219259511000     
   555.20000000000266      -0.37521634520153685     
   556.00000000000261      -0.22559791376062907     
   556.80000000000257       -4.8350298038248002E-002
   557.60000000000252       0.14389658942352285     
   558.40000000000248       0.33178357408237125     
   559.20000000000243       0.49416411361842227     
   560.00000000000239       0.61571688328429608     
   560.80000000000234       0.69481038557402297     
   561.60000000000230       0.74509808143032519     
   562.40000000000225       0.78684345132649747     
   563.20000000000221       0.83286559137797878     
   564.00000000000216       0.87949343283616499     
   564.80000000000211       0.90969426136779874     
   565.60000000000207       0.90649121526915255     
   566.40000000000202       0.86599473549979233     
   567.20000000000198       0.79909814129442580     
   568.00000000000193       0.72148222103686466     
   568.80000000000189       0.64167293716172891     
   569.60000000000184       0.55627528795434933     
   570.40000000000180       0.45403049561277753     
   571.20000000000175       0.32421988222899489     
   572.00000000000171       0.16361578011762801     
   572.80000000000166       -2.1005384000010785E-002
   573.60000000000161      -0.21413162819214146     
   574.40000000000157      -0.39504010832192110     
   575.20000000000152      -0.54370932838745767     
   576.00000000000148      -0.64907636452129680     
   576.80000000000143      -0.71543968417214809     
   577.60000000000139      -0.76035349304104882     
   578.40000000000134      -0.80295728612501838     
   579.20000000000130      -0.85053407349807986     
   580.00000000000125      -0.89348243647900683     
   580.80000000000121      -0.91296611271119577     
   581.60000000000116      -0.89570935486531322     
   582.40000000000111      -0.84377162704737485     
   583.20000000000107      -0.77131092030770776     
   584.00000000000102      -0.69253203867287871     
   584.80000000000098      -0.61165058086264001     
   585.60000000000093      -0.52156850184880432     
   586.40000000000089      -0.41021693234625267     
   587.20000000000084      -0.26901877462943802     
   588.00000000000080       -9.8346815111052088E-002
   588.80000000000075        9.1547454731176592E-002
   589.60000000000070       0.28273577026810004     
   590.40000000000066       0.45391279655979111     
   591.20000000000061       0.58732441405832869     
   592.00000000000057       0.67709660582602227     
   592.80000000000052       0.73319271536730912     
   593.60000000000048       0.77542698221689221     
   594.40000000000043       0.81991419392321319     
   595.20000000000039       0.86768521442559587     
   596.00000000000034       0.90428394500297737     
   596.80000000000030       0.91117516086711581     
   597.60000000000025       0.88017707609331253     
   598.40000000000020       0.81881690638130245     
   599.20000000000016       0.74279047274193299     
   600.00000000000011       0.66342099629463980     
   600.80000000000007       0.58045249611008043     
   601.60000000000002       0.48398917279509057     
   602.39999999999998       0.36233359603533882     
   603.19999999999993       0.20979122390746405     
   603.99999999999989        3.0440349006321032E-002
   604.79999999999984      -0.16229806114082987     
   605.59999999999980      -0.34864205595239373     
   606.39999999999975      -0.50763330342517032     
   607.19999999999970      -0.62495741258842141     
   607.99999999999966      -0.70052324636643726     
   608.79999999999961      -0.74913713042489727     
   609.59999999999957      -0.79096124940355206     
   610.39999999999952      -0.83747458553009679     
   611.19999999999948      -0.88339154455318269     
   611.99999999999943      -0.91101377182498888     
   612.79999999999939      -0.90416500149625989     
   613.59999999999934      -0.86051358197257388     
   614.39999999999930      -0.79195816186489898     
   615.19999999999925      -0.71394887066077528     
   615.99999999999920      -0.63393098029079675     
   616.79999999999916      -0.54747293381265760     
   617.59999999999911      -0.44298905224169982     
   618.39999999999907      -0.31023464196909073     
   619.19999999999902      -0.14689853959865312     
   619.99999999999898        3.9313732513015148E-002
   620.79999999999893       0.23221193458280762     
   621.59999999999889       0.41084025519106654     
   622.39999999999884       0.55565513404878397     
   623.19999999999879       0.65686742606418824     
   623.99999999999875       0.72030010555417368     
   624.79999999999870       0.76426867867614390     
   625.59999999999866       0.80729919565630726     
   626.39999999999861       0.85508886418406038     
   627.19999999999857       0.89664326994282939     
   627.99999999999852       0.91299917537421027     
   628.79999999999848       0.89209763582594959     
   629.59999999999843       0.83749677359999342     
   630.39999999999839       0.76392801565294199     
   631.19999999999834       0.68496578407361874     
   631.99999999999829       0.60365643149167936     
   632.79999999999825       0.51207526912746193     
   633.59999999999820       0.39813884374690395     
   634.39999999999816       0.25395944057842545     
   635.19999999999811        8.0873574994418995E-002
   635.99999999999807      -0.11000769122217693     
   636.79999999999802      -0.30021445813502023     
   637.59999999999798      -0.46843624103808235     
   638.39999999999793      -0.59770361092009583     
   639.19999999999789      -0.68360924514578802     
   639.99999999999784      -0.73747996908862123     
   640.79999999999779      -0.77941155227426262     
   641.59999999999775      -0.82444977385841667     
   642.39999999999770      -0.87195810393226258     
   643.19999999999766      -0.90646180399707332     
   643.99999999999761      -0.90984996644731431     
   644.79999999999757      -0.87542101000494543     
   645.59999999999752      -0.81196849621238221     
   646.39999999999748      -0.73529327614001583     
   647.19999999999743      -0.65578533900476976     
   647.99999999999739      -0.57205478422757428     
   648.79999999999734      -0.47365316977272176     
   649.59999999999729      -0.34916352864712674     
   650.39999999999725      -0.19373468242547745     
   651.19999999999720       -1.2404281602314993E-002
   651.99999999999716       0.18064286098877888     
   652.79999999999711       0.36524806658874526     
   653.59999999999707       0.52071398077350528     
   654.39999999999702       0.63380764362866127     
   655.19999999999698       0.70598762216174793     
   655.99999999999693       0.75312188467655183     
   656.79999999999688       0.79513542120031444     
   657.59999999999684       0.84208857497928069     
   658.39999999999679       0.88712276728503303     
   659.19999999999675       0.91200951531200058     
   659.99999999999670       0.90149376064665665     
   660.79999999999666       0.85480432713990195     
   661.59999999999661       0.78473950955615757     
   662.39999999999657       0.70640716948477800     
   663.19999999999652       0.62613646557987135     
   663.99999999999648       0.53850617277047408     
   664.79999999999643       0.43168527999394435     
   665.59999999999638       0.29596474816498314     
   666.39999999999634       0.12996772755992600     
   667.19999999999629       -5.7686403070241504E-002
   667.99999999999625      -0.25016233416569966     
   668.79999999999620      -0.42632686823793065     
   669.59999999999616      -0.56719359782483758     
   670.39999999999611      -0.66430611514104354     
   671.19999999999607      -0.72498409891847071     
   671.99999999999602      -0.76818599433333556     
   672.79999999999598      -0.81169808447831004     
   673.59999999999593      -0.85959391094599713     
   674.39999999999588      -0.89957015795350515     
   675.19999999999584      -0.91268177999786393     
   675.99999999999579      -0.88817166381272417     
   676.79999999999575      -0.83105150778370174     
   677.59999999999570      -0.75650519068786504     
   678.39999999999566      -0.67738727328884707     
   679.19999999999561      -0.59557255273573062     
   679.99999999999557      -0.50237615503336763     
   680.79999999999552      -0.38577962885196881     
   681.59999999999548      -0.23863088707811794     
   682.39999999999543       -6.3233596581970419E-002
   683.19999999999538       0.12846424715828092     
   683.99999999999534       0.31749111750512959     
   684.79999999999529       0.48259720519211025     
   685.59999999999525       0.60767739267412768     
   686.39999999999520       0.68982456334922426     
   687.19999999999516       0.74166329030577505     
   687.99999999999511       0.78343725252092078     
   688.79999999999507       0.82902010621759770     
   689.59999999999502       0.87611550024591078     
   690.39999999999498       0.90834832976945412     
   691.19999999999493       0.90816942186097427     
   691.99999999999488       0.87039660995532375     
   692.79999999999484       0.80500519265399040     
   693.59999999999479       0.72778026718273781     
   694.39999999999475       0.64811880082940299     
   695.19999999999470       0.56352490542029998     
   695.99999999999466       0.46307563804430929     
   696.79999999999461       0.33570560234381025     
   697.59999999999457       0.17743666020824389     
   698.39999999999452       -5.7425042418770833E-003
   699.19999999999447      -0.19891198190698198     
   699.99999999999443      -0.38158476208903169     
   700.79999999999438      -0.53339933491572833     
   701.59999999999434      -0.64227559995205097     
   702.39999999999429      -0.71122184654019038     
   703.19999999999425      -0.75706843644752431     
   703.99999999999420      -0.79936836955137003     
   704.79999999999416      -0.84669472354085307     
   705.59999999999411      -0.89066910161852342     
   706.39999999999407      -0.91267252332802229     
   707.19999999999402      -0.89848377121309009     
   707.99999999999397      -0.84888185739458955     
   708.79999999999393      -0.77745354309764469     
   709.59999999999388      -0.69885762274129104     
   710.39999999999384      -0.61828044888554412     
   711.19999999999379      -0.52936383267010323     
   711.99999999999375      -0.42011318659089969     
   712.79999999999370      -0.28141300262111157     
   713.59999999999366      -0.11283458421868989     
   714.39999999999361        7.6106189281074765E-002
   715.19999999999357       0.26796378218324302     
   715.99999999999352       0.44148585354843561     
   716.79999999999347       0.57832316961848651     
   717.59999999999343       0.67140530153459543     
   718.39999999999338       0.72951081067195800     
   719.19999999999334       0.77211747713670009     
   719.99999999999329       0.81615030204819883     
   720.79999999999325       0.86403285758576898     
   721.59999999999320       0.90224692823145602     
   722.39999999999316       0.91201051553173695     
   723.19999999999311       0.88394216791385138     
   723.99999999999307       0.82445075992893313     
   724.79999999999302       0.74905023145326644     
   725.59999999999297       0.66979298077561933     
   726.39999999999293       0.58738821843134936     
   727.19999999999288       0.49246117114923271     
   727.99999999999284       0.37313632921459294     
   728.79999999999279       0.22303918769262082     
   729.59999999999275        4.5440655018159498E-002
   730.39999999999270      -0.14689864308827300     
   731.19999999999266      -0.33454758418118213     
   731.99999999999261      -0.49638543056446083     
   732.79999999999256      -0.61724977310903995     
   733.59999999999252      -0.69575913834101599     
   734.39999999999247      -0.74576074507876167     
   735.19999999999243      -0.78751085093069306     
   735.99999999999238      -0.83361589902286637     
   736.79999999999234      -0.88013935318404302     
   737.59999999999229      -0.90993097720876714     
   738.39999999999225      -0.90613585692125520     
   739.19999999999220      -0.86511761692279654     
   739.99999999999216      -0.79794036790075218     
   740.79999999999211      -0.72025509723209202     
   741.59999999999206      -0.64041442212748600     
   742.39999999999202      -0.55485146737544777     
   743.19999999999197      -0.45224863813942867     
   743.99999999999193      -0.32196014555199592     
   744.79999999999188      -0.16090630472838099     
   745.59999999999184        2.3984091944757285E-002
   746.39999999999179       0.21708632710951206     
   747.19999999999175       0.39763590750367084     
   747.99999999999170       0.54568387163956200     
   748.79999999999166       0.65037064963751001     
   749.59999999999161       0.71624464420900869     
   750.39999999999156       0.76099196348777287     
   751.19999999999152       0.80366091577628518     
   751.99999999999147       0.85127912138538220     
   752.79999999999143       0.89401283378554031     
   753.59999999999138       0.91299521789768334     
   754.39999999999134       0.89514258759189347     
   755.19999999999129       0.84276123552189675     
   755.99999999999125       0.77011077015443785     
   756.79999999999120       0.69129964727202453     
   757.59999999999116       0.61035341735937543     
   758.39999999999111       0.52003495619997953     
   759.19999999999106       0.40826753360077328     
   759.99999999999102       0.26658307257371799     
   760.79999999999097        9.5511045052964566E-002
   761.59999999999093       -9.4555497206607608E-002
   762.39999999999088      -0.28559736886667469     
   763.19999999999084      -0.45630401592065373     
   763.99999999999079      -0.58904373961144851     
   764.79999999999075      -0.67817895053925725     
   765.59999999999070      -0.73389928822162642     
   766.39999999999065      -0.77607388815334233     
   767.19999999999061      -0.82065066211211124     
   767.99999999999056      -0.86838871823929575     
   768.79999999999052      -0.90465819523499580     
   769.59999999999047      -0.91098347865234597     
   770.39999999999043      -0.87942081498993452     
   771.19999999999038      -0.81770919920531659     
   771.99999999999034      -0.74156988163211979     
   772.79999999999029      -0.66217841522117737     
   773.59999999999025      -0.57909242005950001     
   774.39999999999020      -0.48232078768989961     
   775.19999999999015      -0.36020682739598742     
   775.99999999999011      -0.20719124033225619     
   776.79999999999006       -2.7509123957780934E-002
   777.59999999999002       0.16529216982123418     
   778.39999999998997       0.35136609164023214     
   779.19999999998993       0.50979182070334073     
   779.99999999998988       0.62642620379917857     
   780.79999999998984       0.70143027179944806     
   781.59999999998979       0.74978981283273194     
   782.39999999998975       0.79163760694200425     
   783.19999999998970       0.83822653501380606     
   783.99999999998965       0.88401150169301979     
   784.79999999998961       0.91119838985493673     
   785.59999999998956       0.90375303950096109     
   786.39999999998952       0.85959828412979067     
   787.19999999998947       0.79078675846826796     
   787.99999999998943       0.71272030545533060     
   788.79999999998938       0.63266448384963125     
   789.59999999998934       0.54602308795905274     
   790.39999999998929       0.44116488100893458     
   791.19999999998925       0.30792835912195787     
   791.99999999998920       0.14415352047197486     
   792.79999999998915       -4.2304079666265204E-002
   793.59999999998911      -0.23514676470702608     
   794.39999999998906      -0.41338595287329555     
   795.19999999998902      -0.55756345611018532     
   795.99999999998897      -0.65810345362089684     
   796.79999999998893      -0.72107500603776087     
   797.59999999998888      -0.76490662435168943     
   798.39999999998884      -0.80801229544081010     
   799.19999999998879      -0.85582689062373007     
