   0.0000000000000000        1.0293606951281853     
  0.80000000000000004       0.44163550856026690     
   1.6000000000000001      -0.10650424923648061     
   2.4000000000000004      -0.56818005866389332     
   3.2000000000000002      -0.93843480579874661     
   4.0000000000000000       -1.1526305518833522     
   4.7999999999999998       -1.1190424435087440     
   5.5999999999999996      -0.82025157149168049     
   6.3999999999999995      -0.31538317053040510     
   7.1999999999999993       0.32743260263704388     
   7.9999999999999991       0.99783202959099382     
   8.7999999999999989        1.4291331579744349     
   9.5999999999999996        1.3458571701164903     
   10.400000000000000       0.81155465483705302     
   11.200000000000001        9.4946475375685457E-002
   12.000000000000002      -0.61387315616154536     
   12.800000000000002       -1.1609907624654272     
   13.600000000000003       -1.3490199925285751     
   14.400000000000004       -1.1214453034472773     
   15.200000000000005      -0.64860250940905018     
   16.000000000000004      -0.11050305561586782     
   16.800000000000004       0.42675973369274789     
   17.600000000000005       0.92289294507782937     
   18.400000000000006        1.2454094830020845     
   19.200000000000006        1.2304373088733120     
   20.000000000000007       0.87095249080356274     
   20.800000000000008       0.29981079504587704     
   21.600000000000009      -0.36366757939534788     
   22.400000000000009       -1.0026834261765023     
   23.200000000000010       -1.3864110566016801     
   24.000000000000011       -1.2995922439150434     
   24.800000000000011      -0.81743560490304523     
   25.600000000000012      -0.17481030595154035     
   26.400000000000013       0.47484833989687047     
   27.200000000000014        1.0253729725053025     
   28.000000000000014        1.3076275550006673     
   28.800000000000015        1.2005018062716295     
   29.600000000000016       0.78930813530365285     
   30.400000000000016       0.24359631292895589     
   31.200000000000017      -0.34129327670365095     
   32.000000000000014      -0.90120291064971436     
   32.800000000000011       -1.2787284559499219     
   33.600000000000009       -1.2814102002173597     
   34.400000000000006      -0.90701816427261606     
   35.200000000000003      -0.32195851421173360     
   36.000000000000000       0.33397560495047363     
   36.799999999999997       0.95325548907324731     
   37.599999999999994        1.3388883986187783     
   38.399999999999991        1.2940367921930107     
   39.199999999999989       0.86825111553040002     
   39.999999999999986       0.27024199630349688     
   40.799999999999983      -0.35731781649716632     
   41.599999999999980      -0.92677197287230395     
   42.399999999999977       -1.2813855476456284     
   43.199999999999974       -1.2585346039385685     
   43.999999999999972      -0.88797589300574542     
   44.799999999999969      -0.33731822699853087     
   45.599999999999966       0.27235024670536445     
   46.399999999999963       0.86373766291386189     
   47.199999999999960        1.2769170616361345     
   47.999999999999957        1.3085109152962560     
   48.799999999999955       0.94793485608565398     
   49.599999999999952       0.37110230745978789     
   50.399999999999949      -0.27222792351110836     
   51.199999999999946      -0.88429637600928057     
   51.999999999999943       -1.2943092526547506     
   52.799999999999940       -1.3059077135691424     
   53.599999999999937      -0.93240850880076165     
   54.399999999999935      -0.36271012258192026     
   55.199999999999932       0.25790344216398320     
   55.999999999999929       0.84657276778792001     
   56.799999999999926        1.2556957824387416     
   57.599999999999923        1.2981570997400211     
   58.399999999999920       0.96308418644305904     
   59.199999999999918       0.41530477873796590     
   59.999999999999915      -0.20424527614537447     
   60.799999999999912      -0.81151669710254681     
   61.599999999999909       -1.2546524169719029     
   62.399999999999906       -1.3259222026986328     
   63.199999999999903      -0.99546714978087092     
   63.999999999999901      -0.43532203686181570     
   64.799999999999898       0.19714540917552581     
   65.599999999999895       0.80965354270198864     
   66.399999999999892        1.2513901707779496     
   67.199999999999889        1.3217140051153673     
   67.999999999999886       0.99677129443887991     
   68.799999999999883       0.44842140584098478     
   69.599999999999881      -0.16975899023727159     
   70.399999999999878      -0.77350023684517810     
   71.199999999999875       -1.2247815266075548     
   71.999999999999872       -1.3236805828288503     
   72.799999999999869       -1.0256100814830429     
   73.599999999999866      -0.48814852116111496     
   74.399999999999864       0.13280952109046162     
   75.199999999999861       0.74881304400068605     
   75.999999999999858        1.2201208649308866     
   76.799999999999855        1.3377968420579276     
   77.599999999999852        1.0464126639225730     
   78.399999999999849       0.50630430804813087     
   79.199999999999847      -0.11765040403577143     
   79.999999999999844      -0.73391533457829683     
   80.799999999999841       -1.2075888892048354     
   81.599999999999838       -1.3348338738111860     
   82.399999999999835       -1.0568398983642040     
   83.199999999999832      -0.52829378187049791     
   83.999999999999829        8.7501994134509431E-002
   84.799999999999827       0.70182941552970324     
   85.599999999999824        1.1870702120502155     
   86.399999999999821        1.3384572398630277     
   87.199999999999818        1.0809858870183333     
   87.999999999999815       0.55967852910787497     
   88.799999999999812       -5.8178477498515568E-002
   89.599999999999810      -0.67956956290105275     
   90.399999999999807       -1.1775617363388089     
   91.199999999999804       -1.3446023616180844     
   91.999999999999801       -1.0973740735248989     
   92.799999999999798      -0.57929959174184142     
   93.599999999999795        3.7409293185161507E-002
   94.399999999999793       0.65807618840749571     
   95.199999999999790        1.1610159192159317     
   95.999999999999787        1.3423790738643593     
   96.799999999999784        1.1115124341179190     
   97.599999999999781       0.60398918665416379     
   98.399999999999778       -7.9343239026351542E-003
   99.199999999999775      -0.62920712526784817     
   99.999999999999773       -1.1427312968369328     
   100.79999999999977       -1.3445090068889503     
   101.59999999999977       -1.1313573195564961     
   102.39999999999976      -0.63072206695695354     
   103.19999999999976       -1.8468111811987376E-002
   103.99999999999976       0.60648381255484329     
   104.79999999999976        1.1290814387182719     
   105.59999999999975        1.3458270588523786     
   106.39999999999975        1.1459405525225042     
   107.19999999999975       0.65191787550276004     
   107.99999999999974        4.2350350416261673E-002
   108.79999999999974      -0.58202968597870863     
   109.59999999999974       -1.1106597638571678     
   110.39999999999974       -1.3432505599042672     
   111.19999999999973       -1.1607127539673019     
   111.99999999999973      -0.67670253881204645     
   112.79999999999973       -7.0505156207864350E-002
   113.59999999999972       0.55500251842034498     
   114.39999999999972        1.0924962279199542     
   115.19999999999972        1.3428900463849993     
   115.99999999999972        1.1772244178396347     
   116.79999999999971       0.70100636863763377     
   117.59999999999971        9.6051014528121037E-002
   118.39999999999971      -0.53115957994074714     
   119.19999999999970       -1.0757509634761344     
   119.99999999999970       -1.3409275914903582     
   120.79999999999970       -1.1906186993675476     
   121.59999999999970      -0.72303922462970471     
   122.39999999999969      -0.12135612061396606     
   123.19999999999969       0.50552346597697517     
   123.99999999999969        1.0561828111887941     
   124.79999999999968        1.3371336566456919     
   125.59999999999968        1.2044907773971616     
   126.39999999999968       0.74701444420956853     
   127.19999999999968       0.14841929076831195     
   127.99999999999967      -0.47931285969995707     
   128.79999999999967       -1.0371728530566329     
   129.59999999999968       -1.3341170162382678     
   130.39999999999969       -1.2183952632330619     
   131.19999999999970      -0.76997730731089054     
   131.99999999999972      -0.17383316218833189     
   132.79999999999973       0.45448844749449469     
   133.59999999999974        1.0181952142788742     
   134.39999999999975        1.3295704290073065     
   135.19999999999976        1.2305041193992872     
   135.99999999999977       0.79211555646089915     
   136.79999999999978       0.19961422373725191     
   137.59999999999980      -0.42843219473514937     
   138.39999999999981      -0.99766963506896378     
   139.19999999999982       -1.3240403877251743     
   139.99999999999983       -1.2427765136931821     
   140.79999999999984      -0.81505032925638754     
   141.59999999999985      -0.22593486230189574     
   142.39999999999986       0.40246144317946497     
   143.19999999999987       0.97748968004026771     
   143.99999999999989        1.3184709389159188     
   144.79999999999990        1.2544551200365723     
   145.59999999999991       0.83708258838369887     
   146.39999999999992       0.25136097519488154     
   147.19999999999993      -0.37696597612624139     
   147.99999999999994      -0.95687664532373651     
   148.79999999999995       -1.3116402612151365     
   149.59999999999997       -1.2650123026478945     
   150.39999999999998      -0.85880136033799648     
   151.19999999999999      -0.27715016943862425     
   152.00000000000000       0.35077258959789370     
   152.80000000000001       0.93543218733136901     
   153.60000000000002        1.3041250890566221     
   154.40000000000003        1.2753754517496960     
   155.20000000000005       0.88066213040696439     
   156.00000000000006       0.30297397550072502     
   156.80000000000007      -0.32478662413449766     
   157.60000000000008      -0.91407330004172904     
   158.40000000000009       -1.2961671071322278     
   159.20000000000010       -1.2849642389443885     
   160.00000000000011      -0.90183128622244446     
   160.80000000000013      -0.32835120524030037     
   161.60000000000014       0.29888955499611158     
   162.40000000000015       0.89221347505879478     
   163.20000000000016        1.2871943997437969     
   164.00000000000017        1.2937207217106499     
   164.80000000000018       0.92278871584239031     
   165.60000000000019       0.35393458421634916     
   166.40000000000020      -0.27265039095832122     
   167.20000000000022      -0.86988412684170269     
   168.00000000000023       -1.2776195579348522     
   168.80000000000024       -1.3020257805893385     
   169.60000000000025      -0.94355626780788993     
   170.40000000000026      -0.37938196324256235     
   171.20000000000027       0.24657523956148497     
   172.00000000000028       0.84746651671973050     
   172.80000000000030        1.2674367231592720     
   173.60000000000031        1.3095283507563280     
   174.40000000000032       0.96378054277694847     
   175.20000000000033       0.40460048321967035     
   176.00000000000034      -0.22046381351229694     
   176.80000000000035      -0.82461707303669007     
   177.60000000000036       -1.2564180753535457     
   178.40000000000038       -1.3162950429292199     
   179.20000000000039      -0.98374835992229659     
   180.00000000000040      -0.42987648537315937     
   180.80000000000041       0.19420985910737121     
   181.60000000000042       0.80146880053495284     
   182.40000000000043        1.2448130308665404     
   183.20000000000044        1.3224538413536202     
   184.00000000000045        1.0033673222334323     
   184.80000000000047       0.45497616843699717     
   185.60000000000048      -0.16805604609552038     
   186.40000000000049      -0.77815032238385873     
   187.20000000000050       -1.2325590975419241     
   188.00000000000051       -1.3278192844563890     
   188.80000000000052       -1.0225106737775189     
   189.60000000000053      -0.47992863592998936     
   190.40000000000055       0.14185064168964934     
   191.20000000000056       0.75449492078547264     
   192.00000000000057        1.2195910667117078     
   192.80000000000058        1.3324635888561029     
   193.60000000000059        1.0413177983545954     
   194.40000000000060       0.50483334149330339     
   195.20000000000061      -0.11560283993666720     
   196.00000000000063      -0.73062165489093833     
   196.80000000000064       -1.2060451492383295     
   197.60000000000065       -1.3364132875040662     
   198.40000000000066       -1.0596956383009357     
   199.20000000000067      -0.52955777076388189     
   200.00000000000068        8.9412353601860173E-002
   200.80000000000069       0.70655883682596077     
   201.60000000000070        1.1918687226272302     
   202.40000000000072        1.3395803480813777     
   203.20000000000073        1.0776077452596056     
   204.00000000000074       0.55414752810961221     
   204.80000000000075       -6.3191250930708986E-002
   205.60000000000076      -0.68224214980529052     
   206.40000000000077       -1.1770635864142107     
   207.20000000000078       -1.3420145139658539     
   208.00000000000080       -1.0951067892698307     
   208.80000000000081      -0.57862054523238471     
   209.60000000000082        3.6975063661200402E-002
   210.40000000000083       0.65775204823428712     
   211.20000000000084        1.1617002405130075     
   212.00000000000085        1.3437097098802051     
   212.80000000000086        1.1121257606390735     
   213.60000000000088       0.60290963071331727     
   214.40000000000089       -1.0797249713053292E-002
   215.20000000000090      -0.63308666471848796     
   216.00000000000091       -1.1457503175508563     
   216.80000000000092       -1.3446289392196935     
   217.60000000000093       -1.1286561802198096     
   218.40000000000094      -0.62704553092605320     
   219.20000000000095       -1.5383914512563490E-002
   220.00000000000097       0.60823164563499277     
   220.80000000000098        1.1292376987432955     
   221.60000000000099        1.3448012477848474     
   222.40000000000100        1.1447076749475749     
   223.20000000000101       0.65101692446263093     
   224.00000000000102        4.1536862249156092E-002
   224.80000000000103      -0.58323492984873149     
   225.60000000000105       -1.1121996551002573     
   226.40000000000106       -1.3442153994074506     
   227.20000000000107       -1.1602367465389658     
   228.00000000000108      -0.67479101140625941     
   228.80000000000109       -6.7653768305369177E-002
   229.60000000000110       0.55809121428816311     
   230.40000000000111        1.0946284435969005     
   231.20000000000113        1.3428592608586287     
   232.00000000000114        1.1752391590825484     
   232.80000000000115       0.69838072098777793     
   233.60000000000116        9.3749751634944922E-002
   234.40000000000117      -0.53280627945956649     
   235.20000000000118       -1.0765516798122190     
   236.00000000000119       -1.3407491633586521     
   236.80000000000121       -1.1897064298609181     
   237.60000000000122      -0.72176747066312397     
   238.40000000000123      -0.11980315132225694     
   239.20000000000124       0.50740728998655416     
   240.00000000000125        1.0579920372520617     
   240.80000000000126        1.3378777692577688     
   241.60000000000127        1.2036102712525574     
   242.40000000000128       0.74493351394007812     
   243.20000000000130       0.14581334308621630     
   244.00000000000131      -0.48189274160350704     
   244.80000000000132       -1.0389550370161242     
   245.60000000000133       -1.3342447213217110     
   246.40000000000134       -1.2169441267988459     
   247.20000000000135      -0.76787887614725436     
   248.00000000000136      -0.17178233850885583     
   248.80000000000138       0.45627413693085317     
   249.60000000000139        1.0194660639708713     
   250.40000000000140        1.3298604473277147     
   251.20000000000141        1.2296936417426831     
   252.00000000000142       0.79058507930068223     
   252.80000000000143       0.19769639802778471     
   253.60000000000144      -0.43056717188236260     
   254.40000000000146      -0.99954241660432241     
   255.20000000000147       -1.3247233664852338     
   256.00000000000148       -1.2418390984923566     
   256.80000000000149      -0.81303940950772180     
   257.60000000000150      -0.22355510164857373     
   258.40000000000151       0.40477422994279466     
   259.20000000000152       0.97919669029121970     
   260.00000000000153        1.3188389594597614     
   260.80000000000155        1.2533713785986069     
   261.60000000000156       0.83523418963479035     
   262.40000000000157       0.24935481483254529     
   263.20000000000158      -0.37890672232791933     
   264.00000000000159      -0.95845102484506517     
   264.80000000000160       -1.3122160700392649     
   265.60000000000161       -1.2642755532729044     
   266.40000000000163      -0.85715247073810574     
   267.20000000000164      -0.27508641236126175     
   268.00000000000165       0.35297456847034703     
   268.80000000000166       0.93732117950055460     
   269.60000000000167        1.3048583693787814     
   270.40000000000168        1.2745366286036433     
   271.20000000000169       0.87878220385455008     
   272.00000000000171       0.30074770536123185     
   272.80000000000172      -0.32698241624328606     
   273.60000000000173      -0.91582276414014785     
   274.40000000000174       -1.2967747013302802     
   275.20000000000175       -1.2841443473549263     
   276.00000000000176      -0.90011158023016724     
   276.80000000000177      -0.32633286089682489     
   277.60000000000178       0.30093987341387940     
   278.40000000000180       0.89397517236843960     
   279.20000000000181        1.2879746139368204     
   280.00000000000182        1.2930852616474451     
   280.80000000000183       0.92112475535190497     
   281.60000000000184       0.35183477088669524     
   282.40000000000185      -0.27485408368265474     
   283.20000000000186      -0.87179379258166534     
   284.00000000000188       -1.2784660033745419     
   284.80000000000189       -1.3013473384144894     
   285.60000000000190      -0.94180885599773112     
   286.40000000000191      -0.37724930594606954     
   287.20000000000192       0.24873053877405615     
   288.00000000000193       0.84929493836444436     
   288.80000000000194        1.2682600903964518     
   289.60000000000196        1.3089206298682063     
   290.40000000000197       0.96214997635368582     
   291.20000000000198       0.40256969547437715     
   292.00000000000199      -0.22257698229835643     
   292.80000000000200      -0.82649592092812252     
   293.60000000000201       -1.2573681007940294     
   294.40000000000202       -1.3157939208906893     
   295.20000000000203      -0.98213271565634119     
   296.00000000000205      -0.42778922185529711     
   296.80000000000206       0.19639921602627020     
   297.60000000000207       0.80341181034442533     
   298.40000000000208        1.2458011844916714     
   299.20000000000209        1.3219575679578153     
   300.00000000000210        1.0017431403985679     
   300.80000000000211       0.45290207529369664     
   301.60000000000213      -0.17020276130557910     
   302.40000000000214      -0.78005843501042438     
   303.20000000000215       -1.2335724904030974     
   304.00000000000216       -1.3274030108536317     
   304.80000000000217       -1.0209662985259462     
   305.60000000000218      -0.47790080294385884     
   306.40000000000219       0.14399394140352906     
   307.20000000000221       0.75645146466172986     
   308.00000000000222        1.2206951367827970     
   308.80000000000223        1.3321215793248491     
   309.60000000000224        1.0397868150332894     
   310.40000000000225       0.50277817767786603     
   311.20000000000226      -0.11777787396978334     
   312.00000000000227      -0.73260535304520535     
   312.80000000000229       -1.2071827212195481     
   313.60000000000230       -1.3361060083111647     
   314.40000000000231       -1.0581899170918529     
   315.20000000000232      -0.52752694465879513     
   316.00000000000233        9.1559792225857306E-002
   316.80000000000234       0.70853487459969222     
   317.60000000000235        1.1930499999455852     
   318.40000000000236        1.3393498467019871     
   319.20000000000238        1.0761601551943114     
   320.00000000000239       0.55213886106135557     
   320.80000000000240       -6.5345092500635249E-002
   321.60000000000241      -0.68425425941825579     
   322.40000000000242       -1.1783117947831636     
   323.20000000000243       -1.3418471571875357     
   324.00000000000244       -1.0936820547462580     
   324.80000000000246      -0.57660573989926822     
   325.60000000000247        3.9138530953539474E-002
   326.40000000000248       0.65977701834435976     
   327.20000000000249        1.1629834812344888     
   328.00000000000250        1.3435932404390298     
   328.80000000000251        1.1107403570314256     
   329.60000000000252       0.60091901471363041     
   330.40000000000254       -1.2945029337178893E-002
   331.20000000000255      -0.63511661229326111     
   332.00000000000256       -1.1470810835285794     
   332.80000000000257       -1.3445842120162523     
   333.60000000000258       -1.1273194664875912     
   334.40000000000259      -0.62506948430733378     
   335.20000000000260       -1.3230536606118837E-002
   336.00000000000261       0.61028588330564526     
   336.80000000000263        1.1306207433549786     
   337.60000000000264        1.3448170100229109     
   338.40000000000265        1.1434039085236343     
   339.20000000000266       0.64904781035369274     
   340.00000000000267        3.9383575314212105E-002
   340.80000000000268      -0.58529715359361922     
   341.60000000000269       -1.1136190350003661     
   342.40000000000271       -1.3442897031867163     
   343.20000000000272       -1.1589783225394001     
   344.00000000000273      -0.67284418691817971     
   344.80000000000274       -6.5509360069447853E-002
   345.60000000000275       0.56016246198552389     
   346.40000000000276        1.0960928655438424     
   347.20000000000277        1.3430012401718452     
   348.00000000000279        1.1740272786105574     
   348.80000000000280       0.69644834309814641     
   349.60000000000281        9.1603226171893648E-002
   350.40000000000282      -0.53489325700107537     
   351.20000000000283       -1.0780592381282212     
   352.00000000000284       -1.3409515261761453     
   352.80000000000285       -1.1885355513983391     
   353.60000000000286      -0.71984974650470968     
   354.40000000000288      -0.11766058654620204     
   355.20000000000289       0.50950053279314633     
   356.00000000000290        1.0595354099596670     
   356.80000000000291        1.3381415310144951     
   357.60000000000292        1.2024880743954727     
   358.40000000000293       0.74303741312338245     
   359.20000000000294       0.14367673860408092     
   360.00000000000296      -0.48399488537252144     
   360.80000000000297       -1.0405387604652829     
   361.60000000000298       -1.3345731531032632     
   362.40000000000299       -1.2158699192316580     
   363.20000000000300      -0.76599997532560660     
   364.00000000000301      -0.16964698516679289     
   364.80000000000302       0.45838637602642651     
   365.60000000000304        1.0210866913594676     
   366.40000000000305        1.3302492828874115     
   367.20000000000306        1.2286664512098042     
   368.00000000000307       0.78872575163927161     
   368.80000000000308       0.19556658374504454     
   369.60000000000309      -0.43268463693776005     
   370.40000000000310       -1.0011966827143310     
   371.20000000000312       -1.3251738211967115     
   372.00000000000313       -1.2408633062042935     
   372.80000000000314      -0.81120265924257540     
   373.60000000000315      -0.22143066484084595     
   374.40000000000316       0.40689887158052584     
   375.20000000000317       0.98088618349999701     
   376.00000000000318        1.3193516047089755     
   376.80000000000319        1.2524464301209377     
   377.60000000000321       0.83341828003348417     
   378.40000000000322       0.24723428637998612     
   379.20000000000323      -0.38103781239177947     
   380.00000000000324      -0.96017256763981607     
   380.80000000000325       -1.3127884370546377     
   381.60000000000326       -1.2634021709904961     
   382.40000000000327      -0.85535988071733748     
   383.20000000000329      -0.27297237594064871     
   384.00000000000330       0.35510979213288507     
   384.80000000000331       0.93907313670692016     
   385.60000000000332        1.3054910686244432     
   386.40000000000333        1.2737172842899522     
   387.20000000000334       0.87701438498945761     
   388.00000000000335       0.29863969524857614     
   388.80000000000337      -0.32912273935831915     
   389.60000000000338      -0.91760504210547011     
   390.40000000000339       -1.2974671485944902     
   391.20000000000340       -1.2833789880648028     
   392.00000000000341      -0.89836842291878583     
   392.80000000000342      -0.32423085248271211     
   393.60000000000343       0.30308418218746624     
   394.40000000000344       0.89578526098705791     
   395.20000000000346        1.2887252260295909     
   396.00000000000347        1.2923750244437013     
   396.80000000000348       0.91940833886444673     
   397.60000000000349       0.34974025432146183     
   398.40000000000350      -0.27700129705205523     
   399.20000000000351      -0.87363057692318313     
   400.00000000000352       -1.2792747129106798     
   400.80000000000354       -1.3006936837218845     
   401.60000000000355      -0.94012019386600210     
   402.40000000000356      -0.37516208601534506     
   403.20000000000357       0.25088091402007884     
   404.00000000000358       0.85115752793220145     
   404.80000000000359        1.2691258435331765     
   405.60000000000360        1.3083238581442442     
   406.40000000000362       0.96048980154340491     
   407.20000000000363       0.40049030243365558     
   408.00000000000364      -0.22472953998655842     
   408.80000000000365      -0.82838238849368084     
   409.60000000000366       -1.2582896530564036     
   410.40000000000367       -1.3152550886686700     
   411.20000000000368      -0.98050273811639366     
   412.00000000000369      -0.42571859208554441     
   412.80000000000371       0.19855339508305025     
   413.60000000000372       0.80532114480457140     
   414.40000000000373        1.2467779323160300     
   415.20000000000374        1.3214775971372716     
   416.00000000000375        1.0001443592958930     
   416.80000000000376       0.45084036191328747     
   417.60000000000377      -0.17235842772488286     
   418.40000000000379      -0.78198946042672790     
   419.20000000000380       -1.2346031857650392     
   420.00000000000381       -1.3269823328607950     
   420.80000000000382       -1.0193998297295725     
   421.60000000000383      -0.47584872131432021     
   422.40000000000384       0.14615034355675371     
   423.20000000000385       0.75840266044949278     
   424.00000000000387        1.2217785946683895     
   424.80000000000388        1.3317610104113469     
   425.60000000000389        1.0382541396757232     
   426.40000000000390       0.50073645708328707     
   427.20000000000391      -0.11993463515521874     
   428.00000000000392      -0.73457570874709410     
   428.80000000000393       -1.2083179671537829     
   429.60000000000394       -1.3358061417734903     
   430.40000000000396       -1.0566921298513001     
   431.20000000000397      -0.52549602139460694     
   432.00000000000398        9.3716602416967443E-002
   432.80000000000399       0.71052318503570777     
   433.60000000000400        1.1942356919631676     
   434.40000000000401        1.3391110735384106     
   435.20000000000402        1.0746985204525075     
   436.00000000000404       0.55011951743192000     
   436.80000000000405       -6.7501380862711291E-002
   437.60000000000406      -0.68625927116683594     
   438.40000000000407       -1.1795466921935778     
   439.20000000000408       -1.3416700165200410     
   440.00000000000409       -1.0922579355467188     
   440.80000000000410      -0.57459868429513383     
   441.60000000000412        4.1293967074854887E-002
   442.40000000000413       0.66179773341761416     
   443.20000000000414        1.1642663726801343     
   444.00000000000415        1.3434780723493640     
   444.80000000000416        1.1093549339173157     
   445.60000000000417       0.59892488969621172     
   446.40000000000418       -1.5099240531498803E-002
   447.20000000000420      -0.63715190771929775     
   448.00000000000421       -1.1484105702475320     
   448.80000000000422       -1.3445312599782471     
   449.60000000000423       -1.1259740414379820     
   450.40000000000424      -0.62308912163575647     
   451.20000000000425       -1.1078010956757867E-002
   452.00000000000426       0.61233468963017590     
   452.80000000000427        1.1319955028860749     
   453.60000000000429        1.3448265359492186     
   454.40000000000430        1.1420997829321475     
   455.20000000000431       0.64708198246512172     
   456.00000000000432        3.7233068741044928E-002
   456.80000000000433      -0.58735852324172322     
   457.60000000000434       -1.1150377166836596     
   458.40000000000435       -1.3443618118432461     
   459.20000000000437       -1.1577167184946415     
   460.00000000000438      -0.67089368763676505     
   460.80000000000439       -6.3361261906701327E-002
   461.60000000000440       0.56223539379507248     
   462.40000000000441        1.0975540350410338     
   463.20000000000442        1.3431359690687639     
   464.00000000000443        1.1728094807293414     
   464.80000000000445       0.69451406477334499     
   465.60000000000446        8.9457944450901716E-002
   466.40000000000447      -0.53697682339741903     
   467.20000000000448       -1.0795615074924070     
   468.00000000000449       -1.3411488683292276     
   468.80000000000450       -1.1873628130157490     
   469.60000000000451      -0.71793255564220348     
   470.40000000000452      -0.11551847431683371     
   471.20000000000454       0.51159386779557636     
   472.00000000000455        1.0610773587396982     
   472.80000000000456        1.3384013558571564     
   473.60000000000457        1.2013616105983504     
   474.40000000000458       0.74113822097961424     
   475.20000000000459       0.14153819235761900     
   476.00000000000460      -0.48609711688267698     
   476.80000000000462       -1.0421189398766133     
   477.60000000000463       -1.3348952658928943     
   478.40000000000464       -1.2147909623681703     
   479.20000000000465      -0.76411974623471468     
   480.00000000000466      -0.16751240067926787     
   480.80000000000467       0.46049669791921044     
   481.60000000000468        1.0227036803325129     
   482.40000000000470        1.3306334184554582     
   483.20000000000471        1.2276361938052907     
   484.00000000000472       0.78686544967845751     
   484.80000000000473       0.19343634171667434     
   485.60000000000474      -0.43480228097500695     
   486.40000000000475       -1.0028490414305118     
   487.20000000000476       -1.3256196135735974     
   488.00000000000477       -1.2398829114416310     
   488.80000000000479      -0.80936329221907100     
   489.60000000000480      -0.21930517674575389     
   490.40000000000481       0.40902308779464414     
   491.20000000000482       0.98257247226449995     
   492.00000000000483        1.3198586215037449     
   492.80000000000484        1.2515170476578596     
   493.60000000000485       0.83160088818754252     
   494.40000000000487       0.24511396396216578     
   495.20000000000488      -0.38316790320757388     
   496.00000000000489      -0.96189136718014423     
   496.80000000000490       -1.3133561687532052     
   497.60000000000491       -1.2625249061102088     
   498.40000000000492      -0.85356551776443990     
   499.20000000000493      -0.27085763663164886     
   500.00000000000495       0.35724508900949037     
   500.80000000000496       0.94082302550866859     
   501.60000000000497        1.3061189205523591     
   502.40000000000498        1.2728932076054273     
   503.20000000000499       0.87524414047590315     
   504.00000000000500       0.29653098068495742     
   504.80000000000501      -0.33126260062354529     
   505.60000000000502      -0.91938461366522906     
   506.40000000000504       -1.2981544595218364     
   507.20000000000505       -1.2826091357592984     
   508.00000000000506      -0.89662340958158515     
   508.80000000000507      -0.32212861211529631     
   509.60000000000508       0.30522800584091603     
   510.40000000000509       0.89759312926041979     
   511.20000000000510        1.2894712606641423     
   512.00000000000512        1.2916603825059871     
   512.80000000000507       0.91768968766325254     
   513.60000000000502       0.34764495443322585     
   514.40000000000498      -0.27914850554190895     
   515.20000000000493      -0.87546536754720172     
   516.00000000000489       -1.2800786630622820     
   516.80000000000484       -1.3000351931237262     
   517.60000000000480      -0.93842906311557794     
   518.40000000000475      -0.37307421605533908     
   519.20000000000471       0.25303095623798599     
   520.00000000000466       0.85301789007477113     
   520.80000000000462        1.2699868382325237     
   521.60000000000457        1.3077224103631349     
   522.40000000000452       0.95882736762437348     
   523.20000000000448       0.39841036805655738     
   524.00000000000443      -0.22688189387097057     
   524.80000000000439      -0.83026699535489701     
   525.60000000000434       -1.2592067553712833     
   526.40000000000430       -1.3147115175788799     
   527.20000000000425      -0.97887019482587712     
   528.00000000000421      -0.42364712253101477     
   528.80000000000416       0.20070755867047974     
   529.60000000000412       0.80722869164058941     
   530.40000000000407        1.2477501437755589     
   531.20000000000402        1.3209926805179188     
   532.00000000000398       0.99854292008918444     
   532.80000000000393       0.44877791172328030     
   533.60000000000389      -0.17451392074862826     
   534.40000000000384      -0.78391867165295137     
   535.20000000000380       -1.2356294525361260     
   536.00000000000375       -1.3265567874514019     
   536.80000000000371       -1.0178307216051927     
   537.60000000000366      -0.47379586834192444     
   538.40000000000362       0.14830670600807794     
   539.20000000000357       0.76035228916027009     
   540.00000000000352        1.2228578077916037     
   540.80000000000348        1.3313954874581506     
   541.60000000000343        1.0367186029422457     
   542.40000000000339       0.49869380730389712     
   543.20000000000334      -0.12209142215597102     
   544.00000000000330      -0.73654453744035309     
   544.80000000000325       -1.2094489678136546     
   545.60000000000321       -1.3355012265367983     
   546.40000000000316       -1.0551914171273276     
   547.20000000000312      -0.52346420914835368     
   548.00000000000307        9.5873384546867779E-002
   548.80000000000302       0.71251002954073717     
   549.60000000000298        1.1954172761406536     
   550.40000000000293        1.3388672812788560     
   551.20000000000289        1.0732338924234557     
   552.00000000000284       0.54809920542592205     
   552.80000000000280       -6.9657741611242052E-002
   553.60000000000275      -0.68826298034962130     
   554.40000000000271       -1.1807776130911438     
   555.20000000000266       -1.3414877898784927     
   556.00000000000261       -1.0908306599066011     
   556.80000000000257      -0.57259056623551496     
   557.60000000000252        4.3449499761163746E-002
   558.40000000000248       0.66381719054665067     
   559.20000000000243        1.1655453459656377     
   560.00000000000239        1.3433577802021812     
   560.80000000000234        1.1079662828943999     
   561.60000000000230       0.59692969006538088     
   562.40000000000225       -1.7253547653550250E-002
   563.20000000000221      -0.63918603246959449     
   564.00000000000216       -1.1497362782448306     
   564.80000000000211       -1.3444731946953929     
   565.60000000000207       -1.1246252883034620     
   566.40000000000202      -0.62110759606986665     
   567.20000000000198       -8.9253202352262972E-003
   568.00000000000193       0.61438243800970627     
   568.80000000000189        1.1333665981514010     
   569.60000000000184        1.3448309119275725     
   570.40000000000180        1.1407921999393036     
   571.20000000000175       0.64511491881005623     
   572.00000000000171        3.5082380687307180E-002
   572.80000000000166      -0.58941888866603132     
   573.60000000000161       -1.1164528269211060     
   574.40000000000157       -1.3444287645732560     
   575.20000000000152       -1.1564515736857475     
   576.00000000000148      -0.66894190545808740     
   576.80000000000143       -6.1212959425598568E-002
   577.60000000000139       0.56430740787868594     
   578.40000000000134        1.0990117671340007     
   579.20000000000130        1.3432655536783251     
   580.00000000000125        1.1715880345435921     
   580.80000000000121       0.69257841541469023     
   581.60000000000116        8.7312409294634907E-002
   582.40000000000111      -0.53905955579309783     
   583.20000000000107       -1.0810604514707158     
   584.00000000000102       -1.3413410590861368     
   584.80000000000098       -1.1861863154093952     
   585.60000000000093      -0.71601392222369364     
   586.40000000000089      -0.11337608880009808     
   587.20000000000084       0.51368642658984942     
   588.00000000000080        1.0626160922282033     
   588.80000000000075        1.3386560459210270     
   589.60000000000070        1.2002312974570757     
   590.40000000000066       0.73923751764657974     
   591.20000000000061       0.13939934086751204     
   592.00000000000057      -0.48819864848997840     
   592.80000000000052       -1.0436960319148740     
   593.60000000000048       -1.3352122670725057     
   594.40000000000043       -1.2137080519604737     
   595.20000000000039      -0.76223791772935279     
   596.00000000000034      -0.16537747166625660     
   596.80000000000030       0.46260638652931596     
   597.60000000000025        1.0243176952219608     
   598.40000000000020        1.3310124616521350     
   599.20000000000016        1.2266018833584482     
   600.00000000000011       0.78500347067226162     
   600.80000000000007       0.19130572935725088     
   601.60000000000002      -0.43691934814844491     
   602.39999999999998       -1.0044985426231903     
   603.19999999999993       -1.3260603494248140     
   603.99999999999989       -1.2388983733473176     
   604.79999999999984      -0.80752216631853857     
   605.59999999999980      -0.21717928265257569     
   606.39999999999975       0.41114679159748990     
   607.19999999999970       0.98425602581766203     
   607.99999999999966        1.3203606212523118     
   608.79999999999961        1.2505834257696165     
   609.59999999999957       0.82978164708341906     
   610.39999999999952       0.24299319910378514     
   611.19999999999948      -0.38529753710712322     
   611.99999999999943      -0.96360754518572467     
   612.79999999999939       -1.3139189256115091     
   613.59999999999934       -1.2616433120509323     
   614.39999999999930      -0.85176922016311840     
   615.19999999999925      -0.26874242308254725     
   615.99999999999920       0.35937998071666988     
   616.79999999999916       0.94257040937582048     
   617.59999999999911        1.3067418512747162     
   618.39999999999907        1.2720647169308295     
   619.19999999999902       0.87347187089650014     
   619.99999999999898       0.29442175346946109     
   620.79999999999893      -0.33340211059615454     
   621.59999999999889      -0.92116179709626089     
   622.39999999999884       -1.2988369062643415     
   623.19999999999879       -1.2818347842270248     
   623.99999999999875      -0.89487627718484164     
   624.79999999999870      -0.32002582111759448     
   625.59999999999866       0.30737152564854697     
   626.39999999999861       0.89939872114116381     
   627.19999999999857        1.2902124932115779     
   627.99999999999852        1.2909411623659248     
   628.79999999999848       0.91596882491550879     
   629.59999999999843       0.34554906621355186     
   630.39999999999839      -0.28129545613016393     
   631.19999999999834      -0.87729799463935521     
   631.99999999999829       -1.2808778812668533     
   632.79999999999825       -1.2993720494116259     
   633.59999999999820      -0.93673562437826430     
   634.39999999999816      -0.37098571570979266     
   635.19999999999811       0.25518078599126881     
   635.99999999999807       0.85487619948546367     
   636.79999999999802        1.2708431747269611     
   637.59999999999798        1.3071162373225755     
   638.39999999999793       0.95716252770132026     
   639.19999999999789       0.39632976104566908     
   639.99999999999784      -0.22903407661318920     
   640.79999999999779      -0.83214965688937559     
   641.59999999999775       -1.2601192785582265     
   642.39999999999770       -1.3141631551631265     
   643.19999999999766      -0.97723514737111028     
   643.99999999999761      -0.42157493641169164     
   644.79999999999757       0.20286159160391970     
   645.59999999999752       0.80913439996769054     
   646.39999999999748        1.2487178610116376     
   647.19999999999743        1.3205029109968847     
   647.99999999999739       0.99693887592963903     
   648.79999999999734       0.44671469783592366     
   649.59999999999729      -0.17666932231502785     
   650.39999999999725      -0.78584614830004962     
   651.19999999999720       -1.2366513135425823     
   651.99999999999716       -1.3261263321875449     
   652.79999999999711       -1.0162589069644341     
   653.59999999999707      -0.47174220338358452     
   654.39999999999702       0.15046301375611049     
   655.19999999999698       0.76230028438083297     
   655.99999999999693        1.2239327082652456     
   656.79999999999688        1.3310250038336142     
   657.59999999999684        1.0351802575188884     
   658.39999999999679       0.49665029476008693     
   659.19999999999675      -0.12424819060899384     
   659.99999999999670      -0.73851183191421865     
   660.79999999999666       -1.2105757531910264     
   661.59999999999661       -1.3351913050657902     
   662.39999999999657       -1.0536877920536687     
   663.19999999999652      -0.52143148059378763     
   663.99999999999648        9.8030183081691979E-002
   664.79999999999643       0.71449543592547171     
   665.59999999999638        1.1965947455208130     
   666.39999999999634        1.3386184429406964     
   667.19999999999629        1.0717662480825458     
   667.99999999999625       0.54607792164708446     
   668.79999999999620       -7.1814152389472752E-002
   669.59999999999616      -0.69026534469162704     
   670.39999999999611       -1.1820045232814647     
   671.19999999999607       -1.3413004836719717     
   671.99999999999602       -1.0894002635893076     
   672.79999999999598      -0.57058141816688523     
   673.59999999999593        4.5605115703820975E-002
   674.39999999999588       0.66583539352688781     
   675.19999999999584        1.1668204156165949     
   675.99999999999579        1.3432323809513009     
   676.79999999999575        1.1065744063085943     
   677.59999999999570       0.59493339953860125     
   678.39999999999566       -1.9407970467510416E-002
   679.19999999999561      -0.64121899049051079     
   679.99999999999557       -1.1510581920601983     
   680.79999999999552       -1.3444100011275033     
   681.59999999999548       -1.1232732049222722     
   682.39999999999543      -0.61912491635462086     
   683.19999999999538       -6.7724819682034587E-003
   683.99999999999534       0.61642910411416285     
   684.79999999999529        1.1347340111362714     
   685.59999999999525        1.3448301450312963     
   686.39999999999520        1.1394811821878059     
   687.19999999999516       0.64314663495229607     
   687.99999999999511        3.2931513373236410E-002
   688.79999999999507      -0.59147825326902903     
   689.59999999999502       -1.1178643686378775     
   690.39999999999498       -1.3444905662574256     
   691.19999999999493       -1.1551828899769603     
   691.99999999999488      -0.66698883441987533     
   692.79999999999484       -5.9064446274921467E-002
   693.59999999999479       0.56637849930860495     
   694.39999999999475        1.1004660459431352     
   695.19999999999470        1.3433899857430696     
   695.99999999999466        1.1703629461640666     
   696.79999999999461       0.69064140601596502     
   697.59999999999457        8.5166632100060258E-002
   698.39999999999452      -0.54114144062837755     
   699.19999999999447       -1.0825560587220313     
   699.99999999999443       -1.3415281025118810     
   700.79999999999438       -1.1850060732655998     
   701.59999999999434      -0.71409385490102095     
   702.39999999999429      -0.11123342969249661     
   703.19999999999425       0.51577820977788813     
   703.99999999999420        1.0641516063766376     
   704.79999999999416        1.3389056004856714     
   705.59999999999411        1.1990971386974261     
   706.39999999999407       0.73733530404111414     
   707.19999999999402       0.13726018405906604     
   707.99999999999397      -0.49029947324362255     
   708.79999999999393       -1.0452700225373470     
   709.59999999999388       -1.3355241512993521     
   710.39999999999384       -1.2126211964848390     
   711.19999999999379      -0.76035450011640471     
   711.99999999999375      -0.16324220519286115     
   712.79999999999370       0.46471543399299531     
   713.59999999999366        1.0259287269099280     
   714.39999999999361        1.3313864130885120     
   715.19999999999357        1.2255635302332522     
   715.99999999999352       0.78313982125044790     
   716.79999999999347       0.18917474683319790     
   717.59999999999343      -0.43903583683106684     
   718.39999999999338       -1.0061451787324875     
   719.19999999999334       -1.3264960252516409     
   719.99999999999329       -1.2379096971455155     
   720.79999999999325      -0.80567928637287722     
   721.59999999999320      -0.21505298504363712     
   722.39999999999316       0.41326997657603770     
   723.19999999999311       0.98593683206053839     
   723.99999999999307        1.3208575992196758     
   724.79999999999302        1.2496455728535030     
   725.59999999999297       0.82796056603538237     
   726.39999999999293       0.24087199652436708     
   727.19999999999288      -0.38742670900556819     
   727.99999999999284      -0.96532109305130875     
   728.79999999999279       -1.3144767052935680     
   729.59999999999275       -1.2607573968195476     
   730.39999999999270      -0.84997099452146929     
   731.19999999999266      -0.26662673661908842     
   731.99999999999261       0.36151446447135960     
   732.79999999999256       0.94431527937203197     
   733.59999999999252        1.3073598556369685     
   734.39999999999247        1.2712318180533699     
   735.19999999999243       0.87169758311725687     
   735.99999999999238       0.29231201702551746     
   736.79999999999234      -0.33554126402398621     
   737.59999999999229      -0.92293658180902682     
   738.39999999999225       -1.2995144835326156     
   739.19999999999220       -1.2810559408830786     
   739.99999999999216      -0.89312703444646779     
   740.79999999999211      -0.31792248327360373     
   741.59999999999206       0.30951473783660710     
   742.39999999999202       0.90120202810938688     
   743.19999999999197        1.2909489190313068     
   743.99999999999193        1.2902173705152049     
   744.79999999999188       0.91424575781287376     
   745.59999999999184       0.34345259208932255     
   746.39999999999179      -0.28344214567015369     
   747.19999999999175      -0.87912844904839249     
   747.99999999999170       -1.2816723611402763     
   748.79999999999166       -1.2987042581151795     
   749.59999999999161      -0.93503988553420525     
   750.39999999999156      -0.36889658881322229     
   751.19999999999152       0.25733039908454058     
   751.99999999999147       0.85673244668326576     
   752.79999999999143        1.2716948467136331     
   753.59999999999138        1.3065053451376158     
   754.39999999999134       0.95549529029239566     
   755.19999999999129       0.39424848508871491     
   755.99999999999125      -0.23118608507332261     
   756.79999999999120      -0.83403036473089576     
   757.59999999999116       -1.2610272162237284     
   758.39999999999111       -1.3136100066343614     
   759.19999999999106      -0.97559760356119196     
   759.99999999999102      -0.41950203707141831     
   760.79999999999097       0.20501549078508852     
   761.59999999999093       0.81103826099450027     
   762.39999999999088        1.2496810766078887     
   763.19999999999084        1.3200082932666033     
   763.99999999999079       0.99533223520238545     
   764.79999999999075       0.44465072443689813     
   765.59999999999070      -0.17882462899367157     
   766.39999999999065      -0.78777188176112511     
   767.19999999999061       -1.2376687614013693     
   767.99999999999056       -1.3256909717469760     
   768.79999999999052       -1.0146843943446571     
   769.59999999999047      -0.46968773047757895     
   770.39999999999043       0.15261926399150549     
   771.19999999999038       0.76424663809957638     
   771.99999999999034        1.2250032883853517     
   772.79999999999029        1.3306495634380653     
   773.59999999999025        1.0336391116721770     
   774.39999999999020       0.49460592357978128     
   775.19999999999015      -0.12640493760597238     
   775.99999999999011      -0.74047758400527730     
   776.79999999999006       -1.2116983149978164     
   777.59999999999002       -1.3348763808358197     
   778.39999999998997       -1.0521812632536143     
   779.19999999998993      -0.51939784035832703     
   779.99999999998988       0.10018699507528517     
   780.79999999998984       0.71647939636237223     
   781.59999999998979        1.1977680917751574     
   782.39999999998975        1.3383645616708932     
   783.19999999998970        1.0702955960359239     
   783.99999999998965       0.54405567070063021     
   784.79999999998961       -7.3970610566907791E-002
   785.59999999998956      -0.69226635672392933     
   786.39999999998952       -1.1832274141135650     
   787.19999999998947       -1.3411081003683911     
   787.99999999998943       -1.0879667551112759     
   788.79999999998938      -0.56857124493414601     
   789.59999999998934        4.7760812175104084E-002
   790.39999999998929       0.66785233494267715     
   791.19999999998925        1.1680915726583136     
   791.99999999998920        1.3431018766171912     
   792.79999999998915        1.1051793128420000     
   793.59999999998911       0.59293602328579265     
   794.39999999998906       -2.1562506290745298E-002
   795.19999999998902      -0.64325077471770464     
   795.99999999998897       -1.1523763026483844     
   796.79999999998893       -1.3443416808156823     
   797.59999999998888       -1.1219177998980963     
   798.39999999998884      -0.61714108774909315     
   799.19999999998879       -4.6194987060490522E-003
