   0.0000000000000000       -1.7219062627584178     
  0.80000000000000004      -0.42664892228100748     
   1.6000000000000001        1.1485256355095002     
   2.4000000000000004        1.6266366218214960     
   3.2000000000000002       0.50912704301454426     
   4.0000000000000000       -1.3414840868324760     
   4.7999999999999998       -2.3267569792037563     
   5.5999999999999996       -1.2286281701421626     
   6.3999999999999995        1.0088464508415664     
   7.1999999999999993        2.7727564203569068     
   7.9999999999999991        1.9809640085422029     
   8.7999999999999989      -0.22374720890174893     
   9.5999999999999996       -2.2847805429398180     
   10.400000000000000       -2.4961897937109319     
   11.200000000000001      -0.91160596300812546     
   12.000000000000002       0.86171919411851450     
   12.800000000000002        1.9044651336839127     
   13.600000000000003        1.6705042490711293     
   14.400000000000004       0.71133448562610258     
   15.200000000000005      -0.15192300060014907     
   16.000000000000004      -0.62934976419648714     
   16.800000000000004      -0.80596862416172010     
   17.600000000000005      -0.87686415622432257     
   18.400000000000006      -0.91832662804987664     
   19.200000000000006      -0.80541793963343378     
   20.000000000000007      -0.35512045042040935     
   20.800000000000008       0.47772687317383661     
   21.600000000000009        1.4251258858639109     
   22.400000000000009        1.7722183467849200     
   23.200000000000010        1.0855411625253311     
   24.000000000000011      -0.25849202174558861     
   24.800000000000011       -1.6749555698969831     
   25.600000000000012       -2.1618118720714006     
   26.400000000000013       -1.2500991853490069     
   27.200000000000014       0.25455841924102818     
   28.000000000000014        1.6376059786380266     
   28.800000000000015        2.0733063937736986     
   29.600000000000016        1.2821107342665723     
   30.400000000000016        4.2478880165158772E-002
   31.200000000000017       -1.0684978733277808     
   32.000000000000014       -1.6601405428978300     
   32.800000000000011       -1.4575402617866269     
   33.600000000000009      -0.73577078078021074     
   34.400000000000006       0.10527550076239822     
   35.200000000000003       0.88778002813378998     
   36.000000000000000        1.4241987491254631     
   36.799999999999997        1.4302212102145415     
   37.599999999999994       0.87713423166842297     
   38.399999999999991       -1.5160278551390904E-002
   39.199999999999989       -1.0238154925771745     
   39.999999999999986       -1.7246412265526412     
   40.799999999999983       -1.5659574648976333     
   41.599999999999980      -0.64786758761443930     
   42.399999999999977       0.57481448855819339     
   43.199999999999974        1.6537888593832855     
   43.999999999999972        1.8832191020027274     
   44.799999999999969        1.0979780862320907     
   45.599999999999966      -0.11764898266486190     
   46.399999999999963       -1.2880606602502738     
   47.199999999999960       -1.8651013458976471     
   47.999999999999957       -1.4499229681851924     
   48.799999999999955      -0.45072233282671748     
   49.599999999999952       0.64165619593128420     
   50.399999999999949        1.4956632676094910     
   51.199999999999946        1.6729709873589187     
   51.999999999999943        1.0972203801868177     
   52.799999999999940       0.15945515085193296     
   53.599999999999937      -0.83037853674040107     
   54.399999999999935       -1.5660757181922025     
   55.199999999999932       -1.6038661872694675     
   55.999999999999929      -0.92689687125640763     
   56.799999999999926        9.1439753542200464E-002
   57.599999999999923        1.1408969948750769     
   58.399999999999920        1.7662271706417847     
   59.199999999999918        1.5013254780379284     
   59.999999999999915       0.56819317933391889     
   60.799999999999912      -0.58230298941750258     
   61.599999999999909       -1.5661661064514607     
   62.399999999999906       -1.7981086554800498     
   63.199999999999903       -1.1233624302392287     
   63.999999999999901       -2.7205835266129075E-002
   64.799999999999898        1.0837138456460287     
   65.599999999999895        1.7627985986945278     
   66.399999999999892        1.5501369279209831     
   67.199999999999889       0.66810463102163187     
   67.999999999999886      -0.41626321511664366     
   68.799999999999883       -1.3768763239597852     
   69.599999999999881       -1.7433879619031034     
   70.399999999999878       -1.2696806018014402     
   71.199999999999875      -0.31366308236146345     
   71.999999999999872       0.74963309452374216     
   72.799999999999869        1.5814568109705585     
   73.599999999999866        1.6804994730249716     
   74.399999999999864       0.99508037047295983     
   75.199999999999861       -5.1831886643278535E-002
   75.999999999999858       -1.1178536301535857     
   76.799999999999855       -1.7586466762467210     
   77.599999999999852       -1.5176461785715953     
   78.399999999999849      -0.61318950997861577     
   79.199999999999847       0.50408749823072330     
   79.999999999999844        1.4809096175489009     
   80.799999999999841        1.7806661234802394     
   81.599999999999838        1.1961133099937682     
   82.399999999999835       0.15720970609898144     
   83.199999999999832      -0.94143063519417480     
   83.999999999999829       -1.6989014387189312     
   84.799999999999827       -1.6199311950735167     
   85.599999999999824      -0.81123052317889088     
   86.399999999999821       0.26649455721557291     
   87.199999999999818        1.2805159731203166     
   87.999999999999815        1.7637178445205239     
   88.799999999999812        1.3760887380936533     
   89.599999999999810       0.43321672848628279     
   90.399999999999807      -0.65531652149020159     
   91.199999999999804       -1.5472896744754945     
   91.999999999999801       -1.7241770086956496     
   92.799999999999798       -1.0759432031560445     
   93.599999999999795       -3.2711599421413773E-002
   94.399999999999793        1.0453548721587689     
   95.199999999999790        1.7352297497104114     
   95.999999999999787        1.5622826319437806     
   96.799999999999784       0.69849340296062801     
   97.599999999999781      -0.40175177307772136     
   98.399999999999778       -1.3978214179986321     
   99.199999999999775       -1.7802260557558043     
   99.999999999999773       -1.2777584033577005     
   100.79999999999977      -0.27621465608912965     
   101.59999999999977       0.82246337924697888     
   102.39999999999976        1.6436847061295734     
   103.19999999999976        1.6725209610748473     
   103.99999999999976       0.92509412553870485     
   104.79999999999976      -0.14282881242804213     
   105.59999999999975       -1.1884857098096031     
   106.39999999999975       -1.7608005567572538     
   107.19999999999975       -1.4573644931157221     
   107.99999999999974      -0.54259402417576419     
   108.79999999999974       0.55276882793153648     
   109.59999999999974        1.4904588505242837     
   110.39999999999974        1.7523235981094265     
   111.19999999999973        1.1611276971717581     
   111.99999999999973       0.13381494950334960     
   112.79999999999973      -0.95393614193477627     
   113.59999999999972       -1.7016005970403911     
   114.39999999999972       -1.6126022128480619     
   115.19999999999972      -0.79530671681930620     
   115.99999999999972       0.29271968382195701     
   116.79999999999971        1.3131497842091295     
   117.59999999999971        1.7790281565979145     
   118.39999999999971        1.3575464812066036     
   119.19999999999970       0.38908544453561833     
   119.99999999999970      -0.71107607132458195     
   120.79999999999970       -1.5861489017678778     
   121.59999999999970       -1.7130318932534065     
   122.39999999999969       -1.0262987719306889     
   123.19999999999969        2.7887100396649434E-002
   123.99999999999969        1.0945341509323701     
   124.79999999999968        1.7434598067094367     
   125.59999999999968        1.5264256093338175     
   126.39999999999968       0.64842186499587029     
   127.19999999999968      -0.44573572014320495     
   127.99999999999967       -1.4211203913094121     
   128.79999999999967       -1.7694670616259560     
   129.59999999999968       -1.2456384646190977     
   130.39999999999969      -0.24052915997660063     
   131.19999999999970       0.85426854392711693     
   131.99999999999972        1.6589131953214857     
   132.79999999999973        1.6598422910113153     
   133.59999999999974       0.89389497435478782     
   134.39999999999975      -0.18194554294146836     
   135.19999999999976       -1.2250433596281551     
   135.99999999999977       -1.7710815261888839     
   136.79999999999978       -1.4324760113431814     
   137.59999999999980      -0.49847855778782946     
   138.39999999999981       0.60146153218344156     
   139.19999999999982        1.5227742803013353     
   139.99999999999983        1.7433261545050389     
   140.79999999999984        1.1205931319736226     
   141.59999999999985        8.4035825265583952E-002
   142.39999999999986      -0.99718115901089321     
   143.19999999999987       -1.7148990160355728     
   143.99999999999989       -1.5869678498123290     
   144.79999999999990      -0.75203973285969017     
   145.59999999999991       0.33641133152926073     
   146.39999999999992        1.3434145531004085     
   147.19999999999993        1.7766625327778471     
   147.99999999999994        1.3269111906231852     
   148.79999999999995       0.34866948923977736     
   149.59999999999997      -0.75029209743927894     
   150.39999999999998       -1.6076593158792485     
   151.19999999999999       -1.7005578674985076     
   152.00000000000000      -0.99084461257377709     
   152.80000000000001        7.0861496324336803E-002
   153.60000000000002        1.1329506988318983     
   154.40000000000003        1.7544273349138590     
   155.20000000000005        1.5015244524027160     
   156.00000000000006       0.60546858650592550     
   156.80000000000007      -0.49173500138207626     
   157.60000000000008       -1.4527839073553750     
   158.40000000000009       -1.7639439084922446     
   159.20000000000010       -1.2097192549892197     
   160.00000000000011      -0.19465407571091964     
   160.80000000000013       0.89645912218774404     
   161.60000000000014        1.6764682163543074     
   162.40000000000015        1.6397283166096766     
   163.20000000000016       0.85337169088776965     
   164.00000000000017      -0.22599230879316934     
   164.80000000000018       -1.2592659144434859     
   165.60000000000019       -1.7741014409637397     
   166.40000000000020       -1.4035853351004499     
   167.20000000000022      -0.45656136675941639     
   168.00000000000023       0.64365718934971139     
   168.80000000000024        1.5483216547615808     
   169.60000000000025        1.7332488480096910     
   170.40000000000026        1.0847835616211137     
   171.20000000000027        4.0058560048221281E-002
   172.00000000000028       -1.0369515103357376     
   172.80000000000030       -1.7285168735543879     
   173.60000000000031       -1.5640910819915721     
   174.40000000000032      -0.71030058018525744     
   175.20000000000033       0.38147011859581659     
   176.00000000000034        1.3763652630475331     
   176.80000000000035        1.7749483680473392     
   177.60000000000036        1.2939782260566832     
   178.40000000000038       0.30435647966443580     
   179.20000000000039      -0.79281713803291320     
   180.00000000000040       -1.6289377972030921     
   180.80000000000041       -1.6845326854744238     
   181.60000000000042      -0.95200553064091875     
   182.40000000000043       0.11514274704293981     
   183.20000000000044        1.1697652943745558     
   184.00000000000045        1.7618219831767350     
   184.80000000000047        1.4748066590774378     
   185.60000000000048       0.56341610692492428     
   186.40000000000049      -0.53522710367581949     
   187.20000000000050       -1.4814638759960483     
   188.00000000000051       -1.7571482027356131     
   188.80000000000052       -1.1749827356192526     
   189.60000000000053      -0.15057824447564960     
   190.40000000000055       0.93740367807073022     
   191.20000000000056        1.6933464890324528     
   192.00000000000057        1.6196260285555912     
   192.80000000000058       0.81282571959203309     
   193.60000000000059      -0.27074040951322320     
   194.40000000000060       -1.2940249996734852     
   195.20000000000061       -1.7762805695217025     
   196.00000000000063       -1.3731554567423441     
   196.80000000000064      -0.41308776953721460     
   197.60000000000065       0.68679268145746386     
   198.40000000000066        1.5729369638300819     
   199.20000000000067        1.7209638250463855     
   200.00000000000068        1.0474675552419290     
   200.80000000000069       -4.2635104330683848E-003
   201.60000000000070       -1.0756794735133819     
   202.40000000000072       -1.7399012986854838     
   203.20000000000073       -1.5399057652405568     
   204.00000000000074      -0.66873088959899130     
   204.80000000000075       0.42557390021775998     
   205.60000000000076        1.4077113110909760     
   206.40000000000077        1.7718066799857524     
   207.20000000000078        1.2609077490568668     
   208.00000000000080       0.26050021162563208     
   208.80000000000081      -0.83478174338268740     
   209.60000000000082       -1.6491739414555280     
   210.40000000000083       -1.6675737585464512     
   211.20000000000084      -0.91271443215834991     
   212.00000000000085       0.15976160325088473     
   212.80000000000086        1.2063561258158502     
   213.60000000000088        1.7678995087726532     
   214.40000000000089        1.4468410211064739     
   215.20000000000090       0.52062783071818175     
   216.00000000000091      -0.57891520431990173     
   216.80000000000092       -1.5090927275711972     
   217.60000000000093       -1.7485880903630062     
   218.40000000000094       -1.1392845179045270     
   219.20000000000095      -0.10636747734051721     
   220.00000000000097       0.97764550391786287     
   220.80000000000098        1.7085107739336596     
   221.60000000000099        1.5982695591477580     
   222.40000000000100       0.77207467359942883     
   223.20000000000101      -0.31513630980211116     
   224.00000000000102       -1.3277146181824901     
   224.80000000000103       -1.7769524641324383     
   225.60000000000105       -1.3420728952229808     
   226.40000000000106      -0.36960938744395400     
   227.20000000000107       0.72960297231460791     
   228.00000000000108        1.5964189813798155     
   228.80000000000109        1.7073934421176595     
   229.60000000000110        1.0095572025188038     
   230.40000000000111       -4.8767373065880193E-002
   231.20000000000113       -1.1139573044557511     
   232.00000000000114       -1.7498365618610641     
   232.80000000000115       -1.5145370863965284     
   233.60000000000116      -0.62667689178764885     
   234.40000000000117       0.46967315680261890     
   235.20000000000118        1.4380579250728642     
   236.00000000000119        1.7670369127542751     
   236.80000000000121        1.2269914146468048     
   237.60000000000122       0.21652025477907100     
   238.40000000000123      -0.87624860497613333     
   239.20000000000124       -1.6679345210073113     
   240.00000000000125       -1.6493035894894224     
   240.80000000000126      -0.87301800363372495     
   241.60000000000127       0.20426994914385799     
   242.40000000000128        1.2421192900570552     
   243.20000000000130        1.7724421145192677     
   244.00000000000131        1.4179889562530039     
   244.80000000000132       0.47765451611869525     
   245.60000000000133      -0.62238704121778532     
   246.40000000000134       -1.5356156592079748     
   247.20000000000135       -1.7385932020264567     
   248.00000000000136       -1.1029132965004340     
   248.80000000000138       -6.2023902732306624E-002
   249.60000000000139        1.0174115589103327     
   250.40000000000140        1.7222198098723243     
   251.20000000000141        1.5756970519547719     
   252.00000000000142       0.73088156674020965     
   252.80000000000143      -0.35949963448779909     
   253.60000000000144       -1.3604997295394723     
   254.40000000000146       -1.7760359816042184     
   255.20000000000147       -1.3101236314084037     
   256.00000000000148      -0.32596944932085647     
   256.80000000000149       0.77205144773669354     
   257.60000000000150        1.6185724854409527     
   258.40000000000151        1.6924369205517613     
   259.20000000000152       0.97111749865659569     
   260.00000000000153       -9.3267328200075661E-002
   260.80000000000155       -1.1515479197464442     
   261.60000000000156       -1.7582435089705952     
   262.40000000000157       -1.4881423796539186     
   263.20000000000158      -0.58434158599542596     
   264.00000000000159       0.51362842593451186     
   264.80000000000160        1.4673750598088779     
   265.60000000000161        1.7607594533866056     
   266.40000000000163        1.1923323593490673     
   267.20000000000164       0.17240609112580896     
   268.00000000000165      -0.91728759040028685     
   268.80000000000166       -1.6852877567143043     
   269.60000000000167       -1.6297487581273828     
   270.40000000000168      -0.83284583857557426     
   271.20000000000169       0.24876687139868492     
   272.00000000000171        1.2770786735567503     
   272.80000000000172        1.7754130839187008     
   273.60000000000173        1.3882041902590456     
   274.40000000000174       0.43446864685428566     
   275.20000000000175      -0.66559800651203205     
   276.00000000000176       -1.5609302888071106     
   276.80000000000177       -1.7271452571126671     
   277.60000000000178       -1.0659201751969296     
   278.40000000000180       -1.7626727368103001E-002
   279.20000000000181        1.0565962866223970     
   280.00000000000182        1.7344330447100078     
   280.80000000000183        1.5519892216293774     
   281.60000000000184       0.68933217030079330     
   282.40000000000185      -0.40377690678600553     
   283.20000000000186       -1.3923495572374718     
   284.00000000000188       -1.7735748947774037     
   284.80000000000189       -1.2773587359649508     
   285.60000000000190      -0.28216922844703607     
   286.40000000000191       0.81414482326099913     
   287.20000000000192        1.6393950975398970     
   288.00000000000193        1.6761196090342703     
   288.80000000000194       0.93214159229646976     
   289.60000000000196      -0.13778761928785310     
   290.40000000000197       -1.1884320985872401     
   291.20000000000198       -1.7650987450113504     
   292.00000000000199       -1.4607319486107335     
   292.80000000000200      -0.54173644498983364     
   293.60000000000201       0.55740359260517014     
   294.40000000000202        1.4955967390865736     
   295.20000000000203        1.7529772442882923     
   296.00000000000205        1.1569708183097474     
   296.80000000000206       0.12819651903637941     
   297.60000000000207      -0.95783953448226211     
   298.40000000000208       -1.7011999141443765     
   299.20000000000209       -1.6089606201519835     
   300.00000000000210      -0.79224541149621541     
   300.80000000000211       0.29322632518585423     
   301.60000000000213        1.3112006315420073     
   302.40000000000214        1.7768252890267440     
   303.20000000000215        1.3575251412088747     
   304.00000000000216       0.39108232850382363     
   304.80000000000217      -0.70853187220769298     
   305.60000000000218       -1.5850075725639412     
   306.40000000000219       -1.7142667182987350     
   307.20000000000221       -1.0283216450635608     
   308.00000000000222        2.6823241540551379E-002
   308.80000000000223        1.0951680505617969     
   309.60000000000224        1.7451276612132465     
   310.40000000000225        1.5271751388933170     
   311.20000000000226       0.64745012582562322     
   312.00000000000227      -0.44794060714988027     
   312.80000000000229       -1.4232132153820383     
   313.60000000000230       -1.7695742477233756     
   314.40000000000231       -1.2438136745452251     
   315.20000000000232      -0.23823388722346306     
   316.00000000000233       0.85584071865297284     
   316.80000000000234        1.6588507754535564     
   317.60000000000235        1.6584795220435322     
   318.40000000000236       0.89266464858242645     
   319.20000000000238      -0.18231142611566720     
   320.00000000000239       -1.2245748131850984     
   320.80000000000240       -1.7703997737754702     
   321.60000000000241       -1.4323425071368594     
   322.40000000000242      -0.49888079041444722     
   323.20000000000243       0.60097609895913195     
   324.00000000000244        1.5226842014329178     
   324.80000000000246        1.7437077093244606     
   325.60000000000247        1.1209319020640232     
   326.40000000000248        8.3901382480878528E-002
   327.20000000000249      -0.99786960183693774     
   328.00000000000250       -1.7156437665330968     
   328.80000000000251       -1.5869733751913124     
   329.60000000000252      -0.75124451184212293     
   330.40000000000254       0.33762716339317711     
   331.20000000000255        1.3444414448291588     
   332.00000000000256        1.7766799382031697     
   332.80000000000257        1.3259864278266162     
   333.60000000000258       0.34751754047213890     
   334.40000000000259      -0.75115356648454013     
   335.20000000000260       -1.6078077733908671     
   336.00000000000261       -1.6999869526680129     
   336.80000000000263      -0.99014883157834477     
   337.60000000000264        7.1312254581760492E-002
   338.40000000000265        1.1330913623724719     
   339.20000000000266        1.7542908312265784     
   340.00000000000267        1.5012920994501986     
   340.80000000000268       0.60525943401847404     
   341.60000000000269      -0.49196841934382363     
   342.40000000000271       -1.4530493205139798     
   343.20000000000272       -1.7640454014435609     
   344.00000000000273       -1.2095173850764565     
   344.80000000000274      -0.19417764959160499     
   345.60000000000275       0.89710414559702412     
   346.40000000000276        1.6769065514970054     
   347.20000000000277        1.6395501064800755     
   348.00000000000279       0.85271585018623119     
   348.80000000000280      -0.22682194907280973     
   349.60000000000281       -1.2599362870160467     
   350.40000000000282       -1.7741419238931906     
   351.20000000000283       -1.4030096587038829     
   352.00000000000284      -0.45579733339022432     
   352.80000000000285       0.64431562316307067     
   353.60000000000286        1.5485952285309250     
   354.40000000000288        1.7329727151008685     
   355.20000000000289        1.0842455403804665     
   356.00000000000290        3.9534070461427762E-002
   356.80000000000291       -1.0373421702759722     
   357.60000000000292       -1.7285977857865018     
   358.40000000000293       -1.5638242954514407     
   359.20000000000294      -0.70987013353648554     
   360.00000000000296       0.38194962222096229     
   360.80000000000297        1.3767602301076676     
   361.60000000000298        1.7749820187889991     
   362.40000000000299        1.2936195973496147     
   363.20000000000300       0.30379172316327552     
   364.00000000000301      -0.79342953970600349     
   364.80000000000302       -1.6292928242706348     
   365.60000000000304       -1.6843354706716642     
   366.40000000000305      -0.95143116696601515     
   367.20000000000306       0.11582606375410354     
   368.00000000000307        1.1703286396106047     
   368.80000000000308        1.7619109907224122     
   369.60000000000309        1.4743770409346169     
   370.40000000000310       0.56278483825672998     
   371.20000000000312      -0.53583425233700099     
   372.00000000000313       -1.4818150088624384     
   372.80000000000314       -1.7570030944764068     
   373.60000000000315       -1.1745000162530848     
   374.40000000000316      -0.15001511556400215     
   375.20000000000317       0.93789975995281605     
   376.00000000000318        1.6935331691353923     
   376.80000000000319        1.6193668886980861     
   377.60000000000321       0.81232384642645217     
   378.40000000000322      -0.27130237660600853     
   379.20000000000323       -1.2944772749032365     
   380.00000000000324       -1.7763236150171695     
   380.80000000000325       -1.3727673303510668     
   381.60000000000326      -0.41250648602059592     
   382.40000000000327       0.68739126395546524     
   383.20000000000329        1.5732883332541538     
   384.00000000000330        1.7207960220188854     
   384.80000000000331        1.0469411219571210     
   385.60000000000332       -4.8920111489312301E-003
   386.40000000000333       -1.0762207274259665     
   387.20000000000334       -1.7400429122008885     
   388.00000000000335       -1.5395508977233019     
   388.80000000000337      -0.66814916293136806     
   389.60000000000338       0.42617166742533574     
   390.40000000000339        1.4081150490531753     
   391.20000000000340        1.7717394353272238     
   392.00000000000341        1.2604560219825403     
   392.80000000000342       0.25992162594827639     
   393.60000000000343      -0.83532556000984948     
   394.40000000000344       -1.6494270810985712     
   395.20000000000346       -1.6673440444604473     
   396.00000000000347      -0.91219790353439523     
   396.80000000000348       0.16035019970284714     
   397.60000000000349        1.2068422389542726     
   398.40000000000350        1.7679796108181185     
   399.20000000000351        1.4464659735333785     
   400.00000000000352       0.52004961649028691     
   400.80000000000354      -0.57951069508388520     
   401.60000000000355       -1.5094673868421791     
   402.40000000000356       -1.7484645256005571     
   403.20000000000357       -1.1387912688712005     
   404.00000000000358      -0.10576036315114035     
   404.80000000000359       0.97819167008632069     
   405.60000000000360        1.7087040278143166     
   406.40000000000362        1.5979663896207379     
   407.20000000000363       0.77151711088169206     
   408.00000000000364      -0.31573436197163618     
   408.80000000000365       -1.3281576370652106     
   409.60000000000366       -1.7769460654372404     
   410.40000000000367       -1.3416487798239829     
   411.20000000000368      -0.36902762805370160     
   412.00000000000369       0.73017099577000988     
   412.80000000000371        1.5967233684328646     
   413.60000000000372        1.7072039675711277     
   414.40000000000373        1.0090479561435730     
   415.20000000000374       -4.9363540780530402E-002
   416.00000000000375       -1.1144686528616208     
   416.80000000000376       -1.7499631868211454     
   417.60000000000377       -1.5141904642889248     
   418.40000000000379      -0.62610747262838862     
   419.20000000000380       0.47026976319900426     
   420.00000000000381        1.4384633967167442     
   420.80000000000382        1.7669626783145165     
   421.60000000000383        1.2265264250064938     
   422.40000000000384       0.21592311713156742     
   423.20000000000385      -0.87680668664479056     
   424.00000000000387       -1.6681771546484618     
   424.80000000000388       -1.6490462110978386     
   425.60000000000389      -0.87247827500916819     
   426.40000000000390       0.20486924721759170     
   427.20000000000391        1.2425938748367653     
   428.00000000000392        1.7724910583672280     
   428.80000000000393        1.4175942200611873     
   429.60000000000394       0.47707595153077142     
   430.40000000000396      -0.62296890041283381     
   431.20000000000397       -1.5359639638264748     
   432.00000000000398       -1.7384496090324877     
   432.80000000000399       -1.1024206056833203     
   433.60000000000400       -6.1426957987048558E-002
   434.40000000000401        1.0179438142410719     
   435.20000000000402        1.7223955228608516     
   436.00000000000404        1.5753857030141361     
   436.80000000000405       0.73032351346965474     
   437.60000000000406      -0.36009817068446115     
   438.40000000000407       -1.3609364377785611     
   439.20000000000408       -1.7760131325342949     
   440.00000000000409       -1.3096864435719426     
   440.80000000000410      -0.32537907735004634     
   441.60000000000412       0.77262172484754987     
   442.40000000000413        1.6188617033306558     
   443.20000000000414        1.6922252425302078     
   444.00000000000415       0.97059539739061862     
   444.80000000000416       -9.3866861516287092E-002
   445.60000000000417       -1.1520489783307513     
   446.40000000000418       -1.7583457009044665     
   447.20000000000420       -1.4877799334815818     
   448.00000000000421      -0.58376995351188787     
   448.80000000000422       0.51421882042445288     
   449.60000000000423        1.4677624578042658     
   450.40000000000424        1.7606649337277052     
   451.20000000000425        1.1918610110698655     
   452.00000000000426       0.17181121338268146     
   452.80000000000427      -0.91783753756651865     
   453.60000000000429       -1.6855122364714887     
   454.40000000000430       -1.6294769291032281     
   455.20000000000431      -0.83230128886603638     
   456.00000000000432       0.24936673935104370     
   456.80000000000433        1.2775445478049670     
   457.60000000000434        1.7754424744463255     
   458.40000000000435        1.3877962885529329     
   459.20000000000437       0.43388490957714776     
   460.00000000000438      -0.66617863270576527     
   460.80000000000439       -1.5612629169613319     
   461.60000000000440       -1.7269809104447580     
   462.40000000000441       -1.0654173932037816     
   463.20000000000442       -1.7028217639314835E-002
   464.00000000000443        1.0571199281595367     
   464.80000000000445        1.7345871144529457     
   465.60000000000446        1.5516622205348982     
   466.40000000000447       0.68877021708074593     
   467.20000000000448      -0.40437258902018303     
   468.00000000000449       -1.3927720311217744     
   468.80000000000450       -1.7735313326124253     
   469.60000000000451       -1.2769119970712506     
   470.40000000000452      -0.28157810585001553     
   471.20000000000454       0.81470949873368737     
   472.00000000000455        1.6396665826863359     
   472.80000000000456        1.6758906688159037     
   473.60000000000457       0.93161279337007641     
   474.40000000000458      -0.13838777473785835     
   475.20000000000459       -1.1889242855700854     
   476.00000000000460       -1.7651805149481266     
   476.80000000000462       -1.4603556947779808     
   477.60000000000463      -0.54116044653314044     
   478.40000000000464       0.55799219615870521     
   479.20000000000465        1.4959693268543921     
   480.00000000000466        1.7528620919350830     
   480.80000000000467        1.1564896039235675     
   481.60000000000468       0.12760023204913118     
   482.40000000000470      -0.95838239841487782     
   483.20000000000471       -1.7014043046264380     
   484.00000000000472       -1.6086722650967231     
   484.80000000000473      -0.79169560459812227     
   485.60000000000474       0.29382499622397540     
   486.40000000000475        1.3116544938131336     
   487.20000000000476        1.7768337241731096     
   488.00000000000477        1.3571058418482524     
   488.80000000000479       0.39049643302476533     
   489.60000000000480      -0.70910840244788198     
   490.40000000000481       -1.5853234431736094     
   491.20000000000482       -1.7140835556394320     
   492.00000000000483       -1.0278109653848413     
   492.80000000000484        2.7422577148787486E-002
   493.60000000000485        1.0956835172104225     
   494.40000000000487        1.7452613412112847     
   495.20000000000488        1.5268333364015951     
   496.00000000000489       0.64688355190695468     
   496.80000000000490      -0.44853486177733570     
   497.60000000000491       -1.4236221678432459     
   498.40000000000492       -1.7695098452070690     
   499.20000000000493       -1.2433564467615721     
   500.00000000000495      -0.23764101275462202     
   500.80000000000496       0.85639967304787468     
   501.60000000000497        1.6591034380599678     
   502.40000000000498        1.6582329501531881     
   503.20000000000499       0.89212942931111072     
   504.00000000000500      -0.18291132057418913     
   504.80000000000501       -1.2250565980702603     
   505.60000000000502       -1.7704605863717962     
   506.40000000000504       -1.4319534469445878     
   507.20000000000505      -0.49830169322587281     
   508.00000000000506       0.60156174602635715     
   508.80000000000507        1.5230412940769731     
   509.60000000000508        1.7435727448735463     
   510.40000000000509        1.1204417637876747     
   511.20000000000510        8.3303947671523826E-002
   512.00000000000512      -0.99840530830775753     
   512.80000000000507       -1.7158282721202525     
   513.60000000000502       -1.5866690582992387     
   514.40000000000498      -0.75068938977293020     
   515.20000000000493       0.33822499083415225     
   516.00000000000489        1.3448831627362190     
   516.80000000000484        1.7766673540932720     
   517.60000000000480        1.3255557095292185     
   518.40000000000475       0.34692936370984306     
   519.20000000000471      -0.75172560962006807     
   520.00000000000466       -1.6081061094189830     
   520.80000000000462       -1.6997850985274856     
   521.60000000000457      -0.98963066529126964     
   522.40000000000452        7.1911952060002005E-002
   523.20000000000448        1.1335977908003565     
   524.00000000000443        1.7544038002475262     
   524.80000000000439        1.5009361931642313     
   525.60000000000434       0.60468890738090186     
   526.40000000000430      -0.49256066843709689     
   527.20000000000425       -1.4534441655264931     
   528.00000000000421       -1.7639605288558919     
   528.80000000000416       -1.2090502351850048     
   529.60000000000412      -0.19358321277384039     
   530.40000000000407       0.89765707330722955     
   531.20000000000402        1.6771401614131269     
   532.00000000000398        1.6392863793383794     
   532.80000000000393       0.85217443379486435     
   533.60000000000389      -0.22742157559773235     
   534.40000000000384       -1.2604072766661196     
   535.20000000000380       -1.7741816922659923     
   536.00000000000375       -1.4026081045044720     
   536.80000000000371      -0.45521531344616217     
   537.60000000000366       0.64489790117235379     
   538.40000000000362        1.5489361610862451     
   539.20000000000357        1.7328181589175629     
   540.00000000000352        1.0837468974250837     
   540.80000000000348        3.8935777890723777E-002
   541.60000000000343       -1.0378701019167504     
   542.40000000000339       -1.7287620834471880     
   543.20000000000334       -1.5635045942737018     
   544.00000000000330      -0.70931017395715457     
   544.80000000000325       0.38254624928392267     
   545.60000000000321        1.3771892508366890     
   546.40000000000316        1.7749485706242001     
   547.20000000000312        1.2931779318908756     
   548.00000000000307       0.30320147984312862     
   548.80000000000302      -0.79399670629067010     
   549.60000000000298       -1.6295731953014916     
   550.40000000000293       -1.6841153372509463     
   551.20000000000289      -0.95090584698223624     
   552.00000000000284       0.11642600478280030     
   552.80000000000280        1.1708255657544391     
   553.60000000000275        1.7620030949507404     
   554.40000000000271        1.4740074712120013     
   555.20000000000266       0.56221065050239050     
   556.00000000000261      -0.53642412666502581     
   556.80000000000257       -1.4821951287920141     
   557.60000000000252       -1.7568979390976232     
   558.40000000000248       -1.1740233599311587     
   559.20000000000243      -0.14941935143965335     
   560.00000000000239       0.93844613529031773     
   560.80000000000234        1.6937473346828202     
   561.60000000000230        1.6190865189362886     
   562.40000000000225       0.81177665575072067     
   563.20000000000221      -0.27190147722366631     
   564.00000000000216       -1.2949369407175191     
   564.80000000000211       -1.7763423610800961     
   565.60000000000207       -1.3723537477745353     
   566.40000000000202      -0.41192180134281486     
   567.20000000000198       0.68796977470140031     
   568.00000000000193        1.5736125782670660     
   568.80000000000189        1.7206222101292341     
   569.60000000000184        1.0464343469033695     
   570.40000000000180       -5.4910068087035135E-003
   571.20000000000175       -1.0767404039839712     
   572.00000000000171       -1.7401867585139965     
   572.80000000000166       -1.5392163000786601     
   573.60000000000161      -0.66758471323790425     
   574.40000000000157       0.42676678110212207     
   575.20000000000152        1.4085307881872942     
   576.00000000000148        1.7716852381518942     
   576.80000000000143        1.2600038336559827     
   577.60000000000139       0.25932955126290347     
   578.40000000000134      -0.83588736815852704     
   579.20000000000130       -1.6496890171773138     
   580.00000000000125       -1.6671060819644472     
   580.80000000000121      -0.91166583622578679     
   581.60000000000116       0.16095017774801978     
   582.40000000000111        1.2073291551722232     
   583.20000000000107        1.7680507637799110     
   584.00000000000102        1.4460832244625954     
   584.80000000000098       0.51947206895225784     
   585.60000000000093      -0.58009782512942976     
   586.40000000000089       -1.5098322136912810     
   587.20000000000084       -1.7483393366234583     
   588.00000000000080       -1.1383054963761703     
   588.80000000000075      -0.10516344942089950     
   589.60000000000070       0.97873101146581165     
   590.40000000000066        1.7088984075838578     
   591.20000000000061        1.5976698686382484     
   592.00000000000057       0.77096452397827986     
   592.80000000000052      -0.31633267718697278     
   593.60000000000048       -1.3286054269849061     
   594.40000000000043       -1.7769438207275794     
   595.20000000000039       -1.3412236139994804     
   596.00000000000034      -0.36844053814035005     
   596.80000000000030       0.73074529495550145     
   597.60000000000025        1.5970303933242653     
   598.40000000000020        1.7070112746461255     
   599.20000000000016        1.0085334480385455     
   600.00000000000011       -4.9963056997625932E-002
   600.80000000000007       -1.1149795805628848     
   601.60000000000002       -1.7500863907076647     
   602.39999999999998       -1.5138414714598194     
   603.19999999999993      -0.62553887278388909     
   603.99999999999989       0.47086303931585949     
   604.79999999999984        1.4388652815497740     
   605.59999999999980        1.7668878913087298     
   606.39999999999975        1.2260641211989256     
   607.19999999999970       0.21532941627983804     
   607.99999999999966      -0.87736266297174370     
   608.79999999999961       -1.6684202216524988     
   609.59999999999957       -1.6487908801540494     
   610.39999999999952      -0.87193985275260921     
   611.19999999999948       0.20546904641021313     
   611.99999999999943        1.2430702584384572     
   612.79999999999939        1.7725412022974387     
   613.59999999999934        1.4171987632510130     
   614.39999999999930       0.47649533751948048     
   615.19999999999925      -0.62355288610006476     
   615.99999999999920       -1.5363129285679364     
   616.79999999999916       -1.7383046742018970     
   617.59999999999911       -1.1019261143311272     
   618.39999999999907       -6.0829075483753048E-002
   619.19999999999902        1.0184756351761317     
   619.99999999999898        1.7225698206789133     
   620.79999999999893        1.5750735335280110     
   621.59999999999889       0.72976590048993717     
   622.39999999999884      -0.36069542590521497     
   623.19999999999879       -1.3613717960128509     
   623.99999999999875       -1.7759899669551968     
   624.79999999999870       -1.3092501252733202     
   625.59999999999866      -0.32478982099190679     
   626.39999999999861       0.77319136040679048     
   627.19999999999857        1.6191509990953670     
   627.99999999999852        1.6920140697129713     
   628.79999999999848       0.97007355185344069     
   629.59999999999843       -9.4466710504653939E-002
   630.39999999999839       -1.1525506554429694     
   631.19999999999834       -1.7584481085457204     
   631.99999999999829       -1.4874170402562223     
   632.79999999999825      -0.58319753257837781     
   633.59999999999820       0.51480990970767659     
   634.39999999999816        1.4681499101491760     
   635.19999999999811        1.7605697534223306     
   635.99999999999807        1.1913889962602877     
   636.79999999999802       0.17121608360519214     
   637.59999999999798      -0.91838720312430122     
   638.39999999999793       -1.6857360382564162     
   639.19999999999789       -1.6292047091191102     
   639.99999999999784      -0.83175690014418235     
   640.79999999999779       0.24996613028671100     
   641.59999999999775        1.2780098684120000     
   642.39999999999770        1.7754715894398800     
   643.19999999999766        1.3873885829393919     
   643.99999999999761       0.43330150503387277     
   644.79999999999757      -0.66675905773470479     
   645.59999999999752       -1.5615954619921721     
   646.39999999999748       -1.7268165513920901     
   647.19999999999743       -1.0649145784064342     
   647.99999999999739       -1.6429545286609448E-002
   648.79999999999734        1.0576437382493156     
   649.59999999999729        1.7347410744691774     
   650.39999999999725        1.5513349071931390     
   651.19999999999720       0.68820793886464748     
   651.99999999999716      -0.40496848779779582     
   652.79999999999711       -1.3931943920523131     
   653.59999999999707       -1.7734873522696508     
   654.39999999999702       -1.2764649484440291     
   655.19999999999698      -0.28098690894453049     
   655.99999999999693       0.81527400818030071     
   656.79999999999688        1.6399376684416278     
   657.59999999999684        1.6756614449037588     
   658.39999999999679       0.93108400549012438     
   659.19999999999675      -0.13898776059697537     
   659.99999999999670       -1.1894162043930769     
   660.79999999999666       -1.7652620123242078     
   661.59999999999661       -1.4599793869579454     
   662.39999999999657      -0.54058451827884968     
   663.19999999999652       0.55858072917491375     
   663.99999999999648        1.4963417691258845     
   664.79999999999643        1.7527467508768342     
   665.59999999999638        1.1560082779604279     
   666.39999999999634       0.12700386226786464     
   667.19999999999629      -0.95892527002075467     
   667.99999999999625       -1.7016084833230976     
   668.79999999999620       -1.6083836481591398     
   669.59999999999616      -0.79114563265528737     
   670.39999999999611       0.29442373167944857     
   671.19999999999607        1.3121082102257335     
   671.99999999999602        1.7768418268428445     
   672.79999999999598        1.3566863353215524     
   673.59999999999593       0.38991049907903408     
   674.39999999999588      -0.70968483460903253     
   675.19999999999584       -1.5856390272784917     
   675.99999999999579       -1.7139001278744281     
   676.79999999999575       -1.0273002223929117     
   677.59999999999570        2.8021859643979408E-002
   678.39999999999566        1.0961988228715944     
   679.19999999999561        1.7453947490844399     
   679.99999999999557        1.5264913818741817     
   680.79999999999552       0.64631695703402547     
   681.59999999999548      -0.44912908680163488     
   682.39999999999543       -1.4240309587196791     
   683.19999999999538       -1.7694451920302221     
   683.99999999999534       -1.2428990815332557     
   684.79999999999529      -0.23704808870284433     
   685.59999999999525       0.85695858554218662     
   686.39999999999520        1.6593558642086581     
   687.19999999999516        1.6579861274020040     
   687.99999999999511       0.89159409291961922     
   688.79999999999507      -0.18351123554978888     
   689.59999999999502       -1.2255382425527594     
   690.39999999999498       -1.7705210980203008     
   691.19999999999493       -1.4315642003935691     
   691.99999999999488      -0.49772255645965791     
   692.79999999999484       0.60214733360705153     
   693.59999999999479        1.5233981535174150     
   694.39999999999475        1.7434375119542171     
   695.19999999999470        1.1199515237127209     
   695.99999999999466        8.2706520602165101E-002
   696.79999999999461      -0.99894089994835422     
   697.59999999999457       -1.7160125102126624     
   698.39999999999452       -1.5863645445791612     
   699.19999999999447      -0.75013421013551307     
   699.99999999999443       0.33882280471873427     
   700.79999999999438        1.3453247232378542     
   701.59999999999434        1.7766544969364833     
   702.39999999999429        1.3251248389590207     
   703.19999999999425       0.34634114690689510     
   703.99999999999420      -0.75229760275554125     
   704.79999999999416       -1.6084042121643796     
   705.59999999999411       -1.6995829891483205     
   706.39999999999407      -0.98911238963644799     
   707.19999999999402        7.2511660725320004E-002
   707.99999999999397        1.1341040938323810     
   708.79999999999393        1.7545164825732402     
   709.59999999999388        1.5005800952253319     
   710.39999999999384       0.60411833114968883     
   711.19999999999379      -0.49315288128460188     
   711.99999999999375       -1.4538388091947749     
   712.79999999999370       -1.7638753810234493     
   713.59999999999366       -1.2085829602576468     
   714.39999999999361      -0.19298876374330765     
   715.19999999999357       0.89820991192286348     
   715.99999999999352        1.6773735131970486     
   716.79999999999347        1.6390224292592392     
   717.59999999999343       0.85163293979753385     
   718.39999999999338      -0.22802119770018969     
   719.19999999999334       -1.2608781212076003     
   719.99999999999329       -1.7742211802054253     
   720.79999999999325       -1.4022063840750185     
   721.59999999999320      -0.45463325180652725     
   722.39999999999316       0.64548013559597073     
   723.19999999999311        1.5492768740807643     
   723.99999999999307        1.7326633387235082     
   724.79999999999302        1.0832481388934880     
   725.59999999999297        3.8337472839997222E-002
   726.39999999999293       -1.0383979248876960     
   727.19999999999288       -1.7289261046909390     
   727.99999999999284       -1.5631846878236710     
   728.79999999999279      -0.70875015259545471     
   729.59999999999275       0.38314285547750737     
   730.39999999999270        1.3776180940418015     
   731.19999999999266        1.7749148419334269     
   731.99999999999261        1.2927361239450328     
   732.79999999999256       0.30261121271333136     
   733.59999999999252      -0.79456380264531101     
   734.39999999999247       -1.6298533216027418     
   735.19999999999243       -1.6838949621068264     
   735.99999999999238      -0.95038043415835183     
   736.79999999999234       0.11702594830287427     
   737.59999999999229        1.1713223619180124     
   738.39999999999225        1.7620949183704004     
   739.19999999999220        1.4736377201787687     
   739.99999999999216       0.56163641399615094     
   740.79999999999211      -0.53701396801541912     
   741.59999999999206       -1.4825750469364163     
   742.39999999999202       -1.7567925112231300     
   743.19999999999197       -1.1735465770580040     
   743.99999999999193      -0.14882357015854142     
   744.79999999999188       0.93899241866099037     
   745.59999999999184        1.6939612349299513     
   746.39999999999179        1.6188059278969931     
   747.19999999999175       0.81122939035323971     
   747.99999999999170      -0.27250056804621714     
   748.79999999999166       -1.2953964493508241     
   749.59999999999161       -1.7763608240082804     
   750.39999999999156       -1.3719400069278578     
   751.19999999999152      -0.41133708334744301     
   751.99999999999147       0.68854823134099408     
   752.79999999999143        1.5739365950048205     
   753.59999999999138        1.7204481417696527     
   754.39999999999134        1.0459274651739821     
   755.19999999999129       -6.0900109980963624E-003
   755.99999999999125       -1.0772599665038431     
   756.79999999999120       -1.7403303281833098     
   757.59999999999116       -1.5388815049136457     
   758.39999999999111      -0.66702020485469471     
   759.19999999999106       0.42736187270368742     
   759.99999999999102        1.4089463445819659     
   760.79999999999097        1.7716307620974097     
   761.59999999999093        1.2595515059826157     
   762.39999999999088       0.25873745322494979     
   763.19999999999084      -0.83644910068440037     
   763.99999999999079       -1.6499507014814248     
   764.79999999999075       -1.6668678822295599     
   765.59999999999070      -0.91113368089715074     
   766.39999999999065       0.16155015448781851     
   767.19999999999061        1.2078159326687663     
   767.99999999999056        1.7681216339560635     
   768.79999999999052        1.4457003013053038     
   769.59999999999047       0.51889447843099890     
   770.39999999999043      -0.58068491541893830     
   771.19999999999038       -1.5101968306710003     
   771.99999999999034       -1.7482138797437987     
   772.79999999999029       -1.1378196037903827     
   773.59999999999025      -0.10456652131696598     
   774.39999999999020       0.97927025494593267     
   775.19999999999015        1.7090925187293924     
   775.99999999999011        1.5973731333517167     
   776.79999999999006       0.77041186672602335     
   777.59999999999002      -0.31693098013636201     
   778.39999999998997       -1.3290530531243079     
   779.19999999998993       -1.7769412934554052     
   779.99999999998988       -1.3407982949507193     
   780.79999999998984      -0.36785341747164035     
   781.59999999998979       0.73131953423557450     
   782.39999999998975        1.5973371825195541     
   783.19999999998970        1.7068183299479995     
   783.99999999998965        1.0080188385213935     
   784.79999999998961       -5.0562578829618010E-002
   785.59999999998956       -1.1154903868598383     
   786.39999999998952       -1.7502093153009533     
   787.19999999998947       -1.5134922881394963     
   787.99999999998943      -0.62497021937661290     
   788.79999999998938       0.47145628831195840     
   789.59999999998934        1.4392669757912597     
   790.39999999998929        1.7668128281658015     
   791.19999999998925        1.2256016838615733     
   791.99999999998920       0.21473569483565824     
   792.79999999998915      -0.87791855752027681     
   793.59999999998911       -1.6686630316341182     
   794.39999999998906       -1.6485353183743465     
   795.19999999998902      -0.87140134746647258     
   795.99999999998897       0.20606884170332096     
   796.79999999998893        1.2435464965092080     
   797.59999999998888        1.7725910628687855     
   798.39999999998884        1.4168031383329376     
   799.19999999998879       0.47591468411511062     
