   0.0000000000000000      -0.30536332039129521     
  0.80000000000000004      -0.52729222115043828     
   1.6000000000000001      -0.87187711673222568     
   2.4000000000000004      -0.76695367290613570     
   3.2000000000000002       0.19294041414504615     
   4.0000000000000000        1.1492221761428456     
   4.7999999999999998       0.95071777980538830     
   5.5999999999999996       -4.1800729491778488E-002
   6.3999999999999995      -0.60747126342063884     
   7.1999999999999993      -0.49820423087898635     
   7.9999999999999991      -0.41027872030748480     
   8.7999999999999989      -0.45524888452062645     
   9.5999999999999996       -2.0909041811556617E-002
   10.400000000000000       0.79539329411929383     
   11.200000000000001       0.93876171579495438     
   12.000000000000002       0.10081574034533292     
   12.800000000000002      -0.66703905970350252     
   13.600000000000003      -0.57588246959736022     
   14.400000000000004      -0.16700730300889871     
   15.200000000000005      -0.13168946697667860     
   16.000000000000004      -0.10982163149133356     
   16.800000000000004       0.39527372760773388     
   17.600000000000005       0.80477005744818653     
   18.400000000000006       0.33639180503870414     
   19.200000000000006      -0.52220485528462313     
   20.000000000000007      -0.68440298486048756     
   20.800000000000008      -0.15884672963732638     
   21.600000000000009       0.12177664389026549     
   22.400000000000009       -2.9822340833831701E-002
   23.200000000000010        8.0750894313975530E-002
   24.000000000000011       0.53312182558709698     
   24.800000000000011       0.49601229817745801     
   25.600000000000012      -0.23526966793054832     
   26.400000000000013      -0.70314093846987191     
   27.200000000000014      -0.31173020720320299     
   28.000000000000014       0.21821723458346753     
   28.800000000000015       0.15829225236562000     
   29.600000000000016       -5.3806949383607111E-002
   30.400000000000016       0.20415885175261231     
   31.200000000000017       0.48278119255616336     
   32.000000000000014        8.0100076624933125E-002
   32.800000000000011      -0.56266148010017569     
   33.600000000000009      -0.49445785613975579     
   34.400000000000006       0.12846371562318737     
   35.200000000000003       0.33610739616264418     
   36.000000000000000        7.1779588513293247E-003
   36.799999999999997       -5.8980434478438884E-002
   37.599999999999994       0.29796694283772635     
   38.399999999999991       0.29527861278347189     
   39.199999999999989      -0.28690608189988709     
   39.999999999999986      -0.57568977362752816     
   40.799999999999983       -9.2986195309212205E-002
   41.599999999999980       0.39041978161842217     
   42.399999999999977       0.19206979959962439     
   43.199999999999974      -0.15698914407579961     
   43.999999999999972        3.0161629419205527E-002
   44.799999999999969       0.32649633085249968     
   45.599999999999966        2.2832434915802891E-002
   46.399999999999963      -0.48505472854738951     
   47.199999999999960      -0.32941231549237371     
   47.999999999999957       0.27381028519797923     
   48.799999999999955       0.37522296769216568     
   49.599999999999952       -6.7821523803336559E-002
   50.399999999999949      -0.19125494051548037     
   51.199999999999946       0.17715890078633129     
   51.999999999999943       0.24047522622035322     
   52.799999999999940      -0.24543780082521877     
   53.599999999999937      -0.45613392551494325     
   54.399999999999935        3.0049000653214808E-002
   55.199999999999932       0.43754335024571972     
   55.999999999999929       0.14130015106982169     
   56.799999999999926      -0.26058313552626516     
   57.599999999999923       -6.4808887944516558E-002
   58.399999999999920       0.27952626470958242     
   59.199999999999918        4.2085560975371417E-002
   59.999999999999915      -0.40347924138690888     
   60.799999999999912      -0.22908597577499140     
   61.599999999999909       0.32693596367298444     
   62.399999999999906       0.34670646375574377     
   63.199999999999903      -0.14972254741704766     
   63.999999999999901      -0.26945235323351735     
   64.799999999999898       0.13861316342428409     
   65.599999999999895       0.24923655042392309     
   66.399999999999892      -0.19253212536859163     
   67.199999999999889      -0.37960261717232224     
   67.999999999999886        8.3996017068374118E-002
   68.799999999999883       0.42893167246199593     
   69.599999999999881        7.8606569614684707E-002
   70.399999999999878      -0.32819506583101316     
   71.199999999999875       -9.8047840697437938E-002
   71.999999999999872       0.28504630047766599     
   72.799999999999869        7.6774765284722213E-002
   73.599999999999866      -0.34940538749798572     
   74.399999999999864      -0.18060940380268320     
   75.199999999999861       0.33390481659208315     
   75.999999999999858       0.30302512745416160     
   76.799999999999855      -0.20893911617721966     
   77.599999999999852      -0.30162705488383268     
   78.399999999999849       0.14301201771909056     
   79.199999999999847       0.27493685526736844     
   79.999999999999844      -0.15613910519550384     
   80.799999999999841      -0.34162989661073473     
   81.599999999999838       0.10002299104479317     
   82.399999999999835       0.40375113755282771     
   83.199999999999832        2.8929231875827965E-002
   83.999999999999829      -0.36194057110760675     
   84.799999999999827       -9.6416575355878387E-002
   85.599999999999824       0.30743852555961237     
   86.399999999999821       0.10250315616433964     
   87.199999999999818      -0.32354500634349592     
   87.999999999999815      -0.16289447158076448     
   88.799999999999812       0.32439646191175503     
   89.599999999999810       0.26554988254687023     
   90.399999999999807      -0.24377299123528379     
   91.199999999999804      -0.30572717225433160     
   91.999999999999801       0.16338930215235570     
   92.799999999999798       0.29674108286402351     
   93.599999999999795      -0.14000403635331332     
   94.399999999999793      -0.32823220239618672     
   95.199999999999790       0.10067418052753602     
   95.999999999999787       0.38024146722696056     
   96.799999999999784       -3.6963236751018091E-003
   97.599999999999781      -0.37340620168391386     
   98.399999999999778       -8.0107893693778576E-002
   99.199999999999775       0.32930303144331763     
   99.999999999999773       0.11396062375129587     
   100.79999999999977      -0.31701903273907928     
   101.59999999999977      -0.15890399325417226     
   102.39999999999976       0.31375606402132927     
   103.19999999999976       0.23957719950617826     
   103.99999999999976      -0.26129289603889339     
   104.79999999999976      -0.29670357642041545     
   105.59999999999975       0.18547109701664438     
   106.39999999999975       0.30874618644393093     
   107.19999999999975      -0.13889846853834875     
   107.99999999999974      -0.32669702933610045     
   108.79999999999974        9.8647908597111422E-002
   109.59999999999974       0.36416656020858512     
   110.39999999999974       -2.3181937892877591E-002
   111.19999999999973      -0.37350383883136640     
   111.99999999999973       -6.0681576272134330E-002
   112.79999999999973       0.34474987254060130     
   113.59999999999972       0.11383281543760887     
   114.39999999999972      -0.32053575233956422     
   115.19999999999972      -0.15829256502694222     
   115.99999999999972       0.30768164432606016     
   116.79999999999971       0.22334648150182618     
   117.59999999999971      -0.26930645565540368     
   118.39999999999971      -0.28380706653196169     
   119.19999999999970       0.20371974526311315     
   119.99999999999970       0.31192859822772168     
   120.79999999999970      -0.14620944161823235     
   121.59999999999970      -0.32874053478548337     
   122.39999999999969        9.9254823873909825E-002
   123.19999999999969       0.35517468507001815     
   123.99999999999969       -3.4982184166016117E-002
   124.79999999999968      -0.36952974352123735     
   125.59999999999968       -4.3151929313956505E-002
   126.39999999999968       0.35365223586932165     
   127.19999999999968       0.10668560683626721     
   127.99999999999967      -0.32759147411703732     
   128.79999999999967      -0.15630404844740733     
   129.59999999999968       0.30670138819037740     
   130.39999999999969       0.21315768139647556     
   131.19999999999970      -0.27347167612276840     
   131.99999999999972      -0.27144557936147490     
   132.79999999999973       0.21733257392887267     
   133.59999999999974       0.30932545023810115     
   134.39999999999975      -0.15693093243890915     
   135.19999999999976      -0.33023653462399677     
   135.99999999999977       0.10353171078053014     
   136.79999999999978       0.35085534817078373     
   137.59999999999980       -4.3413878980247955E-002
   138.39999999999981      -0.36525312618363709     
   139.19999999999982       -2.8695990428463991E-002
   139.99999999999983       0.35792490239881791     
   140.79999999999984        9.6303629432024640E-002
   141.59999999999985      -0.33470330247233526     
   142.39999999999986      -0.15164948037585091     
   143.19999999999987       0.30934254866636152     
   143.99999999999989       0.20576779410735949     
   144.79999999999990      -0.27693290177610230     
   145.59999999999991      -0.26095686843075977     
   146.39999999999992       0.22741523716745504     
   147.19999999999993       0.30374508133541933     
   147.99999999999994      -0.16818887742585187     
   148.79999999999995      -0.32981913808103874     
   149.59999999999997       0.11067429471900658     
   150.39999999999998       0.34881541602779076     
   151.19999999999999       -5.1048722688856740E-002
   152.00000000000000      -0.36202436387959186     
   152.80000000000001       -1.6772663401540766E-002
   153.60000000000002       0.35960461203139044     
   154.40000000000003        8.5015740755233604E-002
   155.20000000000005      -0.34054186441372697     
   156.00000000000006      -0.14467153769379484     
   156.80000000000007       0.31388022422767325     
   157.60000000000008       0.19910634655967829     
   158.40000000000009      -0.28096271972054232     
   159.20000000000010      -0.25217604996316578     
   160.00000000000011       0.23540373355672084     
   160.80000000000013       0.29704133553049039     
   161.60000000000014      -0.17875634128003215     
   162.40000000000015      -0.32752547247251118     
   163.20000000000016       0.11947525303569562     
   164.00000000000017       0.34741403088918932     
   164.80000000000018       -5.9035225818725334E-002
   165.60000000000019      -0.35991441320225581     
   166.40000000000020       -6.4009465438010227E-003
   167.20000000000022       0.36013790557863867     
   168.00000000000023        7.3913116363554576E-002
   168.80000000000024      -0.34495289425954628     
   169.60000000000025      -0.13618519586257943     
   170.40000000000026       0.31903717048308988     
   171.20000000000027       0.19216659976488881     
   172.00000000000028      -0.28577049109035602     
   172.80000000000030      -0.24445676640545771     
   173.60000000000031       0.24240374993406216     
   174.40000000000032       0.29015471788387698     
   175.20000000000033      -0.18836938800632125     
   176.00000000000034      -0.32387842377651743     
   176.80000000000035       0.12895920915181319     
   177.60000000000036       0.34578953842601767     
   178.40000000000038       -6.7655940706982443E-002
   179.20000000000039      -0.35851726744904544     
   180.00000000000040        3.2495581647317140E-003
   180.80000000000041       0.36031202096092763     
   181.60000000000042        6.3311107628701624E-002
   182.40000000000043      -0.34824568813396856     
   183.20000000000044      -0.12692056427514187     
   184.00000000000045       0.32409215088866661     
   184.80000000000047       0.18463530272669554     
   185.60000000000048      -0.29112104172280623     
   186.40000000000049      -0.23718413266600430     
   187.20000000000050       0.24905826299814166     
   188.00000000000051       0.28341058997074636     
   188.80000000000052      -0.19718574247489912     
   189.60000000000053      -0.31941108359574621     
   190.40000000000055       0.13853498475228909     
   191.20000000000056       0.34362596329305006     
   192.00000000000057       -7.6795587536284793E-002
   192.80000000000058      -0.35738398052387077     
   193.60000000000059        1.2695187567917932E-002
   194.40000000000060       0.36043504184512570     
   195.20000000000061        5.3153904572685484E-002
   196.00000000000063      -0.35079708688017158     
   196.80000000000064      -0.11735232638735943     
   197.60000000000065       0.32874489875024743     
   198.40000000000066       0.17654491812387166     
   199.20000000000067      -0.29669321410671046     
   200.00000000000068      -0.22994755242693282     
   200.80000000000069       0.25564418847291231     
   201.60000000000070       0.27681612925903248     
   202.40000000000072      -0.20546185652433147     
   203.20000000000073      -0.31449528057001497     
   204.00000000000074       0.14792973502078494     
   204.80000000000075       0.34090006372089809     
   205.60000000000076       -8.6231378292959238E-002
   206.40000000000077      -0.35619043348343227     
   207.20000000000078        2.2177721127014882E-002
   208.00000000000080       0.36054888032459481     
   208.80000000000081        4.3273520220430739E-002
   209.60000000000082      -0.35289011986359836     
   210.40000000000083      -0.10771892316916659     
   211.20000000000084       0.33293710269812726     
   212.00000000000085       0.16804246864868683     
   212.80000000000086      -0.30223407847807277     
   213.60000000000088      -0.22253861033267588     
   214.40000000000089       0.26222063523369910     
   215.20000000000090       0.27026477691562145     
   216.00000000000091      -0.21340761282130444     
   216.80000000000092      -0.30933103795492889     
   217.60000000000093       0.15706647667586066     
   218.40000000000094       0.33770046744690863     
   219.20000000000095       -9.5769577516532312E-002
   220.00000000000097      -0.35475811671976820     
   220.80000000000098        3.1763889223248964E-002
   221.60000000000099       0.36058781675840063     
   222.40000000000100        3.3516667665006328E-002
   223.20000000000101      -0.35468597728957330     
   224.00000000000102       -9.8102917694605107E-002
   224.80000000000103       0.33671362366541024     
   225.60000000000105       0.15927187531256903     
   226.40000000000106      -0.30759247512904897     
   227.20000000000107      -0.21488739599541523     
   228.00000000000108       0.26874942378438127     
   228.80000000000109       0.26364429655435695     
   229.60000000000110      -0.22114924013547499     
   230.40000000000111      -0.30399634774790918     
   231.20000000000113       0.16595969758945839     
   232.00000000000114       0.33412873736486504     
   232.80000000000115      -0.10528492328797434     
   233.60000000000116      -0.35301621886344442     
   234.40000000000117        4.1435237016201609E-002
   235.20000000000118       0.36046838061826242     
   236.00000000000119        2.3785259324412611E-002
   236.80000000000121      -0.35625202427569969     
   237.60000000000122       -8.8508043224625021E-002
   238.40000000000123       0.34014118994724107     
   239.20000000000124       0.15033321055863919     
   240.00000000000125      -0.31269927608498466     
   240.80000000000126      -0.20699679511870545     
   241.60000000000127       0.27516822901121668     
   242.40000000000128       0.25687696654959041     
   243.20000000000130      -0.22874220751505697     
   244.00000000000131      -0.29850286733333459     
   244.80000000000132       0.17464986396977578     
   245.60000000000133       0.33026030033267562     
   246.40000000000134      -0.11471331006921248     
   247.20000000000135      -0.35095469335617269     
   248.00000000000136        5.1146569055977809E-002
   248.80000000000138       0.36012685909944164     
   249.60000000000139        1.4033611889963549E-002
   250.40000000000140      -0.35760100675846740     
   251.20000000000141       -7.8911102925917465E-002
   252.00000000000142       0.34327278890840218     
   252.80000000000143       0.14128191900168302     
   253.60000000000144      -0.31753489002565888     
   254.40000000000146      -0.19889653066384916     
   255.20000000000147       0.28142411723439581     
   256.00000000000148       0.24992315113224245     
   256.80000000000149      -0.23619786568919521     
   257.60000000000150      -0.29283639122005550     
   258.40000000000151       0.18317211239902192     
   259.20000000000152       0.32613877495600185     
   260.00000000000153      -0.12403017060184607     
   260.80000000000155      -0.34858874194994693     
   261.60000000000156        6.0855033960104665E-002
   262.40000000000157       0.35952652636854676     
   263.20000000000158        4.2511399837563135E-003
   264.00000000000159      -0.35872203450553447     
   264.80000000000160       -6.9288790721388049E-002
   265.60000000000161       0.34613936004944601     
   266.40000000000163       0.13214245869354241     
   267.20000000000164      -0.32210235933471942     
   268.00000000000165      -0.19061852787926520     
   268.80000000000166       0.28748257692075196     
   269.60000000000167       0.24277075333900766     
   270.40000000000168      -0.24350668120003510     
   271.20000000000169      -0.28697932145578936     
   272.00000000000171       0.19154682320153599     
   272.80000000000172       0.32178391687592889     
   273.60000000000173      -0.13323051472251496     
   274.40000000000174      -0.34593840909476176     
   275.20000000000175        7.0529730401083846E-002
   276.00000000000176       0.35865187079839544     
   276.80000000000177       -5.5547167845816370E-003
   277.60000000000178      -0.35959900130479261     
   278.40000000000180       -5.9627258254395743E-002
   279.20000000000181       0.34875376676417646     
   280.00000000000182       0.12292281176064776     
   280.80000000000183      -0.32641081795393667     
   281.60000000000184      -0.18218751724993421     
   282.40000000000185       0.29332503801613152     
   283.20000000000186       0.23542293849302148     
   284.00000000000188      -0.25065302886223484     
   284.80000000000189      -0.28091975117583767     
   285.60000000000190       0.19978089904671936     
   286.40000000000191       0.31720192396730229     
   287.20000000000192      -0.14231577155873498     
   288.00000000000193      -0.34301989190611348     
   288.80000000000194        8.0151409405166740E-002
   289.60000000000196       0.35750000373168744     
   290.40000000000197       -1.5370169385611421E-002
   291.20000000000198      -0.36021881059164251     
   292.00000000000199       -4.9922575871937103E-002
   292.80000000000200       0.35111789229472079     
   293.60000000000201       0.11362478483077335     
   294.40000000000202      -0.33046777722771170     
   295.20000000000203      -0.17361996992307754     
   296.00000000000205       0.29894307785877078     
   296.80000000000206       0.22788906506914811     
   297.60000000000207      -0.25762238262854631     
   298.40000000000208      -0.27465296649780624     
   299.20000000000209       0.20787244831900975     
   300.00000000000210       0.31239337079004187     
   300.80000000000211      -0.15128714429307094     
   301.60000000000213      -0.33984371330800323     
   302.40000000000214        8.9708755405920049E-002
   303.20000000000215       0.35607374234426081     
   304.00000000000216       -2.5181204963246551E-002
   304.80000000000217      -0.36057342101048812     
   305.60000000000218       -4.0177815441704345E-002
   306.40000000000219       0.35322863683949302     
   307.20000000000221       0.10424960661375623     
   308.00000000000222      -0.33427694786598838     
   308.80000000000223      -0.16492632049727507     
   309.60000000000224       0.30433325544689588     
   310.40000000000225       0.22017957646338393     
   311.20000000000226      -0.26440356989940239     
   312.00000000000227      -0.26817978816147203     
   312.80000000000229       0.21581522088582006     
   313.60000000000230       0.30735783065696293     
   314.40000000000231      -0.16014334719471729     
   315.20000000000232      -0.33641589957226425     
   316.00000000000233        9.9194612164167473E-002
   316.80000000000234       0.35437744002037763     
   317.60000000000235       -3.4975836559044571E-002
   318.40000000000236      -0.36065906123465646     
   319.20000000000238       -3.0399840442685844E-002
   320.00000000000239       0.35508165821730769     
   320.80000000000240        9.4800111663247311E-002
   321.60000000000241      -0.33783870616584510     
   322.40000000000242      -0.15611366306368302     
   323.20000000000243       0.30949377776586712     
   324.00000000000244       0.21230388772856462     
   324.80000000000246      -0.27098857242627705     
   325.60000000000247      -0.26150430643284756     
   326.40000000000248       0.22360157637096989     
   327.20000000000249       0.30209588203717874     
   328.00000000000250      -0.16888060446664055     
   328.80000000000251      -0.33273985723661115     
   329.60000000000252       0.10860336560854406     
   330.40000000000254       0.35241508985689124     
   331.20000000000255       -4.4744278093836465E-002
   332.00000000000256      -0.36047468437017138     
   332.80000000000257       -2.0596989877063709E-002
   333.60000000000258       0.35667314739205691     
   334.40000000000259        8.5281030695476212E-002
   335.20000000000260      -0.34115135464245000     
   336.00000000000261      -0.14718777426843582     
   336.80000000000263       0.31442285519378904     
   337.60000000000264       0.20426999188815861     
   338.40000000000265      -0.27737151920098113     
   339.20000000000266      -0.25463210459588242     
   340.00000000000267       0.23122400860178177     
   340.80000000000268       0.29660956084423901     
   341.60000000000269      -0.17749345392754318     
   342.40000000000271      -0.32881791338626881     
   343.20000000000272       0.11792955370837083     
   344.00000000000273       0.35018982521311026     
   344.80000000000274       -5.4478329952528215E-002
   345.60000000000275      -0.36002063361543030     
   346.40000000000276       -1.0777798935131089E-002
   347.20000000000277       0.35800035397235874     
   348.00000000000279        7.5698516691214524E-002
   348.80000000000280      -0.34421227295039680     
   349.60000000000281      -0.13815426601683509     
   350.40000000000282       0.31911816941426774     
   351.20000000000283       0.19608479772137621     
   352.00000000000284      -0.28354770702650833     
   352.80000000000285      -0.24756920768336749     
   353.60000000000286       0.23867568408894885     
   354.40000000000288       0.29090211922684295     
   355.20000000000289      -0.18597558765032313     
   356.00000000000290      -0.32465225625868860     
   356.80000000000291       0.12716734626738191     
   357.60000000000292       0.34770407135764347     
   358.40000000000293       -6.4170677223391370E-002
   359.20000000000294      -0.35929779831495307     
   360.00000000000296       -9.5048436021022420E-004
   360.80000000000297       0.35906150466260733     
   361.60000000000298        6.6059545583767754E-002
   362.40000000000299      -0.34701867219454641     
   363.20000000000300      -0.12901906871052898     
   364.00000000000301       0.32357690279264817     
   364.80000000000302       0.18775462052308273     
   365.60000000000304      -0.28951293683537560     
   366.40000000000305      -0.24032161462124230     
   367.20000000000306       0.24595046401616621     
   368.00000000000307       0.28497761222255558     
   368.80000000000308      -0.19432044539381621     
   369.60000000000309      -0.32024536942171644     
   370.40000000000310       0.13631049701843534     
   371.20000000000312       0.34495988066560757     
   372.00000000000313       -7.3814377006541754E-002
   372.80000000000314      -0.35830720679428651     
   373.60000000000315        8.8771401481179124E-003
   374.40000000000316       0.35985553187098784     
   375.20000000000317        5.6371457348948384E-002
   376.00000000000318      -0.34956797418631969     
   376.80000000000319      -0.11978852475012047     
   377.60000000000321       0.32779595875860834     
   378.40000000000322       0.17928557284130417     
   379.20000000000323      -0.29526316971650901     
   380.00000000000324      -0.23289518177212071     
   380.80000000000325       0.25304273718815473     
   381.60000000000326       0.27884055089311216     
   382.40000000000327      -0.20252153687123348     
   383.20000000000329      -0.31560015023106108     
   384.00000000000330       0.14535247979868732     
   384.80000000000331       0.34195922819657798     
   385.60000000000332       -8.3402574046647859E-002
   386.40000000000333      -0.35704990092403099     
   387.20000000000334        1.8697571179016603E-002
   388.00000000000335       0.36038181964500093     
   388.80000000000337        4.6641688143753024E-002
   389.60000000000338      -0.35185794001027093     
   390.40000000000339      -0.11046931293494477     
   391.20000000000340       0.33177218217206755     
   392.00000000000341       0.17068379650619364     
   392.80000000000342      -0.30079440450658312     
   393.60000000000343      -0.22529566608697882     
   394.40000000000344       0.25994723902058359     
   395.20000000000346       0.27249568590513551     
   396.00000000000347      -0.21057256874195768     
   396.80000000000348      -0.31071987850212690     
   397.60000000000349       0.15428664915045498     
   398.40000000000350       0.33870420070815532     
   399.20000000000351       -9.2928387529776613E-002
   400.00000000000352      -0.35552694961573150     
   400.80000000000354        2.8503490417147836E-002
   401.60000000000355       0.36064003504543302     
   402.40000000000356        3.6877651990586346E-002
   403.20000000000357      -0.35388667005266911     
   404.00000000000358      -0.10106833472081506     
   404.80000000000359       0.33550251182098528     
   405.60000000000360       0.16195556451270396     
   406.40000000000362      -0.30610267309878858     
   407.20000000000363      -0.21752881006338154     
   408.00000000000364       0.26665892305437189     
   408.80000000000365       0.26594790360874976     
   409.60000000000366      -0.21846746403850148     
   410.40000000000367      -0.30560814088117128     
   411.20000000000368       0.16310636104168852     
   412.00000000000369       0.33519708846093538     
   412.80000000000371      -0.10238489544890778     
   413.60000000000372      -0.35373950725408171     
   414.40000000000373        3.8287668546922171E-002
   415.20000000000374       0.36063004249576736     
   416.00000000000375        2.7086710714310069E-002
   416.80000000000376      -0.35565255883317154     
   417.60000000000377       -9.1592620693429161E-002
   418.40000000000379       0.33898406205154707     
   419.20000000000380       0.15310730339809461     
   420.00000000000381      -0.31118407992458541     
   420.80000000000382      -0.20960041365134480     
   421.60000000000383       0.27317289222195151     
   422.40000000000384       0.25920219318135029     
   423.20000000000385      -0.22620033863090816     
   424.00000000000387      -0.30026876210336939     
   424.80000000000388       0.17180504327009322     
   425.60000000000389       0.33144041334378921     
   426.40000000000390      -0.11176516002025777     
   427.20000000000391      -0.35168886965594148     
   428.00000000000392        4.8042911031422053E-002
   428.80000000000393       0.36035187435546140     
   429.60000000000394        1.7276182899915338E-002
   430.40000000000396      -0.35715424825586728     
   431.20000000000397       -8.2049271673619917E-002
   432.00000000000398       0.34221415449086201     
   432.80000000000399       0.14414557882941914     
   433.60000000000400      -0.31603484571377194     
   434.40000000000401      -0.20151637766944844     
   435.20000000000402       0.27948437380445068     
   436.00000000000404       0.25226364796615569     
   436.80000000000405      -0.23376547101645717     
   437.60000000000406      -0.29470575911707020     
   438.40000000000407       0.18037622748945359     
   439.20000000000408       0.32743692499295884     
   440.00000000000409      -0.12106226128925018     
   440.80000000000410      -0.34937651144203841     
   441.60000000000412        5.7762037255281173E-002
   442.40000000000413       0.35980573066855753     
   443.20000000000414        7.4533622478762940E-003
   444.00000000000415      -0.35839059521470445     
   444.80000000000416       -7.2445428785166854E-002
   445.60000000000417       0.34519032280327883     
   446.40000000000418       0.13507707100403799     
   447.20000000000420      -0.32065134000597334     
   448.00000000000421      -0.19328272209768055     
   448.80000000000422       0.28558871874854441     
   449.60000000000423       0.24513747723574811     
   450.40000000000424      -0.24115728037180414     
   451.20000000000425      -0.28892331658222137     
   452.00000000000426       0.18881355902263475     
   452.80000000000427       0.32318958606048387     
   453.60000000000429      -0.13026932469252639     
   454.40000000000430      -0.34680410483298574     
   455.20000000000431        6.7437879612114227E-002
   456.00000000000432       0.35899198935308269     
   456.80000000000433       -2.3744681104889698E-003
   457.60000000000434      -0.35936065469953793     
   458.40000000000435       -6.2788261453044336E-002
   459.20000000000437       0.34791030698278369     
   460.00000000000438       0.12590855246710994     
   460.80000000000439      -0.32503010036921487     
   461.60000000000440      -0.18490558824015735     
   462.40000000000441       0.29148141086827772     
   463.20000000000442       0.23782901666271622     
   464.00000000000443      -0.24837031557364203     
   464.80000000000445      -0.28292577651344997     
   465.60000000000446       0.19711079709448276     
   466.40000000000447       0.31870155746772366     
   467.20000000000448      -0.13937953938809217     
   468.00000000000449      -0.34397352560398109     
   468.80000000000450        7.7063291550483748E-002
   469.60000000000451       0.35791121687909189     
   470.40000000000452       -1.2200028844396971E-002
   471.20000000000454      -0.36006367393897104     
   472.00000000000455       -5.3084963830401899E-002
   472.80000000000456       0.35037204626021046     
   473.60000000000457       0.11664687205637619     
   474.40000000000458      -0.32916784170618119     
   475.20000000000459      -0.17639123295154868     
   476.00000000000460       0.29715807768646774     
   476.80000000000462       0.23034373370762895     
   477.60000000000463      -0.25539925270852204     
   478.40000000000464      -0.27671763505471997     
   479.20000000000465       0.20526181292971701     
   480.00000000000466       0.31397618744430567     
   480.80000000000467      -0.14838616907711216     
   481.60000000000468      -0.34088685217690889     
   482.40000000000470        8.6631157877128551E-002
   483.20000000000471       0.35656417569955545     
   484.00000000000472       -2.2016044090196141E-002
   484.80000000000473      -0.36049909251441564     
   485.60000000000474       -4.3342753657188371E-002
   486.40000000000475       0.35257367424065661     
   487.20000000000476       0.10729894437486329     
   488.00000000000477      -0.33306145990041836     
   488.80000000000479      -0.16774602028708896     
   489.60000000000480       0.30261449944867008     
   490.40000000000481       0.22268722813067657     
   491.20000000000482      -0.26223889752261886     
   492.00000000000483      -0.27030354163376302     
   492.80000000000484       0.21326058900092787     
   493.60000000000485       0.30901700447283448     
   494.40000000000487      -0.15728255824838372     
   495.20000000000488      -0.33754636205554911     
   496.00000000000489        9.6134404221604408E-002
   496.80000000000490       0.35495182806598169     
   497.60000000000491       -3.1815245148174576E-002
   498.40000000000492      -0.36066654474194071     
   499.20000000000493       -3.3568870665179551E-002
   500.00000000000495       0.35451351682020954     
   500.80000000000496        9.7871742849463927E-002
   501.60000000000497      -0.33670803304001279     
   502.40000000000498      -0.15897641326238848     
   503.20000000000499       0.30784661561843957     
   504.00000000000500       0.21486522918904249     
   504.80000000000501      -0.26888418998731650     
   505.60000000000502      -0.26368829802844695     
   506.40000000000504       0.22110122021125556     
   507.20000000000505       0.30382771291661081     
   508.00000000000506      -0.16606213629152017     
   508.80000000000507      -0.33395452786998581     
   509.60000000000508       0.10556600481066336     
   510.40000000000509       0.35307533717186035     
   511.20000000000510       -4.1590376092124293E-002
   512.00000000000512      -0.36056586225325798     
   512.80000000000507       -2.3770573647402704E-002
   513.60000000000502       0.35619009217216974     
   514.40000000000498        8.8372294564417697E-002
   515.20000000000493      -0.34010482208780152     
   516.00000000000489      -0.15008896662772681     
   516.80000000000484       0.31285052936090385     
   517.60000000000480       0.20688359107865290     
   518.40000000000475      -0.27533020929180163     
   519.20000000000471      -0.25687685645717373     
   520.00000000000466       0.22877791666475900     
   520.80000000000462       0.29841219001404329     
   521.60000000000457      -0.17471842099018686     
   522.40000000000452      -0.33011401390431072     
   523.20000000000448       0.11491898875936246     
   524.00000000000443       0.35093606673703659     
   524.80000000000439       -5.1334199934616520E-002
   525.60000000000434      -0.36019707593120076     
   526.40000000000430       -1.3955136298669402E-002
   527.20000000000425       0.35760211186277868     
   528.00000000000421        7.8807675667578125E-002
   528.80000000000416      -0.34324927179807302     
   529.60000000000412      -0.14109032064550359     
   530.40000000000407       0.31762251079145715     
   531.20000000000402       0.19874828769366104     
   532.00000000000398      -0.28157217850361299     
   532.80000000000393      -0.24987431664398840     
   533.60000000000389       0.23628500738277974     
   534.40000000000384       0.29277448329756339     
   535.20000000000380      -0.18324502210614813     
   536.00000000000375      -0.32602767321248594     
   536.80000000000371       0.12418644540186075     
   537.60000000000366       0.34853557985985428     
   538.40000000000362       -6.1039504686135337E-002
   539.20000000000357      -0.35956041705126668     
   540.00000000000352       -4.1298422476168661E-003
   540.80000000000348       0.35874848237136531     
   541.60000000000343        6.9185006740844990E-002
   542.40000000000339      -0.34613901205225961     
   543.20000000000334      -0.13198719554336985     
   544.00000000000330       0.32215899961794109     
   544.80000000000325       0.19046540727508818     
   545.60000000000321      -0.28760546870141435     
   546.40000000000316      -0.24268592212564938     
   547.20000000000312       0.24361694441829601     
   548.00000000000307       0.28691880792808511     
   548.80000000000302      -0.19163564525408772     
   549.60000000000298      -0.32169854512851670     
   550.40000000000293       0.13336152912366089     
   551.20000000000289       0.34587563760715545     
   552.00000000000284       -7.0699109087826728E-002
   552.80000000000280      -0.35865631777399576     
   553.60000000000275        5.6980203061653967E-003
   554.40000000000271       0.35962830658311501     
   555.20000000000266        5.9511447929502193E-002
   556.00000000000261      -0.34877185950421569     
   556.80000000000257      -0.12278638630468974     
   557.60000000000252       0.32645660755507983     
   558.40000000000248       0.18204114716221192     
   559.20000000000243      -0.29342560264762207     
   560.00000000000239      -0.23531705609749803     
   560.80000000000234       0.25076830702396963     
   561.60000000000230       0.28084954374266280     
   562.40000000000225      -0.19988409602766372     
   563.20000000000221      -0.31712985292290352     
   564.00000000000216       0.14243746400342733     
   564.80000000000211       0.34295819753474105     
   565.60000000000207       -8.0305868036860961E-002
   566.40000000000202      -0.35748541119035193     
   567.20000000000198        1.5521164082697159E-002
   568.00000000000193       0.36024088506931140     
   568.80000000000189        4.9794193828320898E-002
   569.60000000000184      -0.35114581936399492     
   570.40000000000180      -0.11349475755927874     
   571.20000000000175       0.33051212068581559     
   572.00000000000171       0.17348180866989371     
   572.80000000000166      -0.29902825813943462     
   573.60000000000161      -0.22777323701374502     
   574.40000000000157       0.25773380571106996     
   575.20000000000152       0.27457123199234090     
   576.00000000000148      -0.20798428426144078     
   576.80000000000143      -0.31232500142446951     
   577.60000000000139       0.15140754841035364     
   578.40000000000134       0.33978541217514679     
   579.20000000000130       -8.9852677789948765E-002
   580.00000000000125      -0.35604853108009904     
   580.80000000000121        2.5332308193428188E-002
   581.60000000000116       0.36058571710675952     
   582.40000000000111        4.0040468200528923E-002
   583.20000000000107      -0.35325908717663923     
   584.00000000000102      -0.10411923845265447     
   584.80000000000098       0.33432250181307488     
   585.60000000000093       0.16479379204254696     
   586.40000000000089      -0.30440927115745409     
   587.20000000000084      -0.22006011406553305     
   588.00000000000080       0.26450828614768712     
   588.80000000000075       0.26808857181540480     
   589.60000000000070      -0.21593022832288583     
   590.40000000000066      -0.30728757450316152     
   591.20000000000061       0.16026515960625598     
   592.00000000000057       0.33635962746439474     
   592.80000000000052       -9.9332481030394992E-002
   593.60000000000048      -0.35434671147669444     
   594.40000000000043        3.5124183541426379E-002
   595.20000000000039       0.36066250145476519     
   596.00000000000034        3.0257518610383560E-002
   596.80000000000030      -0.35511005050557704     
   597.60000000000025       -9.4666817449084728E-002
   598.40000000000020       0.33788489278643663     
   599.20000000000016       0.15598359142599691     
   600.00000000000011      -0.30956463888792218     
   600.80000000000007      -0.21218346259040718     
   601.60000000000002       0.27108673290101970     
   602.39999999999998       0.26140641650525992     
   603.19999999999993      -0.22371605936264122     
   603.99999999999989      -0.30202133237090528     
   604.79999999999984       0.16900375834655301     
   605.59999999999980       0.33268338105979145     
   606.39999999999975      -0.10873827185880652     
   607.19999999999970      -0.35238118607965147     
   607.99999999999966        4.4889538145438224E-002
   608.79999999999961       0.36047113692322419     
   609.59999999999957        2.0452611025547185E-002
   610.39999999999952      -0.35669729047753529     
   611.19999999999948       -8.5144537066769499E-002
   611.99999999999943       0.34119661677160917     
   612.79999999999939       0.14705778981511300     
   613.59999999999934      -0.31449052265363986     
   614.39999999999930      -0.20414917942480684     
   615.19999999999925       0.27746427304828059     
   615.99999999999920       0.25452976961879337     
   616.79999999999916      -0.23133602548842502     
   617.59999999999911      -0.29653020869460406     
   618.39999999999907       0.17761689346068438     
   619.19999999999902       0.32875940051677144     
   619.99999999999898      -0.11806310073503468     
   620.79999999999893      -0.35015338752338893     
   621.59999999999889        5.4621142399528588E-002
   622.39999999999884       0.36001172276061039     
   623.19999999999879        1.0633024422217141E-002
   623.99999999999875      -0.35801958317553995     
   624.79999999999870       -7.5559488562247090E-002
   625.59999999999866       0.34425518043286618     
   626.39999999999861       0.13802305395589465     
   627.19999999999857      -0.31918325076500687     
   627.99999999999852      -0.19596327819915266     
   628.79999999999848       0.28363617967645910     
   629.59999999999843       0.24746378095517221     
   630.39999999999839      -0.23878449584749259     
   631.19999999999834      -0.29081830753070037     
   631.99999999999829       0.18609820638848296     
   632.79999999999825       0.32459060130194300     
   633.59999999999820      -0.12730007938142596     
   634.39999999999816      -0.34766494649774027     
   635.19999999999811        6.4311794281270762E-002
   635.99999999999807       0.35928455887798233     
   636.79999999999802        8.0604540914647194E-004
   637.59999999999798      -0.35907590087664260     
   638.39999999999793       -6.5918806581052924E-002
   639.19999999999789       0.34705827600823286     
   639.99999999999784       0.12888612919607234     
   640.79999999999779      -0.32363932128655720     
   641.59999999999775      -0.18763188456721236     
   642.39999999999770       0.28959787528560904     
   643.19999999999766       0.24021374242023608     
   643.99999999999761      -0.24605596461679718     
   644.79999999999757      -0.28488990009488196     
   645.59999999999752       0.19444143565667460     
   646.39999999999748       0.32018008463341419     
   647.19999999999743      -0.13644238564587641     
   647.99999999999739      -0.34491769070986944     
   648.79999999999734        7.3954324519321490E-002
   649.59999999999729       0.35829014591587499     
   650.39999999999725       -9.0210371265199152E-003
   651.19999999999720      -0.35986541314055942     
   651.99999999999716       -5.6229663790614892E-002
   652.79999999999711       0.34960378326555425     
   653.59999999999707       0.11965383428635276     
   654.39999999999702      -0.32785540471309405     
   655.19999999999698      -0.17916123136655288     
   655.99999999999693       0.29534493510306797     
   656.79999999999688       0.23278508378471854     
   657.59999999999684      -0.25314505490385053     
   658.39999999999679      -0.27874942137917641     
   659.19999999999675       0.20264042128778120     
   659.99999999999670       0.31553113514989689     
   660.79999999999666      -0.14548326831796926     
   661.59999999999661      -0.34191364368063915     
   662.39999999999657        8.3541601723217562E-002
   663.19999999999652       0.35702918515478516     
   663.99999999999648       -1.8840937349162590E-002
   664.79999999999643      -0.36038748775044288     
   665.59999999999638       -4.6499265504575338E-002
   666.39999999999634       0.35188977133502530     
   667.19999999999629       0.11033305614072977     
   667.99999999999625      -0.33182834654721038     
   668.79999999999620      -0.17055765371110509     
   669.59999999999616       0.30087309030801462     
   670.39999999999611       0.22518336834025315     
   671.19999999999607      -0.26004652256070571     
   671.99999999999602      -0.27240146662618625     
   672.79999999999598       0.21068910913473615     
   673.59999999999593       0.31064721840940401     
   674.39999999999588      -0.15441605189278201     
   675.19999999999584      -0.33865502337081299     
   675.99999999999579        9.3066537474227384E-002
   676.79999999999575       0.35550257826457826     
   677.59999999999570       -2.8646377781191890E-002
   678.39999999999566      -0.36064169150632047     
   679.19999999999561       -3.6734844304875225E-002
   679.99999999999557       0.35391450041425188     
   680.79999999999552       0.10093074456176382     
   681.59999999999548      -0.33555516977250843     
   682.39999999999543      -0.16182758401756370     
   683.19999999999538       0.30617823116616988     
   683.99999999999534       0.21741428845652708     
   684.79999999999529      -0.26675525991241611     
   685.59999999999525      -0.26585078766567433     
   686.39999999999520       0.21858155514120725     
   687.19999999999516       0.30553197822291084     
   687.99999999999511      -0.16323414127738478     
   688.79999999999507      -0.33514424063433801     
   689.59999999999502       0.10252209137706131     
   690.39999999999498       0.35371142689170915     
   691.19999999999493       -3.8430094584817220E-002
   691.99999999999488      -0.36062779087050539     
   692.79999999999484       -2.6943654665669947E-002
   693.59999999999479       0.35567642334416233     
   694.39999999999475        9.1453906936812712E-002
   695.19999999999470      -0.33903307722013104     
   695.99999999999466      -0.15297754697181276     
   696.79999999999461       0.31125641007196597     
   697.59999999999457       0.20948366104393137     
   698.39999999999452      -0.27326629940099212     
   699.19999999999447      -0.25910228912101679     
   699.99999999999443       0.22631192952509588     
   700.79999999999438       0.30018923382713547     
   701.59999999999434      -0.17193102643625163     
   702.39999999999429      -0.33138389749956843     
   703.19999999999425       0.11190127606741557     
   703.99999999999420       0.35165703207988031     
   704.79999999999416       -4.8184842817249829E-002
   705.59999999999411      -0.36034575246269518     
   706.39999999999407       -1.7132967583487424E-002
   707.19999999999402       0.35717418705381498     
   707.99999999999397        8.1909602913040391E-002
   708.79999999999393      -0.34225945382251532     
   709.59999999999388      -0.14401415443937493     
   710.39999999999384       0.31610384449554335     
   711.19999999999379       0.20139742292627971     
   711.99999999999375      -0.27957481714335164     
   712.79999999999370      -0.25216102448962902     
   713.59999999999366       0.23387452088414212     
   714.39999999999361       0.29462297690040007     
   715.19999999999357      -0.18050028697214687     
   715.99999999999352      -0.32737678527783298     
   716.79999999999347       0.12119716217264598     
   717.59999999999343       0.34934089352107250     
   718.39999999999338       -5.7903401657694309E-002
   719.19999999999334      -0.35979574340130710     
   719.99999999999329       -7.3100652152428003E-003
   720.79999999999325       0.35840663387130078     
   721.59999999999320        7.2304939053771999E-002
   722.39999999999316      -0.34523186875414563     
   723.19999999999311      -0.13494410032671600     
   723.99999999999307       0.32071691983117795     
   724.79999999999302       0.19316162612725807     
   725.59999999999297      -0.28567613640243394     
   726.39999999999293      -0.24503219210100563     
   727.19999999999288       0.24126374022472452     
   727.99999999999284       0.28883736842661850     
   728.79999999999279      -0.18893559664091381     
   729.59999999999275      -0.32312588250173763     
   730.39999999999270       0.13040288322290078     
   731.19999999999266       0.34676470863663444     
   731.99999999999261       -6.7578579602588673E-002
   732.79999999999256      -0.35897813148806529     
   733.59999999999252        2.5177644728930915E-003
   734.39999999999247       0.35937280269903144     
   735.19999999999243        6.2647063481841181E-002
   735.99999999999238      -0.34794807745616024     
   736.79999999999234      -0.12577415539848058     
   737.59999999999229       0.32509219214644020     
   738.39999999999225       0.18478243307861925     
   739.19999999999220      -0.29156573096941801     
   739.99999999999216      -0.23772113095936137     
   740.79999999999211       0.24847412491009313     
   741.59999999999206       0.28283673540998544     
   742.39999999999202      -0.19723072779884315     
   743.19999999999197      -0.31863435269587931     
   743.99999999999193       0.13951164050871107     
   744.79999999999188       0.34393037148677397     
   745.59999999999184       -7.7203219625644137E-002
   746.39999999999179      -0.35789348523313308     
   747.19999999999175        1.2343233041287704E-002
   747.99999999999170       0.36007193004861610     
   748.79999999999166        5.2943160513562904E-002
   749.59999999999161      -0.35040602354128286     
   750.39999999999156      -0.11651116205543419     
   751.19999999999152       0.32922639082872418     
   751.99999999999147       0.17626611175388926     
   752.79999999999143      -0.29723922845541917     
   753.59999999999138      -0.23023331647473114     
   754.39999999999134       0.25550034252790443     
   755.19999999999129       0.27662556744568917     
   755.99999999999125      -0.20537955577875505     
   756.79999999999120      -0.31390554197927800     
   757.59999999999116       0.14851670788410881     
   758.39999999999111       0.34083997150749612     
   759.19999999999106       -8.6770204301082621E-002
   759.99999999999102      -0.35654257371789816     
   760.79999999999097        2.2159056895692197E-002
   761.59999999999093       0.36050345093303426     
   762.39999999999088        4.3200445286559197E-002
   763.19999999999084      -0.35260384057754063     
   763.99999999999079      -0.10716202907844227     
   764.79999999999075       0.33311642112698547     
   765.59999999999070       0.16761903073294115     
   766.39999999999065      -0.30269241349184267     
   767.19999999999061      -0.22257435608824985     
   767.99999999999056       0.26233719467610106     
   768.79999999999052       0.27020851315047445     
   769.59999999999047      -0.21337606319579017     
   770.39999999999043      -0.30894297650555280     
   771.19999999999038       0.15741143651113831     
   771.99999999999034       0.33749579207530023     
   772.79999999999029       -9.6272460886049627E-002
   773.59999999999025      -0.35492636629324020     
   774.39999999999020        3.1957962585654143E-002
   775.19999999999015       0.36066699961360882     
   775.99999999999011        3.3426158386160199E-002
   776.79999999999006      -0.35453985374729224     
   777.59999999999002       -9.7733726343084637E-002
   778.39999999998997       0.33675936658768774     
   779.19999999998993       0.15884765420506414     
   779.99999999998988      -0.30792123083639067     
   780.79999999998984      -0.21474998479770757     
   781.59999999998979       0.26897962066452552     
   782.39999999998975       0.26359037645823558     
   783.19999999998970      -0.22121434417876595     
   783.99999999998965      -0.30375035974092568     
   784.79999999998961       0.16618925954442970     
   785.59999999998956       0.33390030889978040     
   786.39999999998952      -0.10570296635950938     
   787.19999999998947      -0.35304603211122038     
   787.99999999998943        4.1732692078123301E-002
   788.79999999998938       0.36056241019640606     
   789.59999999998934        2.3627560473081510E-002
   790.39999999998929      -0.35621258137814227     
   791.19999999998925       -8.8233279509280449E-002
   791.99999999998920       0.34015249138078446     
   792.79999999998915       0.14995853691347233     
   793.59999999998911      -0.31292178838390405     
   794.39999999998906      -0.20676606058828814     
   795.19999999998902       0.27542270113107115     
   795.99999999998897       0.25677611278389573     
   796.79999999998893      -0.22888860852712972     
   797.59999999998888      -0.29833156958366286     
   798.39999999998884       0.17484369675406014     
   799.19999999998879       0.33005618824493121     
