   0.0000000000000000      -0.26991889167803085     
  0.80000000000000004      -0.28288160407230761     
   1.6000000000000001      -0.56328944610231102     
   2.4000000000000004      -0.44655239800159496     
   3.2000000000000002       0.32992287650802821     
   4.0000000000000000       0.78563280012524350     
   4.7999999999999998       0.35505843912788143     
   5.5999999999999996      -0.13272435100303820     
   6.3999999999999995      -0.11136359283802603     
   7.1999999999999993      -0.16865757563095160     
   7.9999999999999991      -0.53060987292025774     
   8.7999999999999989      -0.41574372955354699     
   9.5999999999999996       0.31205018494560000     
   10.400000000000000       0.64078978873828540     
   11.200000000000001       0.21407166008408185     
   12.000000000000002       -9.8477572040553019E-002
   12.800000000000002        2.9249716218310962E-002
   13.600000000000003       -9.3465485528418046E-002
   14.400000000000004      -0.51268208470745802     
   15.200000000000005      -0.37630505688457827     
   16.000000000000004       0.29899391695830901     
   16.800000000000004       0.50324929484101366     
   17.600000000000005        9.4608903856723658E-002
   18.400000000000006       -5.4189213701390460E-002
   19.200000000000006       0.14358801373936314     
   20.000000000000007       -5.2262929958033000E-002
   20.800000000000008      -0.49801700181908021     
   21.600000000000009      -0.32235454255618817     
   22.400000000000009       0.29081405673354183     
   23.200000000000010       0.37245501234445050     
   24.000000000000011       -5.2076782481929595E-003
   24.800000000000011       -5.2134458105788373E-003
   25.600000000000012       0.22915134078145030     
   26.400000000000013       -3.9584696908308820E-002
   27.200000000000014      -0.48041414280993555     
   28.000000000000014      -0.25455666699424112     
   28.800000000000015       0.28461442360877159     
   29.600000000000016       0.24907821684280249     
   30.400000000000016       -8.4413675882605205E-002
   31.200000000000017        4.6246418705655462E-002
   32.000000000000014       0.28618310054087515     
   32.800000000000011       -4.9594415545331727E-002
   33.600000000000009      -0.45636826651209611     
   34.400000000000006      -0.17660452363501239     
   35.200000000000003       0.27661624201184687     
   36.000000000000000       0.13435634951063696     
   36.799999999999997      -0.14163238360548580     
   37.599999999999994        9.8727157837844137E-002
   38.399999999999991       0.31627814512783980     
   39.199999999999989       -7.6238935489305382E-002
   39.999999999999986      -0.42390566573653604     
   40.799999999999983       -9.3416397267870044E-002
   41.599999999999980       0.26323485524921630     
   42.399999999999977        2.9747166036430073E-002
   43.199999999999974      -0.17617822732437163     
   43.999999999999972       0.15053341997002159     
   44.799999999999969       0.32174021202069542     
   45.599999999999966      -0.11350150128393999     
   46.399999999999963      -0.38209778259136906     
   47.199999999999960       -1.0142628895326022E-002
   47.999999999999957       0.24171471938113676     
   48.799999999999955       -6.3204717503296037E-002
   49.599999999999952      -0.18844424870438267     
   50.399999999999949       0.19951076938894605     
   51.199999999999946       0.30532518216504401     
   51.999999999999943      -0.15564733661493940     
   52.799999999999940      -0.33087049722517292     
   53.599999999999937        6.8387510990051081E-002
   54.399999999999935       0.21046895954941530     
   55.199999999999932      -0.14293696829514385     
   55.999999999999929      -0.17993611976700249     
   56.799999999999926       0.24316985364096602     
   57.599999999999923       0.27016582166556535     
   58.399999999999920      -0.19742692562424913     
   59.199999999999918      -0.27093013334738242     
   59.999999999999915       0.13795806132256844     
   60.799999999999912       0.16918514506526339     
   61.599999999999909      -0.20795168959388710     
   62.399999999999906      -0.15314424982245162     
   63.199999999999903       0.27893862201313074     
   63.999999999999901       0.21974809135362708     
   64.799999999999898      -0.23423896977311212     
   65.599999999999895      -0.20371039268746288     
   66.399999999999892       0.19511269549160287     
   67.199999999999889       0.11875521970616905     
   67.999999999999886      -0.25693129185346480     
   68.799999999999883      -0.11134789317315699     
   69.599999999999881       0.30442788075721561     
   70.399999999999878       0.15786768223939296     
   71.199999999999875      -0.26226253939199379     
   71.999999999999872      -0.13128952929156951     
   72.799999999999869       0.23723242246969151     
   73.599999999999866        6.1089483561711899E-002
   74.399999999999864      -0.28887864411488939     
   75.199999999999861       -5.8393205576445423E-002
   75.999999999999858       0.31766317808909916     
   76.799999999999855        8.8541615383282590E-002
   77.599999999999852      -0.27856590575746160     
   78.399999999999849       -5.6262718947905910E-002
   79.199999999999847       0.26258616366955323     
   79.999999999999844       -1.1325286307423132E-003
   80.799999999999841      -0.30326108296525556     
   81.599999999999838        1.5362441961037088E-003
   82.399999999999835       0.31727102112555633     
   83.199999999999832        1.5880218562852211E-002
   83.999999999999829      -0.28119270582791495     
   84.799999999999827        1.8421593984891238E-002
   85.599999999999824       0.27036606067792479     
   86.399999999999821       -6.4734062353667632E-002
   87.199999999999818      -0.30013736245711020     
   87.999999999999815        6.4144803100260495E-002
   88.799999999999812       0.30261760542787208     
   89.599999999999810       -5.6061430176481797E-002
   90.399999999999807      -0.26921720346704425     
   91.199999999999804        8.9643909468836824E-002
   91.999999999999801       0.26070150724654512     
   92.799999999999798      -0.12630866049769268     
   93.599999999999795      -0.28024945839843207     
   94.399999999999793       0.12523526203725338     
   95.199999999999790       0.27389514872740817     
   95.999999999999787      -0.12343382914105872     
   96.799999999999784      -0.24275492018501491     
   97.599999999999781       0.15429905956629172     
   98.399999999999778       0.23463951634264729     
   99.199999999999775      -0.18246655436242804     
   99.999999999999773      -0.24506431931216915     
   100.79999999999977       0.18089662396281680     
   101.59999999999977       0.23214677737315287     
   102.39999999999976      -0.18273441577763966     
   103.19999999999976      -0.20291665676278459     
   103.99999999999976       0.20947506890682804     
   104.79999999999976       0.19408064869748370     
   105.59999999999975      -0.23005207290371932     
   106.39999999999975      -0.19675533070008944     
   107.19999999999975       0.22766666485817905     
   107.99999999999974       0.17922326416335893     
   108.79999999999974      -0.23093745238265639     
   109.59999999999974      -0.15170207471607217     
   110.39999999999974       0.25262037839452839     
   111.19999999999973       0.14166610127954510     
   111.99999999999973      -0.26633085247100635     
   112.79999999999973      -0.13812121050035747     
   113.59999999999972       0.26267181702386272     
   114.39999999999972       0.11767399564523404     
   115.19999999999972      -0.26561348608611945     
   115.99999999999972       -9.1839501356482167E-002
   116.79999999999971       0.28169625014141964     
   117.59999999999971        8.0620192893002485E-002
   118.39999999999971      -0.28914887509614018     
   119.19999999999970       -7.2450355468729022E-002
   119.99999999999970       0.28374764081163267     
   120.79999999999970        5.0585417018303769E-002
   121.59999999999970      -0.28503759634985210     
   122.39999999999969       -2.6587259555325149E-002
   123.19999999999969       0.29531034659883976     
   123.99999999999969        1.4560709509950476E-002
   124.79999999999968      -0.29706409566442393     
   125.59999999999968       -3.3475843778992265E-003
   126.39999999999968       0.28953889397096561     
   127.19999999999968       -1.8612628131027487E-002
   127.99999999999967      -0.28828053079672455     
   128.79999999999967        4.0483964880327017E-002
   129.59999999999968       0.29282445254447442     
   130.39999999999969       -5.2705531143737272E-002
   131.19999999999970      -0.28944643616114574     
   131.99999999999972        6.5456031250843372E-002
   132.79999999999973       0.27957157960986900     
   133.59999999999974       -8.6351401459404176E-002
   134.39999999999975      -0.27527156851603773     
   135.19999999999976       0.10570906650289691     
   135.99999999999977       0.27442564070269471     
   136.79999999999978      -0.11738482940672873     
   137.59999999999980      -0.26653641527681726     
   138.39999999999981       0.13029212936917434     
   139.19999999999982       0.25428452096885495     
   139.99999999999983      -0.14912197533214994     
   140.79999999999984      -0.24681944093622760     
   141.59999999999985       0.16553305815795888     
   142.39999999999986       0.24114850563008339     
   143.19999999999987      -0.17588438982747334     
   143.99999999999989      -0.22945067826845925     
   144.79999999999990       0.18773145127277965     
   145.59999999999991       0.21500823071729580     
   146.39999999999992      -0.20365861867175511     
   147.19999999999993      -0.20457978289176232     
   147.99999999999994       0.21669524507053201     
   148.79999999999995       0.19483885312672472     
   149.59999999999997      -0.22498055919125054     
   150.39999999999998      -0.18012654400602607     
   151.19999999999999       0.23474344134831548     
   152.00000000000000       0.16388479436408865     
   152.80000000000001      -0.24710368117963011     
   153.60000000000002      -0.15096451925376675     
   154.40000000000003       0.25639182876316102     
   155.20000000000005       0.13805682757847867     
   156.00000000000006      -0.26196757172991658     
   156.80000000000007      -0.12120648572848819     
   157.60000000000008       0.26883903766424583     
   158.40000000000009       0.10373208420095104     
   159.20000000000010      -0.27715397707903816     
   160.00000000000011       -8.8998321927233170E-002
   160.80000000000013       0.28241810748301061     
   161.60000000000014        7.3927495410000266E-002
   162.40000000000015      -0.28478799135037319     
   163.20000000000016       -5.5873601424680286E-002
   164.00000000000017       0.28819647777119195     
   164.80000000000018        3.7865159339789067E-002
   165.60000000000019      -0.29218779342405676     
   166.40000000000020       -2.2136318851246006E-002
   167.20000000000022       0.29328955030525322     
   168.00000000000023        5.9553945655049234E-003
   168.80000000000024      -0.29214283936434693     
   169.60000000000025        1.2343579574913888E-002
   170.40000000000026       0.29176606891520823     
   171.20000000000027       -3.0106358773421049E-002
   172.00000000000028      -0.29136751080074036     
   172.80000000000030        4.5937766352479648E-002
   173.60000000000031       0.28833605398398682     
   174.40000000000032       -6.2176823058035069E-002
   175.20000000000033      -0.28357387426281855     
   176.00000000000034        7.9776771355046183E-002
   176.80000000000035       0.27934463932387255     
   177.60000000000036       -9.6485673039731268E-002
   178.40000000000038      -0.27470783982543695     
   179.20000000000039       0.11151449772424255     
   180.00000000000040       0.26775861739077672     
   180.80000000000041      -0.12680771416214570     
   181.60000000000042      -0.25950601048579214     
   182.40000000000043       0.14281750418783729     
   183.20000000000044       0.25160700038639250     
   184.00000000000045      -0.15768616243565425     
   184.80000000000047      -0.24309709357457104     
   185.60000000000048       0.17104938628066868     
   186.40000000000049       0.23263594398354068     
   187.20000000000050      -0.18448262810920948     
   188.00000000000051      -0.22123757345984257     
   188.80000000000052       0.19810074943169781     
   189.60000000000053       0.21008289298761706     
   190.40000000000055      -0.21041080041398430     
   191.20000000000056      -0.19826123756958586     
   192.00000000000057       0.22133513155294454     
   192.80000000000058       0.18487216980427842     
   193.60000000000059      -0.23212084887399190     
   194.40000000000060      -0.17087126385242909     
   195.20000000000061       0.24266934525754649     
   196.00000000000063       0.15707426352939305     
   196.80000000000064      -0.25181181862899071     
   197.60000000000065      -0.14266787219143542     
   198.40000000000066       0.25965470310264127     
   199.20000000000067       0.12708536497877074     
   200.00000000000068      -0.26716418582459678     
   200.80000000000069      -0.11118792987228715     
   201.60000000000070       0.27411962282122398     
   202.40000000000072        9.5517411193525303E-002
   203.20000000000073      -0.27963146764962538     
   204.00000000000074       -7.9377314684867945E-002
   204.80000000000075       0.28391608518051215     
   205.60000000000076        6.2446531661690119E-002
   206.40000000000077      -0.28770734540553111     
   207.20000000000078       -4.5475047970568616E-002
   208.00000000000080       0.29072805413425051     
   208.80000000000081        2.8803894285951537E-002
   209.60000000000082      -0.29232309798770062     
   210.40000000000083       -1.1856631400418371E-002
   211.20000000000084       0.29276684110386131     
   212.00000000000085       -5.5134618329230056E-003
   212.80000000000086      -0.29260693275177618     
   213.60000000000088        2.2671595581540527E-002
   214.40000000000089       0.29155459975653447     
   215.20000000000090       -3.9420505317027732E-002
   216.00000000000091      -0.28914700482671868     
   216.80000000000092        5.6223484422121550E-002
   217.60000000000093       0.28568145564239877     
   218.40000000000094       -7.3109020153178161E-002
   219.20000000000095      -0.28156063781980178     
   220.00000000000097        8.9553399777196230E-002
   220.80000000000098       0.27651317858215640     
   221.60000000000099      -0.10545971322399716     
   222.40000000000100      -0.27023039069778870     
   223.20000000000101       0.12119077202656892     
   224.00000000000102       0.26300981259776013     
   224.80000000000103      -0.13670003029810962     
   225.60000000000105      -0.25514430051146053     
   226.40000000000106       0.15156608365607194     
   227.20000000000107       0.24639665242730568     
   228.00000000000108      -0.16576020902927258     
   228.80000000000109      -0.23657877164056243     
   229.60000000000110       0.17956009566942774     
   230.40000000000111       0.22597436652677325     
   231.20000000000113      -0.19287664385551359     
   232.00000000000114      -0.21479505767111090     
   232.80000000000115       0.20537979050483024     
   233.60000000000116       0.20284554222230800     
   234.40000000000117      -0.21708586538457736     
   235.20000000000118      -0.19002936131835907     
   236.00000000000119       0.22820349351084346     
   236.80000000000121       0.17660816502322130     
   237.60000000000122      -0.23862489575141926     
   238.40000000000123      -0.16273464826745010     
   239.20000000000124       0.24809981119356267     
   240.00000000000125       0.14825673073352180     
   240.80000000000126      -0.25667357149248687     
   241.60000000000127      -0.13314505138140681     
   242.40000000000128       0.26450124515707440     
   243.20000000000130       0.11763480424188075     
   244.00000000000131      -0.27147346720735099     
   244.80000000000132      -0.10183649081812501     
   245.60000000000133       0.27740863770332003     
   246.40000000000134        8.5638337714073476E-002
   247.20000000000135      -0.28237042996837231     
   248.00000000000136       -6.9057677082755287E-002
   248.80000000000138       0.28647452169266169     
   249.60000000000139        5.2301339452906076E-002
   250.40000000000140      -0.28962172081290205     
   251.20000000000141       -3.5449715153215378E-002
   252.00000000000142       0.29168881205731484     
   252.80000000000143        1.8425912688564250E-002
   253.60000000000144      -0.29275105806325480     
   254.40000000000146       -1.2773683337868325E-003
   255.20000000000147       0.29289703001672696     
   256.00000000000148       -1.5817751773238298E-002
   256.80000000000149      -0.29204521289142998     
   257.60000000000150        3.2800775937087800E-002
   258.40000000000151       0.29012146773861891     
   259.20000000000152       -4.9720340363422322E-002
   260.00000000000153      -0.28720849641244106     
   260.80000000000155        6.6512062235089486E-002
   261.60000000000156       0.28337779116663453     
   262.40000000000157       -8.3025744154968606E-002
   263.20000000000158      -0.27856956086546303     
   264.00000000000159        9.9218866199677347E-002
   264.80000000000160       0.27275028050213934     
   265.60000000000161      -0.11511873441666631     
   266.40000000000163      -0.26600743681825811     
   267.20000000000164       0.13065421143706224     
   268.00000000000165       0.25840300735146271     
   268.80000000000166      -0.14570182972907619     
   269.60000000000167      -0.24990014451896453     
   270.40000000000168       0.16023177477314382     
   271.20000000000169       0.24049811749569211     
   272.00000000000171      -0.17425669952865103     
   272.80000000000172      -0.23028719475232270     
   273.60000000000173       0.18770645967720520     
   274.40000000000174       0.21932494145506959     
   275.20000000000175      -0.20048287927700004     
   276.00000000000176      -0.20759641679652913     
   276.80000000000177       0.21256697835262467     
   277.60000000000178       0.19512634949336646     
   278.40000000000180      -0.22396290374495634     
   279.20000000000181      -0.18200590679861658     
   280.00000000000182       0.23460731574074170     
   280.80000000000183       0.16829110656109003     
   281.60000000000184      -0.24442592585922612     
   282.40000000000185      -0.15398619968097724     
   283.20000000000186       0.25340986264812737     
   284.00000000000188       0.13913448710964810     
   284.80000000000189      -0.26156024612889633     
   285.60000000000190      -0.12382604759300386     
   286.40000000000191       0.26882483251432260     
   287.20000000000192       0.10811638744141389     
   288.00000000000193      -0.27515195320705382     
   288.80000000000194       -9.2025148967601306E-002
   289.60000000000196       0.28054287987255089     
   290.40000000000197        7.5607846000583290E-002
   291.20000000000198      -0.28500041146823385     
   292.00000000000199       -5.8951382349922088E-002
   292.80000000000200       0.28848643760763698     
   293.60000000000201        4.2110462131959792E-002
   294.40000000000202      -0.29097073572553500     
   295.20000000000203       -2.5115796015816705E-002
   296.00000000000205       0.29246512286892756     
   296.80000000000206        8.0294148263174714E-003
   297.60000000000207      -0.29297786696697065     
   298.40000000000208        9.0670199722145961E-003
   299.20000000000209       0.29248688217747015     
   300.00000000000210       -2.6120732529651858E-002
   300.80000000000211      -0.29098214077580087     
   301.60000000000213        4.3094326897942403E-002
   302.40000000000214       0.28848636356059582     
   303.20000000000215       -5.9924180949612271E-002
   304.00000000000216      -0.28501598175758613     
   304.80000000000217        7.6535802801441455E-002
   305.60000000000218       0.28056567397791532     
   306.40000000000219       -9.2879913766427458E-002
   307.20000000000221      -0.27514404087670324     
   308.00000000000222       0.10891656596527594     
   308.80000000000223       0.26878463798075725     
   309.60000000000224      -0.12458468111784371     
   310.40000000000225      -0.26151349865273626     
   311.20000000000226       0.13981866477249139     
   312.00000000000227       0.25334162577357083     
   312.80000000000229      -0.15457449134989226     
   313.60000000000230      -0.24429415640714591     
   314.40000000000231       0.16881339560867337     
   315.20000000000232       0.23441470988624566     
   316.00000000000233      -0.18248025891523903     
   316.80000000000234      -0.22373904704157074     
   317.60000000000235       0.19551992186542458     
   318.40000000000236       0.21229291653280716     
   319.20000000000238      -0.20789541871724734     
   320.00000000000239      -0.20011528265060152     
   320.80000000000240       0.21957247087660825     
   321.60000000000241       0.18725825928106959     
   322.40000000000242      -0.23050473450754527     
   323.20000000000243      -0.17376624737867524     
   324.00000000000244       0.24064886952701831     
   324.80000000000246       0.15967719500974292     
   325.60000000000247      -0.24997675177597001     
   326.40000000000248      -0.14504063878950491     
   327.20000000000249       0.25846147205222425     
   328.00000000000250       0.12991491681267234     
   328.80000000000251      -0.26606777332528975     
   329.60000000000252      -0.11435102887585802     
   330.40000000000254       0.27276536933381140     
   331.20000000000255        9.8395902352086506E-002
   332.00000000000256      -0.27853664650587417     
   332.80000000000257       -8.2106057514634900E-002
   333.60000000000258       0.28336449973347078     
   334.40000000000259        6.5543326158990389E-002
   335.20000000000260      -0.28722658299802573     
   336.00000000000261       -4.8762667185438757E-002
   336.80000000000263       0.29010666897642823     
   337.60000000000264        3.1816448259576191E-002
   338.40000000000265      -0.29199905857349584     
   339.20000000000266       -1.4764526162473812E-002
   340.00000000000267       0.29289832958666334     
   340.80000000000268       -2.3306729484161015E-003
   341.60000000000269      -0.29279629306767313     
   342.40000000000271        1.9413110508365639E-002
   343.20000000000272       0.29169138339426426     
   344.00000000000273       -3.6428509742875703E-002
   344.80000000000274      -0.28959073272385155     
   345.60000000000275        5.3317137243998058E-002
   346.40000000000276       0.28650174547576102     
   347.20000000000277       -7.0018793601357376E-002
   348.00000000000279      -0.28243089242207969     
   348.80000000000280        8.6479201868729427E-002
   349.60000000000281       0.27739124710859220     
   350.40000000000282      -0.10264547280402647     
   351.20000000000283      -0.27140296191425151     
   352.00000000000284       0.11846111858548858     
   352.80000000000285       0.26448648975327693     
   353.60000000000286      -0.13387076381607221     
   354.40000000000288      -0.25666255796341597     
   355.20000000000289       0.14882454004920587     
   356.00000000000290       0.24795804271071514     
   356.80000000000291      -0.16327390536174269     
   357.60000000000292      -0.23840540410767544     
   358.40000000000293       0.17716836036595809     
   359.20000000000294       0.22803733796157619     
   360.00000000000296      -0.19045968465460353     
   360.80000000000297      -0.21688745046057062     
   361.60000000000298       0.20310482162491722     
   362.40000000000299       0.20499470176134488     
   363.20000000000300      -0.21506219241441132     
   364.00000000000301      -0.19240221613107983     
   364.80000000000302       0.22628967843643200     
   365.60000000000304       0.17915314261661192     
   366.40000000000305      -0.23674829346925724     
   367.20000000000306      -0.16529169762237664     
   368.00000000000307       0.24640395331973383     
   368.80000000000308       0.15086642168836931     
   369.60000000000309      -0.25522433637103714     
   370.40000000000310      -0.13592866959179006     
   371.20000000000312       0.26317777877722354     
   372.00000000000313       0.12052947334166153     
   372.80000000000314      -0.27023635866726720     
   373.60000000000315      -0.10472073268827548     
   374.40000000000316       0.27637686084205987     
   375.20000000000317        8.8557521469208783E-002
   376.00000000000318      -0.28157817462597801     
   376.80000000000319       -7.2096474109655917E-002
   377.60000000000321       0.28582081675488891     
   378.40000000000322        5.5393465657551766E-002
   379.20000000000323      -0.28908944301860567     
   380.00000000000324       -3.8504812205869154E-002
   380.80000000000325       0.29137324312244728     
   381.60000000000326        2.1488840442222212E-002
   382.40000000000327      -0.29266382604679880     
   383.20000000000329       -4.4043152220287207E-003
   384.00000000000330       0.29295514429863440     
   384.80000000000331       -1.2691226891227092E-002
   385.60000000000332      -0.29224547022079772     
   386.40000000000333        2.9740349629376328E-002
   387.20000000000334       0.29053739397016498     
   388.00000000000335       -4.6684702700952485E-002
   388.80000000000337      -0.28783612481510279     
   389.60000000000338        6.3466466131509913E-002
   390.40000000000339       0.28414964262177289     
   391.20000000000340       -8.0029506378878457E-002
   392.00000000000341      -0.27949018943657561     
   392.80000000000342        9.6318367093076229E-002
   393.60000000000343       0.27387399667599555     
   394.40000000000344      -0.11227766352100654     
   395.20000000000346      -0.26731992570328222     
   396.00000000000347       0.12785335564032652     
   396.80000000000348       0.25984972064636663     
   397.60000000000349      -0.14299351730538545     
   398.40000000000350      -0.25148907587157421     
   399.20000000000351       0.15764746872488222     
   400.00000000000352       0.24226718673696315     
   400.80000000000354      -0.17176546534504036     
   401.60000000000355      -0.23221566056516607     
   402.40000000000356       0.18529978664162355     
   403.20000000000357       0.22136878888918166     
   404.00000000000358      -0.19820522108383898     
   404.80000000000359      -0.20976425946316468     
   405.60000000000360       0.21043834659642013     
   406.40000000000362       0.19744260489118254     
   407.20000000000363      -0.22195742528434320     
   408.00000000000364      -0.18444632984499681     
   408.80000000000365       0.23272331165450311     
   409.60000000000366       0.17082015810316528     
   410.40000000000367      -0.24269973414013582     
   411.20000000000368      -0.15661146232607484     
   412.00000000000369       0.25185271598216730     
   412.80000000000371       0.14186967116555288     
   413.60000000000372      -0.26015060492498604     
   414.40000000000373      -0.12664557385650058     
   415.20000000000374       0.26756481085343797     
   416.00000000000375       0.11099152500056661     
   416.80000000000376      -0.27406994185072475     
   417.60000000000377       -9.4961664229726295E-002
   418.40000000000379       0.27964334575990030     
   419.20000000000380        7.8611330028973303E-002
   420.00000000000381      -0.28426521537014554     
   420.80000000000382       -6.1996513931831143E-002
   421.60000000000383       0.28791916485370916     
   422.40000000000384        4.5174022453515206E-002
   423.20000000000385      -0.29059225710478570     
   424.00000000000387       -2.8201551045578643E-002
   424.80000000000388       0.29227463691838457     
   425.60000000000389        1.1137139175036281E-002
   426.40000000000390      -0.29295966061648371     
   427.20000000000391        5.9612483783788028E-003
   428.00000000000392       0.29264431803700908     
   428.80000000000393       -2.3035596597454466E-002
   429.60000000000394      -0.29132917147502224     
   430.40000000000396        4.0027860506130053E-002
   431.20000000000397       0.28901804741660653     
   432.00000000000398       -5.6880448982029264E-002
   432.80000000000399      -0.28571814892915914     
   433.60000000000400        7.3536538051035327E-002
   434.40000000000401       0.28144032965602306     
   435.20000000000402       -8.9939977296671136E-002
   436.00000000000404      -0.27619895580067427     
   436.80000000000405       0.10603536767126348     
   437.60000000000406       0.27001162648577787     
   438.40000000000407      -0.12176847766402626     
   439.20000000000408      -0.26289923998281117     
   440.00000000000409       0.13708647342922625     
   440.80000000000410       0.25488613040980790     
   441.60000000000412      -0.15193785327264364     
   442.40000000000413      -0.24599986331780269     
   443.20000000000414       0.16627255907506414     
   444.00000000000415       0.23627096438188810     
   444.80000000000416      -0.18004232747466470     
   445.60000000000417      -0.22573292623877561     
   446.40000000000418       0.19320085789054153     
   447.20000000000420       0.21442222643616177     
   448.00000000000421      -0.20570377282226637     
   448.80000000000422      -0.20237807175944017     
   449.60000000000423       0.21750874697670514     
   450.40000000000424       0.18964212775180578     
   451.20000000000425      -0.22857579956550139     
   452.00000000000426      -0.17625846850381774     
   452.80000000000427       0.23886741663278846     
   453.60000000000429       0.16227350247141686     
   454.40000000000430      -0.24834853260151801     
   455.20000000000431      -0.14773568627503927     
   456.00000000000432       0.25698666364042566     
   456.80000000000433       0.13269525888003131     
   457.60000000000434      -0.26475214508405476     
   458.40000000000435      -0.11720414821941566     
   459.20000000000437       0.27161821654144191     
   460.00000000000438       0.10131583595045640     
   460.80000000000439      -0.27756101486959633     
   461.60000000000440       -8.5085063893681173E-002
   462.40000000000441       0.28255969658185509     
   463.20000000000442        6.8567582910045888E-002
   464.00000000000443      -0.28659661892397303     
   464.80000000000445       -5.1820035099693629E-002
   465.60000000000446       0.28965738716589401     
   466.40000000000447        3.4899787214170364E-002
   467.20000000000448      -0.29173084334058452     
   468.00000000000449       -1.7864650188907927E-002
   468.80000000000450       0.29280915973213867     
   469.60000000000451        7.7265269786913615E-004
   470.40000000000452      -0.29288795686029989     
   471.20000000000454        1.6318084177582126E-002
   472.00000000000455       0.29196630553745245     
   472.80000000000456       -3.3349521819258654E-002
   473.60000000000457      -0.29004669269163552     
   474.40000000000458        5.0263957996270647E-002
   475.20000000000459       0.28713506790818949     
   476.00000000000460       -6.7004223313327949E-002
   476.80000000000462      -0.28324089013416848     
   477.60000000000463        8.3513803253996322E-002
   478.40000000000464       0.27837707562222580     
   479.20000000000465       -9.9737007441072500E-002
   480.00000000000466      -0.27255992464483336     
   480.80000000000467       0.11561919192843861     
   481.60000000000468       0.26580910813203973     
   482.40000000000470      -0.13110692624498527     
   483.20000000000471      -0.25814763916735095     
   484.00000000000472       0.14614810793103050     
   484.80000000000473       0.24960176279897894     
   485.60000000000474      -0.16069212037801184     
   486.40000000000475      -0.24020083565656719     
   487.20000000000476       0.17469002474608059     
   488.00000000000477       0.22997724957249877     
   488.80000000000479      -0.18809470199842099     
   489.60000000000480      -0.21896633278489896     
   490.40000000000481       0.20086095957605710     
   491.20000000000482       0.20720618674410510     
   492.00000000000483      -0.21294567621134816     
   492.80000000000484      -0.19473752187122051     
   493.60000000000485       0.22430796677077147     
   494.40000000000487       0.18160352656410869     
   495.20000000000488      -0.23490930336878860     
   496.00000000000489      -0.16784971285293165     
   496.80000000000490       0.24471361333971531     
   497.60000000000491       0.15352371467344503     
   498.40000000000492      -0.25368740876726592     
   499.20000000000493      -0.13867509299245806     
   500.00000000000495       0.26179992489603476     
   500.80000000000496       0.12335516758865003     
   501.60000000000497      -0.26902322000923695     
   502.40000000000498      -0.10761682857059679     
   503.20000000000499       0.27533225950852280     
   504.00000000000500        9.1514316083946556E-002
   504.80000000000501      -0.28070502352022486     
   505.60000000000502       -7.5103013124691920E-002
   506.40000000000504       0.28512261382780008     
   507.20000000000505        5.8439260861863240E-002
   508.00000000000506      -0.28856932572788230     
   508.80000000000507       -4.1580158346312623E-002
   509.60000000000508       0.29103270727604069     
   510.40000000000509        2.4583343235157873E-002
   511.20000000000510      -0.29250363315320499     
   512.00000000000512       -7.5067895230419013E-003
   512.80000000000507       0.29297636960373136     
   513.60000000000502       -9.5913755815663637E-003
   514.40000000000498      -0.29244860636673631     
   515.20000000000493        2.6653066113813795E-002
   516.00000000000489       0.29092147654732120     
   516.80000000000484       -4.3620441509430119E-002
   517.60000000000480      -0.28839958261370258     
   518.40000000000475        6.0436092524647045E-002
   519.20000000000471       0.28489100715077464     
   520.00000000000466       -7.7043211573874226E-002
   520.80000000000462      -0.28040729250096058     
   521.60000000000457        9.3385771428529663E-002
   522.40000000000452       0.27496340825023635     
   523.20000000000448      -0.10940870778761524     
   524.00000000000443      -0.26857771834543420     
   524.80000000000439       0.12505808463269619     
   525.60000000000434       0.26127192959355283     
   526.40000000000430      -0.14028124782648710     
   527.20000000000425      -0.25307101214507194     
   528.00000000000421       0.15502698530483322     
   528.80000000000416       0.24400310883696255     
   529.60000000000412      -0.16924568785082569     
   530.40000000000407      -0.23409944085060466     
   531.20000000000402       0.18288949485198860     
   532.00000000000398       0.22339419490199758     
   532.80000000000393      -0.19591243173368195     
   533.60000000000389      -0.21192438747832021     
   534.40000000000384       0.20827055260667282     
   535.20000000000380       0.19972972088918567     
   536.00000000000375      -0.21992208136536334     
   536.80000000000371      -0.18685243567003407     
   537.60000000000366       0.23082753980244952     
   538.40000000000362       0.17333714783417450     
   539.20000000000357      -0.24094986950845940     
   540.00000000000352      -0.15923066992298957     
   540.80000000000348       0.25025455698503840     
   541.60000000000343       0.14458182842478073     
   542.40000000000339      -0.25870975491655407     
   543.20000000000334      -0.12944128001747762     
   544.00000000000330       0.26628639121219899     
   544.80000000000325       0.11386131785341541     
   545.60000000000321      -0.27295827193901379     
   546.40000000000316       -9.7895668916266027E-002
   547.20000000000312       0.27870218419405457     
   548.00000000000307        8.1599292700697768E-002
   548.80000000000302      -0.28349799193580977     
   549.60000000000298       -6.5028182044779725E-002
   550.40000000000293       0.28732871864320492     
   551.20000000000289        4.8239159363962170E-002
   552.00000000000284      -0.29018062199869454     
   552.80000000000280       -3.1289670286458793E-002
   553.60000000000275       0.29204326409194281     
   554.40000000000271        1.4237582588247422E-002
   555.20000000000266      -0.29290957064850881     
   556.00000000000261        2.8590100561513565E-003
   556.80000000000257       0.29277587498070595     
   557.60000000000252       -1.9941984826736203E-002
   558.40000000000248      -0.29164195104568608     
   559.20000000000243        3.6953384796588884E-002
   560.00000000000239       0.28951103746497098     
   560.80000000000234       -5.3835606546456916E-002
   561.60000000000230      -0.28638984694644221     
   562.40000000000225        7.0531581815128752E-002
   563.20000000000221       0.28228855847555723     
   564.00000000000216       -8.6984957445883082E-002
   564.80000000000211      -0.27722079618066292     
   565.60000000000207       0.10314027155212835     
   566.40000000000202       0.27120359593797377     
   567.20000000000198      -0.11894312200120222     
   568.00000000000193      -0.26425735546605417     
   568.80000000000189       0.13434032922861411     
   569.60000000000184       0.25640576685834876     
   570.40000000000180      -0.14928009671741610     
   571.20000000000175      -0.24767573529411535     
   572.00000000000171       0.16371216724773741     
   572.80000000000166       0.23809728481870585     
   573.60000000000161      -0.17758797229946632     
   574.40000000000157      -0.22770344838787129     
   575.20000000000152       0.19086077670645915     
   576.00000000000148       0.21653014249881597     
   576.80000000000143      -0.20348582094974094     
   577.60000000000139      -0.20461603009805418     
   578.40000000000134       0.21542045923650255     
   579.20000000000130       0.19200237274277038     
   580.00000000000125      -0.22662429148775776     
   580.80000000000121      -0.17873287048277212     
   581.60000000000116       0.23705929100634635     
   582.40000000000111       0.16485349075456790     
   583.20000000000107      -0.24668992921482619     
   584.00000000000102      -0.15041228979302079     
   584.80000000000098       0.25548329548929966     
   585.60000000000093       0.13545922755643833     
   586.40000000000089      -0.26340921052302535     
   587.20000000000084      -0.12004597548858315     
   588.00000000000080       0.27044033441562676     
   588.80000000000075       0.10422571884043610     
   589.60000000000070      -0.27655226992937965     
   590.40000000000066       -8.8052956586083198E-002
   591.20000000000061       0.28172365877572025     
   592.00000000000057        7.1583299704790770E-002
   592.80000000000052      -0.28593626947591416     
   593.60000000000048       -5.4873267517750846E-002
   594.40000000000043       0.28917507741617432     
   595.20000000000039        3.7980083721840863E-002
   596.00000000000034      -0.29142833683120067     
   596.80000000000030       -2.0961474415727266E-002
   597.60000000000025       0.29268764257734475     
   598.40000000000020        3.8754684422989683E-003
   599.20000000000016      -0.29294798041795633     
   600.00000000000011        1.3219800279769600E-002
   600.80000000000007       0.29220776612096627     
   601.60000000000002       -3.0266287201830278E-002
   602.39999999999998      -0.29046887281864847     
   603.19999999999993        4.7206226912665905E-002
   603.99999999999989       0.28773664482069328     
   604.79999999999984       -6.3982318411492933E-002
   605.59999999999980      -0.28401989704042718     
   606.39999999999975        8.0537906383355229E-002
   607.19999999999970       0.27933090040806346     
   607.99999999999966       -9.6817157721259650E-002
   608.79999999999961      -0.27368535291192286     
   609.59999999999957       0.11276523255704340     
   610.39999999999952       0.26710233513944698     
   611.19999999999948      -0.12832845034990487     
   611.99999999999943      -0.25960425018015143     
   612.79999999999939       0.14345445162223636     
   613.59999999999934       0.25121674867202887     
   614.39999999999930      -0.15809235490719831     
   615.19999999999925      -0.24196863915724576     
   615.99999999999920       0.17219290859347608     
   616.79999999999916       0.23189178348128109     
   617.59999999999911      -0.18570863829739837     
   618.39999999999907      -0.22102097788385267     
   619.19999999999902       0.19859399022466789     
   619.99999999999898       0.20939382107418647     
   620.79999999999893      -0.21080547013063589     
   621.59999999999889      -0.19705057003798715     
   622.39999999999884       0.22230177763490838     
   623.19999999999879       0.18403398407878555     
   623.99999999999875      -0.23304393629410561     
   624.79999999999870      -0.17038915835024421     
   625.59999999999866       0.24299541953282616     
   626.39999999999861       0.15616334851225694     
   627.19999999999857      -0.25212227182987956     
   627.99999999999852      -0.14140578761970596     
   628.79999999999848       0.26039322470670084     
   629.59999999999843       0.12616749618180403     
   630.39999999999839      -0.26777980749261432     
   631.19999999999834      -0.11050108688118943     
   631.99999999999829       0.27425645248717778     
   632.79999999999825        9.4460565578269012E-002
   633.59999999999820      -0.27980059359722698     
   634.39999999999816       -7.8101129704699263E-002
   635.19999999999811       0.28439275769850325     
   635.99999999999807        6.1478964997292301E-002
   636.79999999999802      -0.28801664827411821     
   637.59999999999798       -4.4651041883899956E-002
   638.39999999999793       0.29065922056504029     
   639.19999999999789        2.7674912791069595E-002
   639.99999999999784      -0.29231074711081306     
   640.79999999999779       -1.0608511144495514E-002
   641.59999999999775       0.29296487278935079     
   642.39999999999770       -6.4900473018126847E-003
   643.19999999999766      -0.29261865872867210     
   643.99999999999761        2.3562659947274356E-002
   644.79999999999757       0.29127261424958600     
   645.59999999999752       -4.0551428911996201E-002
   646.39999999999748      -0.28893071583716667     
   647.19999999999743        5.7398848395144697E-002
   647.99999999999739       0.28560041244503109     
   648.79999999999734       -7.4047987617774480E-002
   649.59999999999729      -0.28129261670901118     
   650.39999999999725        9.0442668983694907E-002
   651.19999999999720       0.27602168155274887     
   651.99999999999716      -0.10652764123750919     
   652.79999999999711      -0.26980536167096825     
   653.59999999999707       0.12224874771907940     
   654.39999999999702       0.26266475973222220     
   655.19999999999698      -0.13755308982341663     
   655.99999999999693      -0.25462425741555839     
   656.79999999999688       0.15238918562151682     
   657.59999999999684       0.24571143138281318     
   658.39999999999679      -0.16670712369666138     
   659.19999999999675      -0.23595695438263914     
   659.99999999999670       0.18045871243959216     
   660.79999999999666       0.22539448202531262     
   661.59999999999661      -0.19359762496736813     
   662.39999999999657      -0.21406052599195358     
   663.19999999999652       0.20607953965480097     
   663.99999999999648       0.20199431444093485     
   664.79999999999643      -0.21786227629931315     
   665.59999999999638      -0.18923764047226024     
   666.39999999999634       0.22890592800908169     
   667.19999999999629       0.17583469977126326     
   667.99999999999625      -0.23917298875568171     
   668.79999999999620      -0.16183191867768304     
   669.59999999999616       0.24862847634016805     
   670.39999999999611       0.14727777387505153     
   671.19999999999607      -0.25724005050359283     
   671.99999999999602      -0.13222260493146654     
   672.79999999999598       0.26497812590510816     
   673.59999999999593       0.11671842105978558     
   674.39999999999588      -0.27181597951854980     
   675.19999999999584      -0.10081870346798821     
   675.99999999999579       0.27772985182710264     
   676.79999999999575        8.4578204544416391E-002
   677.59999999999570      -0.28269904117517974     
   678.39999999999566       -6.8052745077345989E-002
   679.19999999999561       0.28670599061717134     
   679.99999999999557        5.1299010726868266E-002
   680.79999999999552      -0.28973636646990381     
   681.59999999999548       -3.4374348869445681E-002
   682.39999999999543       0.29177912767765646     
   683.19999999999538        1.7336566755353722E-002
   683.99999999999534      -0.29282658513218335     
   684.79999999999529       -2.4373181961084844E-004
   685.59999999999525       0.29287445012259389     
   686.39999999999520       -1.6846025066792725E-002
   687.19999999999516      -0.29192187104946993     
   687.99999999999511        3.3874702761160502E-002
   688.79999999999507       0.28997145755003745     
   689.59999999999502       -5.0784618968075235E-002
   690.39999999999498      -0.28702929130224319     
   691.19999999999493        6.7518594953544120E-002
   691.99999999999488       0.28310492288958378     
   692.79999999999484       -8.4020135558098841E-002
   693.59999999999479      -0.27821135417277509     
   694.39999999999475       0.10023360433731560     
   695.19999999999470       0.27236500573097616     
   695.99999999999466      -0.11610439379170734     
   696.79999999999461      -0.26558566912968684     
   697.59999999999457       0.13157909070104956     
   698.39999999999452       0.25789644394613032     
   699.19999999999447      -0.14660563659955878     
   699.99999999999443      -0.24932365961326669     
   700.79999999999438       0.16113348349000889     
   701.59999999999434       0.23989678231129835     
   702.39999999999429      -0.17511374494608656     
   703.19999999999425      -0.22964830734604266     
   703.99999999999420       0.18849934273154204     
   704.79999999999416       0.21861363762605845     
   705.59999999999411      -0.20124514902107671     
   706.39999999999407      -0.20683094897715157     
   707.19999999999402       0.21330812429299548     
   707.99999999999397       0.19434104317744949     
   708.79999999999393      -0.22464745093196875     
   709.59999999999388      -0.18118718975302037     
   710.39999999999384       0.23522466249216087     
   711.19999999999379       0.16741495768013412     
   711.99999999999375      -0.24500376847344676     
   712.79999999999370      -0.15307203819942003     
   713.59999999999366       0.25395137439279125     
   714.39999999999361       0.13820806001017441     
   715.19999999999357      -0.26203679685044357     
   715.99999999999352      -0.12287439816975068     
   716.79999999999347       0.26923217317329740     
   717.59999999999343       0.10712397802732976     
   718.39999999999338      -0.27551256510847788     
   719.19999999999334       -9.1011075485568971E-002
   719.99999999999329       0.28085605596354524     
   720.79999999999325        7.4591114848716722E-002
   721.59999999999320      -0.28524384051345969     
   722.39999999999316       -5.7920465470648275E-002
   723.19999999999311       0.28866030690669509     
   723.99999999999307        4.1056238329293782E-002
   724.79999999999302      -0.29109310974027491     
   725.59999999999297       -2.4056083542259854E-002
   726.39999999999293       0.29253323345060106     
   727.19999999999288        6.9779897347874154E-003
   727.99999999999284      -0.29297504515610412     
   728.79999999999279        1.0119913935368430E-002
   729.59999999999275       0.29241633608288464     
   730.39999999999270       -2.7179552422034625E-002
   731.19999999999266      -0.29085835073406729     
   731.99999999999261        4.4143095565417290E-002
   732.79999999999256       0.28830580303288722     
   733.59999999999252       -6.0953144575837670E-002
   734.39999999999247      -0.28476687875347656     
   735.19999999999243        7.7552913912890542E-002
   735.99999999999238       0.28025322364781313     
   736.79999999999234       -9.3886408360722151E-002
   737.59999999999229      -0.27477991680208963     
   738.39999999999225       0.10989859520325779     
   739.19999999999220       0.26836542890865356     
   739.99999999999216      -0.12553557147837641     
   740.79999999999211      -0.26103156529764304     
   741.59999999999206       0.14074472634885588     
   742.39999999999202       0.25280339373215710     
   743.19999999999197      -0.15547489868073472     
   743.99999999999193      -0.24370915714505875     
   744.79999999999188       0.16967652995266030     
   745.59999999999184       0.23378017167777382     
   746.39999999999179      -0.18330181262290429     
   747.19999999999175      -0.22305071055200149     
   747.99999999999170       0.19630483406626131     
   748.79999999999166       0.21155787446238364     
   749.59999999999161      -0.20864171616918190     
   750.39999999999156      -0.19934144933078446     
   751.19999999999152       0.22027075062812945     
   751.99999999999147       0.18644375240364547     
   752.79999999999143      -0.23115252992912838     
   753.59999999999138      -0.17290946778819746     
   754.39999999999134       0.24125007390842743     
   755.19999999999129       0.15878547261232390     
   755.99999999999125      -0.25052895171221401     
   756.79999999999120      -0.14412065506440516     
   757.59999999999116       0.25895739888089409     
   758.39999999999111       0.12896572561812336     
   759.19999999999106      -0.26650642918084722     
   759.99999999999102      -0.11337302276417344     
   760.79999999999097       0.27314994070613635     
   761.59999999999093        9.7396314560655950E-002
   762.39999999999088      -0.27886481568053118     
   763.19999999999084       -8.1090597284808441E-002
   763.99999999999079       0.28363101330241819     
   764.79999999999075        6.4511892418081529E-002
   765.59999999999070      -0.28743165489421119     
   766.39999999999065       -4.7717043120787256E-002
   767.19999999999061       0.29025310055442333     
   767.99999999999056        3.0763511258764697E-002
   768.79999999999052      -0.29208501646860091     
   769.59999999999047       -1.3709175941015006E-002
   770.39999999999043       0.29292043201131535     
   771.19999999999038       -3.3878655864650331E-003
   771.99999999999034      -0.29275578576734357     
   772.79999999999029        2.0469493969686725E-002
   773.59999999999025       0.29159095962305781     
   774.39999999999020       -3.7477760104567603E-002
   775.19999999999015      -0.28942930012925411     
   775.99999999999011        5.4355073352432004E-002
   776.79999999999006       0.28627762640903298     
   777.59999999999002       -7.1044385260190412E-002
   778.39999999998997      -0.28214622397839229     
   779.19999999998993        8.7489368545728863E-002
   779.99999999998988       0.27704882396535829     
   780.79999999998984      -0.10363459121103297     
   781.59999999998979      -0.27100256735225003     
   782.39999999998975       0.11942568573134982     
   783.19999999998970       0.26402795401793266     
   783.99999999998965      -0.13480951333936864     
   784.79999999998961      -0.25614877651982493     
   785.59999999998956       0.14973432347893145     
   786.39999999998952       0.24739203872794441     
   787.19999999998947      -0.16414990853899830     
   787.99999999998943      -0.23778785959970147     
   788.79999999998938       0.17800775399362370     
   789.59999999998934       0.22736936255706430     
   790.39999999998929      -0.19126118407019149     
   791.19999999998925      -0.21617255109372280     
   791.99999999998920       0.20386550304743895     
   792.79999999998915       0.20423617139701250     
   793.59999999998911      -0.21577813224536413     
   794.39999999998906      -0.19160156291236674     
   795.19999999998902       0.22695874271181710     
   795.99999999998897       0.17831249790137599     
   796.79999999998893      -0.23736938353970533     
   797.59999999998888      -0.16441501114646767     
   798.39999999998884       0.24697460566716317     
   799.19999999998879       0.14995722103522532     
