   0.0000000000000000      -0.56939836330448879     
  0.80000000000000004       0.16972034053801066     
   1.6000000000000001        1.1542874854081697     
   2.4000000000000004        1.5497519430756255     
   3.2000000000000002       0.91280624602243154     
   4.0000000000000000      -0.37200560512019987     
   4.7999999999999998       -1.6388119434813682     
   5.5999999999999996       -1.9888046394314900     
   6.3999999999999995       -1.2243890893555527     
   7.1999999999999993      -0.20181922937405350     
   7.9999999999999991       0.40844438830094210     
   8.7999999999999989       0.40455599767438533     
   9.5999999999999996       -1.4692303942781926E-002
   10.400000000000000      -0.41177515029153317     
   11.200000000000001      -0.38477684115978161     
   12.000000000000002       0.18991360924196610     
   12.800000000000002        1.0787538565456734     
   13.600000000000003        1.6993519743809173     
   14.400000000000004        1.5036515550317309     
   15.200000000000005       0.70200797960643491     
   16.000000000000004      -0.15998346262907204     
   16.800000000000004      -0.73622555248769550     
   17.600000000000005      -0.89303008542417817     
   18.400000000000006      -0.73209089764695912     
   19.200000000000006      -0.53063142149973574     
   20.000000000000007      -0.52213804866375368     
   20.800000000000008      -0.74083206631711140     
   21.600000000000009       -1.0025989609453199     
   22.400000000000009       -1.0315007852842537     
   23.200000000000010      -0.69117497881353662     
   24.000000000000011       -6.7665152980993626E-002
   24.800000000000011       0.64918470534055706     
   25.600000000000012        1.2058911076487240     
   26.400000000000013        1.3397951849253074     
   27.200000000000014        1.0549444896663780     
   28.000000000000014       0.64177116403872547     
   28.800000000000015       0.36219453015742048     
   29.600000000000016       0.27836086398563409     
   30.400000000000016       0.27487920544368005     
   31.200000000000017       0.16755455523378099     
   32.000000000000014      -0.16717112989037841     
   32.800000000000011      -0.70287717130748040     
   33.600000000000009       -1.2228154355183589     
   34.400000000000006       -1.3985507655100609     
   35.200000000000003       -1.1135906064182644     
   36.000000000000000      -0.59069325654343952     
   36.799999999999997       -9.9022433302604740E-002
   37.599999999999994       0.23872599427852625     
   38.399999999999991       0.43465658452017342     
   39.199999999999989       0.57132688380617203     
   39.999999999999986       0.72747804096197155     
   40.799999999999983       0.91070756432141109     
   41.599999999999980        1.0403719799704234     
   42.399999999999977        1.0102968557301422     
   43.199999999999974       0.78326207325406705     
   43.999999999999972       0.40771300093794238     
   44.799999999999969       -4.2768019311045347E-002
   45.599999999999966      -0.50258943257973820     
   46.399999999999963      -0.88916708726600435     
   47.199999999999960       -1.0970416295170013     
   47.999999999999957       -1.0758591257526084     
   48.799999999999955      -0.89393534064532987     
   49.599999999999952      -0.67131444417014163     
   50.399999999999949      -0.47355686278369513     
   51.199999999999946      -0.28006903095344304     
   51.999999999999943       -2.4369447752109252E-002
   52.799999999999940       0.33983058547273987     
   53.599999999999937       0.77783702341309602     
   54.399999999999935        1.1409086112070743     
   55.199999999999932        1.2389714885774654     
   55.999999999999929        1.0297829746427969     
   56.799999999999926       0.66009784777844538     
   57.599999999999923       0.29542171827857994     
   58.399999999999920        8.4167158496567529E-004
   59.199999999999918      -0.25002792465025625     
   59.999999999999915      -0.51063827665222539     
   60.799999999999912      -0.79340128029136037     
   61.599999999999909       -1.0318773597751374     
   62.399999999999906       -1.1153402612802643     
   63.199999999999903      -0.98981582386809919     
   63.999999999999901      -0.70655466044039550     
   64.799999999999898      -0.35569665868168471     
   65.599999999999895        8.4747373159673178E-003
   66.399999999999892       0.37174384080532419     
   67.199999999999889       0.71623998452452564     
   67.999999999999886       0.98305566377792264     
   68.799999999999883        1.0920447998544704     
   69.599999999999881        1.0157546459993951     
   70.399999999999878       0.81031216028855790     
   71.199999999999875       0.55527022836345352     
   71.999999999999872       0.28671467849510446     
   72.799999999999869       -1.0224136460326105E-002
   73.599999999999866      -0.36095167859959754     
   74.399999999999864      -0.74565329280989734     
   75.199999999999861       -1.0626853490504067     
   75.999999999999858       -1.1732415592773955     
   76.799999999999855       -1.0330450280818484     
   77.599999999999852      -0.73861849650715639     
   78.399999999999849      -0.41668668180427582     
   79.199999999999847      -0.12361639678552977     
   79.999999999999844       0.15798340719328879     
   80.799999999999841       0.46517830622962403     
   81.599999999999838       0.79163361388337694     
   82.399999999999835        1.0538401423272197     
   83.199999999999832        1.1352094536738344     
   83.999999999999829       0.99631399327839598     
   84.799999999999827       0.71123010217963678     
   85.599999999999824       0.38088823173991959     
   86.399999999999821        5.3733697728354346E-002
   87.199999999999818      -0.27407042399692211     
   87.999999999999815      -0.60967513429638931     
   88.799999999999812      -0.91328884776004182     
   89.599999999999810       -1.0934501477849758     
   90.399999999999807       -1.0776916975789395     
   91.199999999999804      -0.88768151853334132     
   91.999999999999801      -0.61075828783774433     
   92.799999999999798      -0.31424230517941687     
   93.599999999999795       -8.3735192665683189E-003
   94.399999999999793       0.32682505191428174     
   95.199999999999790       0.68683550178907948     
   95.999999999999787       0.99902514361368500     
   96.799999999999784        1.1435177330794699     
   97.599999999999781        1.0587440183131682     
   98.399999999999778       0.80688061451218829     
   99.199999999999775       0.49990402364032832     
   99.999999999999773       0.20102946085656487     
   100.79999999999977       -9.4500513015421728E-002
   101.59999999999977      -0.41590869967790745     
   102.39999999999976      -0.75662716087545168     
   103.19999999999976       -1.0368075453720418     
   103.99999999999976       -1.1394930163711803     
   104.79999999999976       -1.0194102484772432     
   105.59999999999975      -0.74801520417395917     
   106.39999999999975      -0.42985631643330086     
   107.19999999999975      -0.11685130404196459     
   107.99999999999974       0.19758464652632873     
   108.79999999999974       0.53085748727509774     
   109.59999999999974       0.85564264107582177     
   110.39999999999974        1.0805377274424273     
   111.19999999999973        1.1104663624724034     
   111.99999999999973       0.94217772587460402     
   112.79999999999973       0.66240801554153095     
   113.59999999999972       0.35620756589321417     
   114.39999999999972        4.9679212212565493E-002
   115.19999999999972      -0.27425130053969282     
   115.99999999999972      -0.62254827560181480     
   116.79999999999971      -0.94233053617352214     
   117.59999999999971       -1.1232908565560242     
   118.39999999999971       -1.0860662861673178     
   119.19999999999970      -0.86561819355037184     
   119.99999999999970      -0.56642213214955550     
   120.79999999999970      -0.26242677046245755     
   121.59999999999970        3.8553650920181759E-002
   122.39999999999969       0.36152479142440902     
   123.19999999999969       0.70599772748899836     
   123.99999999999969        1.0028245801417843     
   124.79999999999968        1.1366089677922770     
   125.59999999999968        1.0481245992396360     
   126.39999999999968       0.79576794600767209     
   127.19999999999968       0.48518419422090353     
   127.99999999999967       0.17657566494350257     
   128.79999999999967      -0.13226444260320053     
   129.59999999999968      -0.46302112755563130     
   130.39999999999969      -0.79923347055432337     
   131.19999999999970       -1.0561537504251350     
   131.99999999999972       -1.1271709326966808     
   132.79999999999973      -0.98694141026807536     
   133.59999999999974      -0.71465841398315311     
   134.39999999999975      -0.40587276329338856     
   135.19999999999976       -9.9786360681946018E-002
   135.99999999999977       0.21659292205149350     
   136.79999999999978       0.55805629528804235     
   137.59999999999980       0.88716506641368131     
   138.39999999999981        1.1019368837925880     
   139.19999999999982        1.1085023019415317     
   139.99999999999983       0.91744506313499019     
   140.79999999999984       0.62607627885887984     
   141.59999999999985       0.31884669441445757     
   142.39999999999986        1.5887912301548401E-002
   143.19999999999987      -0.30421375020852071     
   143.99999999999989      -0.64828130864570266     
   144.79999999999990      -0.96001007820749140     
   145.59999999999991       -1.1275656545686865     
   146.39999999999992       -1.0760710028569742     
   147.19999999999993      -0.84598311437370810     
   147.99999999999994      -0.54175136950901559     
   148.79999999999995      -0.23371063967759964     
   149.59999999999997        7.2413379834600833E-002
   150.39999999999998       0.39951861151740659     
   151.19999999999999       0.74117743066089670     
   152.00000000000000        1.0229178440324693     
   152.80000000000001        1.1331337218521524     
   153.60000000000002        1.0257940348157346     
   154.40000000000003       0.76733927854808603     
   155.20000000000005       0.45921470145561555     
   156.00000000000006       0.15298861362842608     
   156.80000000000007      -0.15832096233881715     
   157.60000000000008      -0.49439434986560782     
   158.40000000000009      -0.83100062514382811     
   159.20000000000010       -1.0756526734483427     
   160.00000000000011       -1.1241332908913189     
   160.80000000000013      -0.96391729569600193     
   161.60000000000014      -0.68283360720171160     
   162.40000000000015      -0.37410801676117367     
   163.20000000000016       -7.0199841597980261E-002
   164.00000000000017       0.24588273620088857     
   164.80000000000018       0.58748910336174498     
   165.60000000000019       0.91152124182060512     
   166.40000000000020        1.1120451718173507     
   167.20000000000022        1.0999546422471596     
   168.00000000000023       0.89521690173482693     
   168.80000000000024       0.59823503544142864     
   169.60000000000025       0.28953839074058829     
   170.40000000000026       -1.5220840448387896E-002
   171.20000000000027      -0.33796876747917209     
   172.00000000000028      -0.68124983938324002     
   172.80000000000030      -0.98270671424613043     
   173.60000000000031       -1.1304110974529766     
   174.40000000000032       -1.0593776741734247     
   175.20000000000033      -0.81944734982016576     
   176.00000000000034      -0.51420804057420511     
   176.80000000000035      -0.20719567565427188     
   177.60000000000036       0.10071836044969912     
   178.40000000000038       0.43165942473774238     
   179.20000000000039       0.77304050836435678     
   180.00000000000040        1.0433969197230055     
   180.80000000000041        1.1323997805334352     
   181.60000000000042        1.0055282218912991     
   182.40000000000043       0.73799477437561645     
   183.20000000000044       0.42938861560760355     
   184.00000000000045       0.12456627771823042     
   184.80000000000047      -0.18763369415581155     
   185.60000000000048      -0.52552847415841764     
   186.40000000000049      -0.85882947987609337     
   187.20000000000050       -1.0898214342972596     
   188.00000000000051       -1.1180901140843273     
   188.80000000000052      -0.94188962008972088     
   189.60000000000053      -0.65427734779364588     
   190.40000000000055      -0.34491917681256923     
   191.20000000000056       -4.0623528511236628E-002
   192.00000000000057       0.27762952265773849     
   192.80000000000058       0.61995422596211958     
   193.60000000000059       0.93684704713625333     
   194.40000000000060        1.1198098034510062     
   195.20000000000061        1.0873668095517810     
   196.00000000000063       0.87001306123064870     
   196.80000000000064       0.56986992750910870     
   197.60000000000065       0.26176681874848023     
   198.40000000000066       -4.4007875590358403E-002
   199.20000000000067      -0.36984332047845625     
   200.00000000000068      -0.71332905301147731     
   200.80000000000069       -1.0052183845883231     
   201.60000000000070       -1.1331304951051673     
   202.40000000000072       -1.0421415879402451     
   203.20000000000073      -0.79172261550534029     
   204.00000000000074      -0.48495848952197573     
   204.80000000000075      -0.17898612298155347     
   205.60000000000076       0.12997560986091716     
   206.40000000000077       0.46336373846700701     
   207.20000000000078       0.80286487076928581     
   208.00000000000080        1.0609743641318690     
   208.80000000000081        1.1295777284371131     
   209.60000000000082       0.98505149716144480     
   210.40000000000083       0.70964122592030165     
   211.20000000000084       0.40030680944587277     
   212.00000000000085        9.5747930184297225E-002
   212.80000000000086      -0.21831239203773206     
   213.60000000000088      -0.55789775322704527     
   214.40000000000089      -0.88636373101360921     
   215.20000000000090       -1.1017470985815450     
   216.00000000000091       -1.1092201292466624     
   216.80000000000092      -0.91819394821986067     
   217.60000000000093      -0.62565792784714458     
   218.40000000000094      -0.31657987617940447     
   219.20000000000095       -1.1907633736769230E-002
   220.00000000000097       0.30897117683127606     
   220.80000000000098       0.65225778278359792     
   221.60000000000099       0.96159816706421253     
   222.40000000000100        1.1263044274735114     
   223.20000000000101        1.0733285430060606     
   224.00000000000102       0.84370407229872835     
   224.80000000000103       0.54077753714563614     
   225.60000000000105       0.23349242060005854     
   226.40000000000106       -7.3074470947389503E-002
   227.20000000000107      -0.40153042749362733     
   228.00000000000108      -0.74438448833837967     
   228.80000000000109       -1.0258413012471714     
   229.60000000000110       -1.1339227501950466     
   230.40000000000111       -1.0239490978441794     
   231.20000000000113      -0.76400480265311521     
   232.00000000000114      -0.45589049368513301     
   232.80000000000115      -0.15049643463048856     
   233.60000000000116       0.15997012635370333     
   234.40000000000117       0.49561690524734792     
   235.20000000000118       0.83213223196499242     
   236.00000000000119        1.0765903435722575     
   236.80000000000121        1.1244240054367518     
   237.60000000000122       0.96322527291641880     
   238.40000000000123       0.68116671800636575     
   239.20000000000124       0.37166004739861674     
   240.00000000000125        6.7209085218788323E-002
   240.80000000000126      -0.24908094985312179     
   241.60000000000127      -0.59032175284411881     
   242.40000000000128      -0.91319377047124317     
   243.20000000000130       -1.1120182319919589     
   244.00000000000131       -1.0985656330806750     
   244.80000000000132      -0.89341942497273863     
   245.60000000000133      -0.59667800022979012     
   246.40000000000134      -0.28815844824961939     
   247.20000000000135        1.6914914079741938E-002
   248.00000000000136       0.34034982999937685     
   248.80000000000138       0.68407190186116540     
   249.60000000000139       0.98493964859518823     
   250.40000000000140        1.1308789298415542     
   251.20000000000141        1.0578958747117300     
   252.00000000000142       0.81693637105671824     
   252.80000000000143       0.51169422933706343     
   253.60000000000144       0.20509772585414793     
   254.40000000000146      -0.10255652539622367     
   255.20000000000147      -0.43354197281737250     
   256.00000000000148      -0.77494710890323670     
   256.80000000000149       -1.0447756715439713     
   257.60000000000150       -1.1325716160141541     
   258.40000000000151       -1.0043794007948108     
   259.20000000000152      -0.73599404973468918     
   260.00000000000153      -0.42703978420418043     
   260.80000000000155      -0.12209213937577551     
   261.60000000000156       0.19018953811696582     
   262.40000000000157       0.52800701155455743     
   263.20000000000158       0.86073333872217517     
   264.00000000000159        1.0904937270853075     
   264.80000000000160        1.1173428394312206     
   265.60000000000161       0.94025090385692278     
   266.40000000000163       0.65240979497921625     
   267.20000000000164       0.34306450722295034     
   268.00000000000165        3.8611157636561866E-002
   268.80000000000166      -0.28001555185230409     
   269.60000000000167      -0.62255150017125327     
   270.40000000000168      -0.93890454635598330     
   271.20000000000169       -1.1203896533119959     
   272.00000000000171       -1.0862506555732425     
   272.80000000000172      -0.86791035964022434     
   273.60000000000173      -0.56762685938061830     
   274.40000000000174      -0.25972625166818120     
   275.20000000000175        4.5988436988387671E-002
   276.00000000000176       0.37199823730661796     
   276.80000000000177       0.71554279906536733     
   277.60000000000178        1.0068365109632014     
   278.40000000000180        1.1333923006933864     
   279.20000000000181        1.0409531763230639     
   280.00000000000182       0.78968853955420282     
   280.80000000000183       0.48270669249311171     
   281.60000000000184       0.17674655121277699     
   282.40000000000185      -0.13227396981314710     
   283.20000000000186      -0.46574113090103597     
   284.00000000000188      -0.80496356339770936     
   284.80000000000189       -1.0620817360929262     
   285.60000000000190       -1.1292242497666420     
   286.40000000000191      -0.98353198165781608     
   287.20000000000192      -0.70764720926458946     
   288.00000000000193      -0.39826789870868828     
   288.80000000000194       -9.3657421320164969E-002
   289.60000000000196       0.22062962060508157     
   290.40000000000197       0.56038071049234550     
   291.20000000000198       0.88844163011016464     
   292.00000000000199        1.1025651650526227     
   292.80000000000200        1.1084314426965685     
   293.60000000000201       0.91632892919206499     
   294.40000000000202       0.62350299953227006     
   295.20000000000203       0.31451792118742250     
   296.00000000000205        9.8566787944677214E-003
   296.80000000000206      -0.31121466940740872     
   297.60000000000207      -0.65459285626940988     
   298.40000000000208      -0.96339606032853387     
   299.20000000000209       -1.1267649941376703     
   300.00000000000210       -1.0722751602992644     
   300.80000000000211      -0.84173432162144324     
   301.60000000000213      -0.53858293395203116     
   302.40000000000214      -0.23134655238944701     
   303.20000000000215        7.5266384918997953E-002
   304.00000000000216       0.40387304393316148     
   304.80000000000217       0.74661705267643907     
   305.60000000000218        1.0272548634508059     
   306.40000000000219        1.1338849214100075     
   307.20000000000221        1.0225775444266523     
   308.00000000000222       0.76198843461359822     
   308.80000000000223       0.45378151453397997     
   309.60000000000224       0.14839605259423561     
   310.40000000000225      -0.16222036473796181     
   311.20000000000226      -0.49803995051740785     
   312.00000000000227      -0.83428936271495324     
   312.80000000000229       -1.0776690595473564     
   313.60000000000230       -1.1239389742654351     
   314.40000000000231      -0.96154340431811192     
   315.20000000000232      -0.67905079265027335     
   316.00000000000233      -0.36956821386446037     
   316.80000000000234       -6.5131700646774426E-002
   317.60000000000235       0.25133358039570797     
   318.40000000000236       0.59270196576922762     
   319.20000000000238       0.91514548854719124     
   320.00000000000239        1.1127236825444118     
   320.80000000000240        1.0977236500779906     
   321.60000000000241       0.89155261503290262     
   322.40000000000242       0.59451588124858434     
   323.20000000000243       0.28604238457730069     
   324.00000000000244       -1.9057471931712644E-002
   324.80000000000246      -0.34266684125648583     
   325.60000000000247      -0.68638827202610186     
   326.40000000000248      -0.98659084718523737     
   327.20000000000249       -1.1311342916069940     
   328.00000000000250       -1.0567093458336851     
   328.80000000000251      -0.81495684551269576     
   329.60000000000252      -0.50955902649780915     
   330.40000000000254      -0.20299969000415263     
   331.20000000000255       0.10475438099061052     
   332.00000000000256       0.43592562943616991     
   332.80000000000257       0.77718756027255975     
   333.60000000000258        1.0461036871900073     
   334.40000000000259        1.1323809577037949     
   335.20000000000260        1.0028760879416014     
   336.00000000000261       0.73391523936704472     
   336.80000000000263       0.42492415694772118     
   337.60000000000264       0.12000742237454881     
   338.40000000000265      -0.19242037402665602     
   339.20000000000266      -0.53039737334497139     
   340.00000000000267      -0.86281688117142341     
   340.80000000000268       -1.0914558841740465     
   341.60000000000269       -1.1167495314928502     
   342.40000000000271      -0.93851214211577827     
   343.20000000000272      -0.65027346820452259     
   344.00000000000273      -0.34095110501656234     
   344.80000000000274       -3.6495386020202913E-002
   345.60000000000275       0.28230285576432862     
   346.40000000000276       0.62491503522668435     
   347.20000000000277       0.94074948405727388     
   348.00000000000279        1.1209297708570976     
   348.80000000000280        1.0852811686387640     
   349.60000000000281       0.86600628673051783     
   350.40000000000282       0.56548468053756862     
   351.20000000000283       0.25762749684051034     
   352.00000000000284       -4.8147005710294732E-002
   352.80000000000285      -0.37434717595420791     
   353.60000000000286      -0.71785095603749027     
   354.40000000000288       -1.0083913480225033     
   355.20000000000289       -1.1334930649589752     
   356.00000000000290       -1.0396432897012633     
   356.80000000000291      -0.78766138089401827     
   357.60000000000292      -0.48057483567216985     
   358.40000000000293      -0.17465950529808988     
   359.20000000000294       0.13447342038197924     
   360.00000000000296       0.46812237557763420     
   360.80000000000297       0.80715523128346467     
   361.60000000000298        1.0632941398574676     
   362.40000000000299        1.1289001956441438     
   363.20000000000300       0.98194511973939702     
   364.00000000000301       0.70554231934666534     
   364.80000000000302       0.39614669585910844     
   365.60000000000304        9.1557353248793105E-002
   366.40000000000305      -0.22288294916351714     
   367.20000000000306      -0.56276468642988697     
   368.00000000000307      -0.89044583670579214     
   368.80000000000308       -1.1033815393162651     
   369.60000000000309       -1.1077044885124017     
   370.40000000000310      -0.91453088571956409     
   371.20000000000312      -0.62136661117854441     
   372.00000000000313      -0.31241312536499843     
   372.80000000000314       -7.7270733166179273E-003
   373.60000000000315       0.31352795469790107     
   374.40000000000316       0.65694767296805967     
   375.20000000000317       0.96515113036072764     
   376.00000000000318        1.1271543590532227     
   376.80000000000319        1.0711797510493812     
   377.60000000000321       0.83977952766689090     
   378.40000000000322       0.53644258286531021     
   379.20000000000323       0.22925585081380528     
   380.00000000000324       -7.7434104319656916E-002
   380.80000000000325      -0.40623280656958549     
   381.60000000000326      -0.74889203902586110     
   382.40000000000327       -1.0287009498540955     
   383.20000000000329       -1.1338417082448355     
   384.00000000000330       -1.0211671804309352     
   384.80000000000331      -0.75992828264034507     
   385.60000000000332      -0.45165000265637500     
   386.40000000000333      -0.14630409550983975     
   387.20000000000334       0.16443824258295703     
   388.00000000000335       0.50042450414498196     
   388.80000000000337       0.83642207178461714     
   389.60000000000338        1.0787490204999406     
   390.40000000000339        1.1234740152962897     
   391.20000000000340       0.95987930839494928     
   392.00000000000341       0.67693309191585105     
   392.80000000000342       0.36745351460624398     
   393.60000000000343        6.3022440641418431E-002
   394.40000000000344      -0.25360955060812923     
   395.20000000000346      -0.59508258007271442     
   396.00000000000347      -0.91707243536953187     
   396.80000000000348       -1.1133956054723544     
   397.60000000000349       -1.0968641596634987     
   398.40000000000350      -0.88969379687018513     
   399.20000000000351      -0.59237596790691849     
   400.00000000000352      -0.28394470224945478     
   400.80000000000354        2.1197237349445841E-002
   401.60000000000355       0.34499681985306818     
   402.40000000000356       0.68872222637248548     
   403.20000000000357       0.98824813588746929     
   404.00000000000358        1.1313768205998131     
   404.80000000000359        1.0555001047010295     
   405.60000000000360       0.81295964515815933     
   406.40000000000362       0.50741929559993104     
   407.20000000000363       0.20090944756284768     
   408.00000000000364      -0.10693817087609453     
   408.80000000000365      -0.43829595316600561     
   409.60000000000366      -0.77942003511691582     
   410.40000000000367       -1.0474297542604090     
   411.20000000000368       -1.1321917207501924     
   412.00000000000369       -1.0013729633797008     
   412.80000000000371      -0.73183141710911215     
   413.60000000000372      -0.42279811353231589     
   414.40000000000373      -0.11791079717485270     
   415.20000000000374       0.19465861358696812     
   416.00000000000375       0.53278525503555452     
   416.80000000000376       0.86488672714246340     
   417.60000000000377        1.0923997123946587     
   418.40000000000379        1.1161450539083499     
   419.20000000000380       0.93677459078231440     
   420.00000000000381       0.64814508354307554     
   420.80000000000382       0.33884334008879935     
   421.60000000000383        3.4377864089984000E-002
   422.40000000000384      -0.28459790641342336     
   423.20000000000385      -0.62728533530652286     
   424.00000000000387      -0.94259196313920479     
   424.80000000000388       -1.1214568418780757     
   425.60000000000389       -1.0842964606635235     
   426.40000000000390      -0.86409363027215391     
   427.20000000000391      -0.56334230724087186     
   428.00000000000392      -0.25553344000659700     
   428.80000000000393        5.0300315933604289E-002
   429.60000000000394       0.37669255580269068     
   430.40000000000396       0.72015637034453817     
   431.20000000000397        1.0099417696138842     
   432.00000000000398        1.1335874927680440     
   432.80000000000399        1.0383273873900909     
   433.60000000000400       0.78562944849103955     
   434.40000000000401       0.47843871987133713     
   435.20000000000402       0.17256846365593248     
   436.00000000000404      -0.13667534679372445     
   436.80000000000405      -0.47050211529245889     
   437.60000000000406      -0.80933927859176857     
   438.40000000000407       -1.0644943659843156     
   439.20000000000408       -1.1285659553721257     
   440.00000000000409      -0.98035503668361235     
   440.80000000000410      -0.70343924651693635     
   441.60000000000412      -0.39402713358846453     
   442.40000000000413       -8.9455492253219804E-002
   443.20000000000414       0.22514069778548451     
   444.00000000000415       0.56515127076371352     
   444.80000000000416       0.89244558429436771     
   445.60000000000417        1.1041860801987227     
   446.40000000000418        1.1069652880736565     
   447.20000000000420       0.91272674787086039     
   448.00000000000421       0.61923036625218719     
   448.80000000000422       0.31031086065553515     
   449.60000000000423        5.5990271718118212E-003
   450.40000000000424      -0.31584121500826517     
   451.20000000000425      -0.65930147868356759     
   452.00000000000426      -0.96690083128782600     
   452.80000000000427       -1.1275344651986541     
   453.60000000000429       -1.0700759688598638     
   454.40000000000430      -0.83782022760132957     
   455.20000000000431      -0.53430054586103881     
   456.00000000000432      -0.22716411198902681     
   456.80000000000433        7.9602947723549922E-002
   457.60000000000434       0.40859235370746128     
   458.40000000000435       0.75116269862758678     
   459.20000000000437        1.0301376116692884     
   460.00000000000438        1.1337880795018831     
   460.80000000000439        1.0197509028917104     
   461.60000000000440       0.75786717953225735     
   462.40000000000441       0.44951899412344515     
   463.20000000000442       0.14421109832518447     
   464.00000000000443      -0.16665877978173199     
   464.80000000000445      -0.50281035952665520     
   465.60000000000446      -0.83855054047633359     
   466.40000000000447       -1.0798184201793513     
   467.20000000000448       -1.1229977653857586     
   468.00000000000449      -0.95820921012135951     
   468.80000000000450      -0.67481488309319104     
   469.60000000000451      -0.36534019947533775     
   470.40000000000452       -6.0913423190242566E-002
   471.20000000000454       0.25588664696508656     
   472.00000000000455       0.59746293929815208     
   472.80000000000456       0.91899410725186970     
   473.60000000000457        1.1140574409743762     
   474.40000000000458        1.0959951818836156     
   475.20000000000459       0.88783022854746951     
   476.00000000000460       0.59023517329500863     
   476.80000000000462       0.28184704345593931     
   477.60000000000463       -2.3337760839282629E-002
   478.40000000000464      -0.34732746181539020     
   479.20000000000465      -0.69105375171554262     
   480.00000000000466      -0.98989758206209766     
   480.80000000000467       -1.1316086870795232     
   481.60000000000468       -1.0542832401552975     
   482.40000000000470      -0.81095997446211909     
   483.20000000000471      -0.50527970270018208     
   484.00000000000472      -0.19881881531639423     
   484.80000000000473       0.10912372562701056     
   485.60000000000474       0.44066735499914556     
   486.40000000000475       0.78164913797497659     
   487.20000000000476        1.0487464176552885     
   488.00000000000477        1.1319913965761270     
   488.80000000000479       0.99986313178024955     
   489.60000000000480       0.72974624506531716     
   490.40000000000481       0.42067288280767801     
   491.20000000000482       0.11581409729956288     
   492.00000000000483      -0.19689826090637480     
   492.80000000000484      -0.53517338806601034     
   493.60000000000485      -0.86695194847714918     
   494.40000000000487       -1.0933335539804627     
   495.20000000000488       -1.1155304048810237     
   496.00000000000489      -0.93503165091322415     
   496.80000000000490      -0.64601579457403746     
   497.60000000000491      -0.33673596019054819     
   498.40000000000492       -3.2259763111530060E-002
   499.20000000000493       0.28689409638232743     
   500.00000000000495       0.62965442079791489     
   500.80000000000496       0.94442782450513252     
   501.60000000000497        1.1219732626525183     
   502.40000000000498        1.0833029451325846     
   503.20000000000499       0.86217738672658450     
   504.00000000000500       0.56119980547521953     
   504.80000000000501       0.25343942549879178     
   505.60000000000502       -5.2454890782242469E-002
   506.40000000000504      -0.37903912190410444     
   507.20000000000505      -0.72245939266064008     
   508.00000000000506       -1.0114838894158020     
   508.80000000000507       -1.1336708679041523     
   509.60000000000508       -1.0370038611277592     
   510.40000000000509      -0.78359528795282818     
   511.20000000000510      -0.47630307406719974     
   512.00000000000512      -0.17047740278461365     
   512.80000000000507       0.13887864700097191     
   513.60000000000502       0.47288252306566608     
   514.40000000000498       0.81151959003105834     
   515.20000000000493        1.0656851572737902     
   516.00000000000489        1.1282210807897268     
   516.80000000000484       0.97875871276651216     
   517.60000000000480       0.70133484726697737     
   518.40000000000475       0.39190804424031800     
   519.20000000000471        8.7353239792326121E-002
   520.00000000000466      -0.22739978397635874     
   520.80000000000462      -0.56753749882009830     
   521.60000000000457      -0.89443984366924811     
   522.40000000000452       -1.1049802643045383     
   523.20000000000448       -1.1062164082690804     
   524.00000000000443      -0.91091800337098183     
   524.80000000000439      -0.61709363593814304     
   525.60000000000434      -0.30820889503952592     
   526.40000000000430       -3.4700631683848293E-003
   527.20000000000425       0.31815580916992198     
   528.00000000000421       0.66165381002876100     
   528.80000000000416       0.96864333010478498     
   529.60000000000412        1.1279036315808573     
   530.40000000000407        1.0689636479277322     
   531.20000000000402       0.83585778804793653     
   532.00000000000398       0.53215867161229113     
   532.80000000000393       0.22507251716501941     
   533.60000000000389       -8.1773006293150485E-002
   534.40000000000384      -0.41095290609737811     
   535.20000000000380      -0.75343057181875128     
   536.00000000000375       -1.0315656401289406     
   536.80000000000371       -1.1337235466023834     
   537.60000000000366       -1.0183274498275863     
   538.40000000000362      -0.75580411048323026     
   539.20000000000357      -0.44738840432238663     
   540.00000000000352      -0.14211792303171200     
   540.80000000000348       0.16888067500505299     
   541.60000000000343       0.50519649917530385     
   542.40000000000339       0.84067461491192841     
   543.20000000000334        1.0808780015982793     
   544.00000000000330        1.1225111981833447     
   544.80000000000325       0.95653349445395686     
   545.60000000000321       0.67269570175530069     
   546.40000000000316       0.36322730764811983     
   547.20000000000312        5.8803782092199275E-002
   548.00000000000307      -0.25816516435837861     
   548.80000000000302      -0.59984262632014906     
   549.60000000000298      -0.92090968897824244     
   550.40000000000293       -1.1147086218208739     
   551.20000000000289       -1.0951168414810522     
   552.00000000000284      -0.88596256670054574     
   552.80000000000280      -0.58809417690765264     
   553.60000000000275      -0.27974969060699628     
   554.40000000000271        2.5479281710711010E-002
   555.20000000000266       0.34965935317106311     
   556.00000000000261       0.69338340621850114     
   556.80000000000257       0.99153934908833996     
   557.60000000000252        1.1318295852498359     
   558.40000000000248        1.0530582699624877     
   559.20000000000243       0.80895755813280834     
   560.00000000000239       0.50314036262323691     
   560.80000000000234       0.19672822053175049     
   561.60000000000230      -0.11131054345145558     
   562.40000000000225      -0.44303951958434934     
   563.20000000000221      -0.78387489789900111     
   564.00000000000216       -1.0500540014937609     
   564.80000000000211       -1.1317803338976016     
   565.60000000000207      -0.99834667489045270     
   566.40000000000202      -0.72765948419755200     
   567.20000000000198      -0.41854808664388504     
   568.00000000000193      -0.11371704677539368     
   568.80000000000189       0.19913933151163377     
   569.60000000000184       0.53756152032464333     
   570.40000000000180       0.86901219074977476     
   571.20000000000175        1.0942572223381315     
   572.00000000000171        1.1149057090043901     
   572.80000000000166       0.93328362550356592     
   573.60000000000161       0.64388584221418466     
   574.40000000000157       0.33462899924193323     
   575.20000000000152        3.0140914170363020E-002
   576.00000000000148      -0.28919167998996537     
   576.80000000000143      -0.63202246723915068     
   577.60000000000139      -0.94625705326298437     
   578.40000000000134       -1.1224788679046755     
   579.20000000000130       -1.0823004593602170     
   580.00000000000125      -0.86025751683325957     
   580.80000000000121      -0.55905727980609099     
   581.60000000000116      -0.25134563966754170     
   582.40000000000111        5.4610556666690957E-002
   583.20000000000107       0.38138679107178003     
   584.00000000000102       0.72476005673967303     
   584.80000000000098        1.0130178237930556     
   585.60000000000093        1.1337433041470204     
   586.40000000000089        1.0356727285499292     
   587.20000000000084       0.78155880440628578     
   588.00000000000080       0.47416776475505357     
   588.80000000000075       0.16838624412867431     
   589.60000000000070      -0.14108329067747655     
   590.40000000000066      -0.47526346743866071     
   591.20000000000061      -0.81369600666460506     
   592.00000000000057       -1.0668664442937978     
   592.80000000000052       -1.1278656496752995     
   593.60000000000048      -0.97715629225846512     
   594.40000000000043      -0.69922921184840869     
   595.20000000000039      -0.38978941276187112     
   596.00000000000034       -8.5250502086816227E-002
   596.80000000000030       0.22966031074275328     
   597.60000000000025       0.56992340945341846     
   598.40000000000020       0.89642856141884386     
   599.20000000000016        1.1057640019567678     
   600.00000000000011        1.1054578068165599     
   600.80000000000007       0.90910467967644226     
   601.60000000000002       0.61495648979060991     
   602.39999999999998       0.30610730235680050     
   603.19999999999993        1.3402306745362025E-003
   603.99999999999989      -0.32047172259390522     
   604.79999999999984      -0.66400467750243442     
   605.59999999999980      -0.97037864861959044     
   606.39999999999975       -1.1282618853514550     
   607.19999999999970       -1.0678428010806020     
   607.99999999999966      -0.83389218895140849     
   608.79999999999961      -0.53001692331765771     
   609.59999999999957      -0.22298104682147579     
   610.39999999999952        8.3944258722074006E-002
   611.19999999999948       0.41331440025506527     
   611.99999999999943       0.75569557895237938     
   612.79999999999939        1.0329849951465497     
   613.59999999999934        1.1336481486159342     
   614.39999999999930        1.0168968985428464     
   615.19999999999925       0.75373912030735180     
   615.99999999999920       0.44525822048649255     
   616.79999999999916       0.14002452165856832     
   617.59999999999911      -0.17110396931980398     
   618.39999999999907      -0.50758291949166479     
   619.19999999999902      -0.84279424090059052     
   619.99999999999898       -1.0819277085465040     
   620.79999999999893       -1.1220143108216925     
   621.59999999999889      -0.95485220351181721     
   622.39999999999884      -0.67057559492177388     
   623.19999999999879      -0.36111486693485917     
   623.99999999999875       -5.6693523740434904E-002
   624.79999999999870       0.26044510553264727     
   625.59999999999866       0.60222163506154169     
   626.39999999999861       0.92281916232320627     
   627.19999999999857        1.1153491419685579     
   627.99999999999852        1.0942291547287719     
   628.79999999999848       0.88409082625304014     
   629.59999999999843       0.58595297928383938     
   630.39999999999839       0.27765263958435471     
   631.19999999999834       -2.7621792809393586E-002
   631.99999999999829      -0.35199246498927506     
   632.79999999999825      -0.69571114213126983     
   633.59999999999820      -0.99317340034824531     
   634.39999999999816       -1.1320395285030649     
   635.19999999999811       -1.0518252433746909     
   635.99999999999807      -0.80695243079106571     
   636.79999999999802      -0.50100127336986966     
   637.59999999999798      -0.19463763872807288     
   638.39999999999793       0.11349864285840094     
   639.19999999999789       0.44541243426553301     
   639.99999999999784       0.78609726747700237     
   640.79999999999779        1.0513524615656937     
   641.59999999999775        1.1315585379593940     
   642.39999999999770       0.99682363519576578     
   643.19999999999766       0.72557117170068230     
   643.99999999999761       0.41642373713706388     
   644.79999999999757       0.11161963905284417     
   645.59999999999752      -0.20138183180829061     
   646.39999999999748      -0.53994963871953972     
   647.19999999999743      -0.87106742045937291     
   647.99999999999739       -1.0951706966519121     
   648.79999999999734       -1.1142709828589887     
   649.59999999999729      -0.93153054461271434     
   650.39999999999725      -0.64175524225037339     
   651.19999999999720      -0.33252245708710737     
   651.99999999999716       -2.8021315107465639E-002
   652.79999999999711       0.29149064543830133     
   653.59999999999707       0.63438944079380200     
   654.39999999999702       0.94807961068037760     
   655.19999999999698        1.1229736541140314     
   655.99999999999693        1.0812890393826673     
   656.79999999999688       0.85833405526322626     
   657.59999999999684       0.55691473775504385     
   658.39999999999679       0.24925206957793739     
   659.19999999999675       -5.6767325182272899E-002
   659.99999999999670      -0.38373555217711797     
   660.79999999999666      -0.72705832214004029     
   661.59999999999661       -1.0145435313041307     
   662.39999999999657       -1.1338048033461581     
   663.19999999999652       -1.0343340289561433     
   663.99999999999648      -0.77952003255289393     
   664.79999999999643      -0.47203280102258494     
   665.59999999999638      -0.16629497856543596     
   666.39999999999634       0.14328928525562090     
   667.19999999999629       0.47764493454182738     
   667.99999999999625       0.81586849067955947     
   668.79999999999620        1.0680381978585975     
   669.59999999999616        1.1274996749628654     
   670.39999999999611       0.97554781093152554     
   671.19999999999607       0.69712236361239088     
   671.99999999999602       0.38767124120629021     
   672.79999999999598        8.3147272360411917E-002
   673.59999999999593      -0.23192227517223596     
   674.39999999999588      -0.57230897646812606     
   675.19999999999584      -0.89841169703906143     
   675.99999999999579       -1.1065372777208358     
   676.79999999999575       -1.1046895112949922     
   677.59999999999570      -0.90728681344653750     
   678.39999999999566      -0.61281894268084525     
   679.19999999999561      -0.30400607594057283     
   679.99999999999557        7.9048041806212277E-004
   680.79999999999552       0.32278894832348559     
   681.59999999999548       0.66635404678957388     
   682.39999999999543       0.97210674508446393     
   683.19999999999538        1.1286092210861685     
   683.99999999999534        1.0667134632956734     
   684.79999999999529       0.83192346574611498     
   685.59999999999525       0.52787531204632976     
   686.39999999999520       0.22088969270380232     
   687.19999999999516       -8.6116713337518580E-002
   687.99999999999511      -0.41567682468825135     
   688.79999999999507      -0.75795768280501052     
   689.59999999999502       -1.0343956418456659     
   690.39999999999498       -1.1335618921256136     
   691.19999999999493       -1.0154592858539875     
   691.99999999999488      -0.75167223731271304     
   692.79999999999484      -0.44312844745451035     
   693.59999999999479      -0.13793088585612256     
   694.39999999999475       0.17332866492904137     
   695.19999999999470       0.50996959994259683     
   695.99999999999466       0.84490937782432429     
   696.79999999999461        1.0829675166172998     
   697.59999999999457        1.1215071233239866     
   698.39999999999452       0.95316537533724643     
   699.19999999999447       0.66845458333480900     
   699.99999999999443       0.35900287504345990     
   700.79999999999438        5.4582638130702021E-002
   701.59999999999434      -0.26272646784437048     
   702.39999999999429      -0.60459993677111212     
   703.19999999999425      -0.92472248495158271     
   703.99999999999420       -1.1159789877960034     
   704.79999999999416       -1.0933321513795580     
   705.59999999999411      -0.88221504425380193     
   706.39999999999407      -0.58381159530818028     
   707.19999999999402      -0.27555588424567201     
   707.99999999999397        2.9765303384353736E-002
   708.79999999999393       0.35432678941380558     
   709.59999999999388       0.69803692511405979     
   710.39999999999384       0.99479969699684068     
   711.19999999999379        1.1322385156169990     
   711.99999999999375        1.0505841955634261     
   712.79999999999370       0.80494462462500338     
   713.59999999999366       0.49886244336302288     
   714.39999999999361       0.19254706179122927     
   715.19999999999357      -0.11568802935357203     
   715.99999999999352      -0.44778608357038407     
   716.79999999999347      -0.78831620761415078     
   717.59999999999343       -1.0526417665491321     
   718.39999999999338       -1.1313260208924845     
   719.19999999999334      -0.99529405080935851     
   719.99999999999329      -0.72348133328343645     
   720.79999999999325      -0.41429983595523540     
   721.59999999999320      -0.10952186430420707     
   722.39999999999316       0.20362576293753509     
   723.19999999999311       0.54233771980437318     
   723.99999999999307       0.87311759552163881     
   724.79999999999302        1.0960739554141468     
   725.59999999999297        1.1136262499580600     
   726.39999999999293       0.92977244657738201     
   727.19999999999288       0.63962401397280888     
   727.99999999999284       0.33041633034828166     
   728.79999999999279        2.5900956008712506E-002
   729.59999999999275      -0.29379098876211790     
   730.39999999999270      -0.63675531115327300     
   731.19999999999266      -0.94989545550639942     
   731.99999999999261       -1.1234576117433377     
   732.79999999999256       -1.0802687168151011     
   733.59999999999252      -0.85640703729077439     
   734.39999999999247      -0.55477219188634674     
   735.19999999999243      -0.24715870848259097     
   735.99999999999238        5.8925204086126504E-002
   736.79999999999234       0.38608539451560631     
   737.59999999999229       0.72935415259063208     
   738.39999999999225        1.0160609754716281     
   739.19999999999220        1.1338553692360660     
   739.99999999999216        1.0329877990440537     
   740.79999999999211       0.77747900239412260     
   741.59999999999206       0.46989818861904831     
   742.39999999999202       0.16420359696616482     
   743.19999999999197      -0.14549663500794086     
   743.99999999999193      -0.48002690608944315     
   744.79999999999188      -0.81803700140630076     
   745.59999999999184       -1.0692003894897015     
   746.39999999999179       -1.1271231729141635     
   747.19999999999175      -0.97393330748026952     
   747.99999999999170      -0.69501432632954774     
   748.79999999999166      -0.38555352948136284     
   749.59999999999161       -8.1043540521768764E-002
   750.39999999999156       0.23418567696599063     
   751.19999999999152       0.57469417418530355     
   751.99999999999147       0.90038920841794901     
   752.79999999999143        1.1073000739276422     
   753.59999999999138        1.1039115481822406     
   754.39999999999134       0.90546444214275146     
   755.19999999999129       0.61068101160613475     
   755.99999999999125       0.30190521122439407     
   756.79999999999120       -2.9220793158476477E-003
   757.59999999999116      -0.32510748009913254     
   758.39999999999111      -0.66870188538716091     
   759.19999999999106      -0.97382757955887000     
   759.99999999999102       -1.1289456338745825     
   760.79999999999097       -1.0655756683362194     
   761.59999999999093      -0.82995165203304433     
   762.39999999999088      -0.52573384786246224     
   763.19999999999084      -0.21879844700502143     
   763.99999999999079        8.8290376880862109E-002
   764.79999999999075       0.41804016609381656     
   765.59999999999070       0.76021684524667821     
   766.39999999999065        1.0357975460441031     
   767.19999999999061        1.1334647853174060     
   767.99999999999056        1.0140146495802882     
   768.79999999999052       0.74960348954578360     
   769.59999999999047       0.44099908888588463     
   770.39999999999043       0.13583700595185089     
   771.19999999999038      -0.17555476476378151     
   771.99999999999034      -0.51235651976175789     
   772.79999999999029      -0.84701998418325930     
   773.59999999999025       -1.0839974007100410     
   774.39999999999020       -1.1209896556757530     
   775.19999999999015      -0.95147304849526915     
   775.99999999999011      -0.66633268850054583     
   776.79999999999006      -0.35689133025987146     
   777.59999999999002       -5.2471115345267050E-002
   778.39999999998997       0.26500924906077933     
   779.19999999998993       0.60697750335148726     
   779.99999999998988       0.92661961512501101     
   780.79999999998984        1.1165981459006884     
   781.59999999998979        1.0924258607682531     
   782.39999999998975       0.88033525706417426     
   783.19999999998970       0.58167003954072571     
   783.99999999998965       0.27345941873509794     
   784.79999999998961       -3.1909821968406915E-002
   785.59999999998956      -0.35666231783946839     
   786.39999999998952      -0.70036072051007658     
   787.19999999998947      -0.99641820063298991     
   787.99999999998943       -1.1324265462120018     
   788.79999999998938       -1.0493351620872073     
   789.59999999998934      -0.80293417152257096     
   790.39999999998929      -0.49672388039781445     
   791.19999999998925      -0.19045648108900964     
   791.99999999998920       0.11787870856291155     
   792.79999999998915       0.45016045169669466     
   793.59999999998911       0.79053167873423147     
   794.39999999998906        1.0539218849980274     
   795.19999999998902        1.1310827951010134     
   795.99999999998897       0.99375796015213747     
   796.79999999998893       0.72138999484621236     
   797.59999999998888       0.41217638481714031     
   798.39999999998884       0.10742371261333028     
   799.19999999998879      -0.20587112620161052     
