   0.0000000000000000      -0.91324631149365387     
  0.80000000000000004      -0.77265379897308906     
   1.6000000000000001       0.12902817579936965     
   2.4000000000000004        1.0239364249626581     
   3.2000000000000002        1.1281739383930498     
   4.0000000000000000       0.22595219212677697     
   4.7999999999999998       -1.2128670405648196     
   5.5999999999999996       -2.1784850231022306     
   6.3999999999999995       -1.6788087829968679     
   7.1999999999999993      -0.31615264192693027     
   7.9999999999999991        1.0080440441194884     
   8.7999999999999989        1.6678955611451682     
   9.5999999999999996        1.3590625614195269     
   10.400000000000000       0.59421348248596428     
   11.200000000000001        4.4770043060897047E-002
   12.000000000000002       -7.5157550296941350E-004
   12.800000000000002       0.33290037574466230     
   13.600000000000003       0.64659086075338856     
   14.400000000000004       0.53421940272449875     
   15.200000000000005      -0.12882099006252801     
   16.000000000000004       -1.1051589393826893     
   16.800000000000004       -1.7751013921678012     
   17.600000000000005       -1.5308285593394146     
   18.400000000000006      -0.61285530873352179     
   19.200000000000006       0.40520197645152978     
   20.000000000000007        1.1378612187650656     
   20.800000000000008        1.3250361859758497     
   21.600000000000009        1.0233277654411159     
   22.400000000000009       0.60503727814300245     
   23.200000000000010       0.37275227045665843     
   24.000000000000011       0.36482473911881641     
   24.800000000000011       0.39965167176997307     
   25.600000000000012       0.23577436802002116     
   26.400000000000013      -0.24964996882776691     
   27.200000000000014      -0.95397937054343529     
   28.000000000000014       -1.4975603945212228     
   28.800000000000015       -1.4439895863014078     
   29.600000000000016      -0.82657835399841062     
   30.400000000000016       -1.4944884069298281E-002
   31.200000000000017       0.70346545820275319     
   32.000000000000014        1.1357758735512098     
   32.800000000000011        1.1776736533333585     
   33.600000000000009       0.94069397460130522     
   34.400000000000006       0.65679084477207694     
   35.200000000000003       0.45997013876339132     
   36.000000000000000       0.31594326946211659     
   36.799999999999997        9.4530233456827734E-002
   37.599999999999994      -0.30746264579533422     
   38.399999999999991      -0.85680341872051147     
   39.199999999999989       -1.3161482487166503     
   39.999999999999986       -1.3636866777925323     
   40.799999999999983      -0.94463520610233109     
   41.599999999999980      -0.29227399079425620     
   42.399999999999977       0.36768682662053209     
   43.199999999999974       0.89265722894362209     
   43.999999999999972        1.1578126242305022     
   44.799999999999969        1.1184407616888234     
   45.599999999999966       0.88285335706265577     
   46.399999999999963       0.60390610485900842     
   47.199999999999960       0.34353790475469814     
   47.999999999999957        5.9096046026577143E-002
   48.799999999999955      -0.31997500325384537     
   49.599999999999952      -0.79086087859318910     
   50.399999999999949       -1.1999363666607188     
   51.199999999999946       -1.3027816807750690     
   51.999999999999943       -1.0127667820716502     
   52.799999999999940      -0.47942733823250183     
   53.599999999999937       0.11465546918502145     
   54.399999999999935       0.65797936482213348     
   55.199999999999932        1.0485655493015131     
   55.999999999999929        1.1802479801447945     
   56.799999999999926        1.0460963562687449     
   57.599999999999923       0.75999746124790524     
   58.399999999999920       0.43452061958881738     
   59.199999999999918        9.5880718641985496E-002
   59.999999999999915      -0.28980259688304222     
   60.799999999999912      -0.72931671537952247     
   61.599999999999909       -1.1185304789349726     
   62.399999999999906       -1.2627469099409838     
   63.199999999999903       -1.0624236138761751     
   63.999999999999901      -0.61639992153070944     
   64.799999999999898       -8.0058752422315971E-002
   65.599999999999895       0.45138428546684417     
   66.399999999999892       0.90328074900072997     
   67.199999999999889        1.1631896715996086     
   67.999999999999886        1.1476259821625201     
   68.799999999999883       0.90373021702381640     
   69.599999999999881       0.55494109153148852     
   70.399999999999878       0.17825880627907342     
   71.199999999999875      -0.22370582684576290     
   71.999999999999872      -0.65688691593937953     
   72.799999999999869       -1.0481450971441071     
   73.599999999999866       -1.2347880469014703     
   74.399999999999864       -1.1069979150262270     
   75.199999999999861      -0.72821111466822508     
   75.999999999999858      -0.23814063989488243     
   76.799999999999855       0.27257209812264604     
   77.599999999999852       0.74911591616399842     
   78.399999999999849        1.0966238941246218     
   79.199999999999847        1.1951575328402901     
   79.999999999999844        1.0229351172167047     
   80.799999999999841       0.68358361954548652     
   81.599999999999838       0.28644209296793433     
   82.399999999999835      -0.13126305653315701     
   83.199999999999832      -0.56855667982160174     
   83.999999999999829      -0.97376076915454135     
   84.799999999999827       -1.2075090458762157     
   85.599999999999824       -1.1483448302386698     
   86.399999999999821      -0.82781929143668864     
   87.199999999999818      -0.37510299628867305     
   87.999999999999815       0.11496680774690843     
   88.799999999999812       0.59730440066987700     
   89.599999999999810        1.0006927656106757     
   90.399999999999807        1.1985004137796493     
   91.199999999999804        1.1130252885486047     
   91.999999999999801       0.80813904638379452     
   92.799999999999798       0.40703192312467523     
   93.599999999999795       -2.1701551436682898E-002
   94.399999999999793      -0.46542156462407058     
   95.199999999999790      -0.88815051477164819     
   95.999999999999787       -1.1714136375967961     
   96.799999999999784       -1.1828054316996259     
   97.599999999999781      -0.92001976188853296     
   98.399999999999778      -0.50045696115822036     
   99.199999999999775       -2.8383183082080543E-002
   99.999999999999773       0.45113419928920445     
   100.79999999999977       0.88789890897845725     
   101.59999999999977        1.1667778743173360     
   102.39999999999976        1.1731561685326251     
   103.19999999999976       0.92161118900059846     
   103.99999999999976       0.53149341288624674     
   104.79999999999976        9.7726455727961681E-002
   105.59999999999975      -0.35110609063440734     
   106.39999999999975      -0.78960793934181606     
   107.19999999999975       -1.1205402290315611     
   107.99999999999974       -1.2050830195814757     
   108.79999999999974       -1.0047310882832674     
   109.59999999999974      -0.61903039835691187     
   110.39999999999974      -0.16285968909854776     
   111.19999999999973       0.31057538275636198     
   111.99999999999973       0.76561021329488332     
   112.79999999999973        1.1075292527400338     
   113.59999999999972        1.2040359850568778     
   114.39999999999972        1.0197862724444062     
   115.19999999999972       0.65441754497167337     
   115.99999999999972       0.22197946004388613     
   116.79999999999971      -0.22953421351217945     
   117.59999999999971      -0.67959733610417927     
   118.39999999999971       -1.0524705024797485     
   119.19999999999970       -1.2103950849808596     
   119.99999999999970       -1.0793275034142160     
   120.79999999999970      -0.73234785426641302     
   121.59999999999970      -0.29195501410503488     
   122.39999999999969       0.17455292681159146     
   123.19999999999969       0.63813780829228839     
   123.99999999999969        1.0268021210114797     
   124.79999999999968        1.2069983234670472     
   125.59999999999968        1.0997537343785384     
   126.39999999999968       0.77208904846767545     
   127.19999999999968       0.34774935028281229     
   127.99999999999967      -0.10391050123132434     
   128.79999999999967      -0.56091525094227968     
   129.59999999999968      -0.96757432369346952     
   130.39999999999969       -1.1954979502142931     
   131.19999999999970       -1.1401670041805676     
   131.99999999999972      -0.83973063116232716     
   132.79999999999973      -0.41750023971265149     
   133.59999999999974        4.1903887449229515E-002
   134.39999999999975       0.50806735616566945     
   135.19999999999976       0.92953719217842501     
   135.99999999999977        1.1837840811247384     
   136.79999999999978        1.1592155730304461     
   137.59999999999980       0.88150418955450260     
   138.39999999999981       0.47278538684430205     
   139.19999999999982        2.3518781148616941E-002
   139.99999999999983      -0.43650650065327296     
   140.79999999999984      -0.86801937210710456     
   141.59999999999985       -1.1590198294833831     
   142.39999999999986       -1.1835763756956090     
   143.19999999999987      -0.93909906433708679     
   143.99999999999989      -0.53999448107709536     
   144.79999999999990       -8.8285420600063724E-002
   145.59999999999991       0.37699384147452852     
   146.39999999999992       0.81989254547633705     
   147.19999999999993        1.1365924339151310     
   147.99999999999994        1.1963170723210703     
   148.79999999999995       0.97981868788627968     
   149.59999999999997       0.59528896820763588     
   150.39999999999998       0.15131129033160684     
   151.19999999999999      -0.30885139871744571     
   152.00000000000000      -0.75685104438030826     
   152.80000000000001       -1.1013734657005236     
   153.60000000000002       -1.2064969421271208     
   154.40000000000003       -1.0275552467700100     
   155.20000000000005      -0.65887713495092659     
   156.00000000000006      -0.21657543078560809     
   156.80000000000007       0.24590015476815597     
   157.60000000000008       0.70140930390787437     
   158.40000000000009        1.0681345718362554     
   159.20000000000010        1.2097704987655189     
   160.00000000000011        1.0641389685951657     
   160.80000000000013       0.71346709856524004     
   161.60000000000014       0.27852267794081775     
   162.40000000000015      -0.17976067312971500     
   163.20000000000016      -0.63728210087887605     
   164.00000000000017       -1.0244174667978241     
   164.80000000000018       -1.2069036306817935     
   165.60000000000019       -1.1018350309858094     
   166.40000000000020      -0.77272265401370421     
   167.20000000000022      -0.34312715700664898     
   168.00000000000023       0.11536277577506926     
   168.80000000000024       0.57705120974095969     
   169.60000000000025       0.98157594981317442     
   170.40000000000026        1.1990816917538913     
   171.20000000000027        1.1315589974103302     
   172.00000000000028       0.82525393943863312     
   172.80000000000030       0.40438072910042894     
   173.60000000000031       -5.0413137053480883E-002
   174.40000000000032      -0.51222241582178230     
   175.20000000000033      -0.93099049098451236     
   176.00000000000034       -1.1840382942855285     
   176.80000000000035       -1.1586986068214182     
   177.60000000000036      -0.87939480315194252     
   178.40000000000038      -0.46765685749854302     
   179.20000000000039       -1.4308000084657602E-002
   180.00000000000040       0.44919004696756115     
   180.80000000000041       0.88035776047100744     
   181.60000000000042        1.1647333861130860     
   182.40000000000043        1.1793612947583489     
   183.20000000000044       0.92819319298005254     
   184.00000000000045       0.52800604766645909     
   184.80000000000047        7.8486568678012125E-002
   185.60000000000048      -0.38402669410948198     
   186.40000000000049      -0.82442050275318035     
   187.20000000000050       -1.1384623425757863     
   188.00000000000051       -1.1952970401253857     
   188.80000000000052      -0.97620681792746589     
   189.60000000000053      -0.58938499040457659     
   190.40000000000055      -0.14293707261641736     
   191.20000000000056       0.31960240651410476     
   192.00000000000057       0.76794685671259999     
   192.80000000000058        1.1082342802597072     
   193.60000000000059        1.2053100392680562     
   194.40000000000060        1.0194652085298004     
   195.20000000000061       0.64820217624409937     
   196.00000000000063       0.20649951012736434     
   196.80000000000064      -0.25441894219975136     
   197.60000000000065      -0.70808668630361815     
   198.40000000000066       -1.0719337492371437     
   199.20000000000067       -1.2095128614276847     
   200.00000000000068       -1.0601179137437726     
   200.80000000000069      -0.70698958563817249     
   201.60000000000070      -0.27034004110585924     
   202.40000000000072       0.18951380623853514     
   203.20000000000073       0.64757947988863629     
   204.00000000000074        1.0320041907563298     
   204.80000000000075        1.2079592512002468     
   205.60000000000076        1.0960331837465731     
   206.40000000000077       0.76331911550040688     
   207.20000000000078       0.33323144734692722     
   208.00000000000080      -0.12454270299730896     
   208.80000000000081      -0.58508029770472014     
   209.60000000000082      -0.98713720662278304     
   210.40000000000083       -1.2002379404032661     
   211.20000000000084       -1.1279786798029441     
   212.00000000000085      -0.81858520267324053     
   212.80000000000086      -0.39616977982277035     
   213.60000000000088        5.9693265032342735E-002
   214.40000000000089       0.52205214034241920     
   215.20000000000090       0.93912016067775683     
   216.00000000000091        1.1868956596141274     
   216.80000000000092        1.1548821209310911     
   217.60000000000093       0.87119845723242295     
   218.40000000000094       0.45812835963958776     
   219.20000000000095        4.9134053395061272E-003
   220.00000000000097      -0.45798417904489086     
   220.80000000000098      -0.88732357806711726     
   221.60000000000099       -1.1675365268684559     
   222.40000000000100       -1.1768253729755436     
   223.20000000000101      -0.92175559862792378     
   224.00000000000102      -0.51977254611230506     
   224.80000000000103       -6.9413306110448381E-002
   225.60000000000105       0.39359407428508608     
   226.40000000000106       0.83298455887425982     
   227.20000000000107        1.1428490099062312     
   228.00000000000108        1.1933226598132176     
   228.80000000000109       0.96921102182843211     
   229.60000000000110       0.58030812496989181     
   230.40000000000111       0.13354910664400665     
   231.20000000000113      -0.32877419709523914     
   232.00000000000114      -0.77592860989872015     
   232.80000000000115       -1.1126526223509110     
   233.60000000000116       -1.2042052012036966     
   234.40000000000117       -1.0136597054171004     
   235.20000000000118      -0.64006884049650259     
   236.00000000000119      -0.19752089947733631     
   236.80000000000121       0.26383559474274682     
   237.60000000000122       0.71698663397254336     
   238.40000000000123        1.0776357428053158     
   239.20000000000124        1.2093177890910041     
   240.00000000000125        1.0543870962955986     
   240.80000000000126       0.69843675091889001     
   241.60000000000127       0.26106397702093531     
   242.40000000000128      -0.19882985716903923     
   243.20000000000130      -0.65623332313354654     
   244.00000000000131       -1.0378539547315262     
   244.80000000000132       -1.2084895811879652     
   245.60000000000133       -1.0912139047653884     
   246.40000000000134      -0.75547098204121810     
   247.20000000000135      -0.32432672202406732     
   248.00000000000136       0.13386265250356133     
   248.80000000000138       0.59421533761991285     
   249.60000000000139       0.99394582474656690     
   250.40000000000140        1.2017719783608609     
   251.20000000000141        1.1236289654437803     
   252.00000000000142       0.81065907842591334     
   252.80000000000143       0.38706640242824342     
   253.60000000000144       -6.9025177866339660E-002
   254.40000000000146      -0.53110712655249281     
   255.20000000000147      -0.94614452859773723     
   256.00000000000148       -1.1891142353169366     
   256.80000000000149       -1.1513437417031651     
   257.60000000000150      -0.86385610180016981     
   258.40000000000151      -0.44933584549606831     
   259.20000000000152        4.3320886105923662E-003
   260.00000000000153       0.46725910005042542     
   260.80000000000155       0.89502145098253594     
   261.60000000000156        1.1707165328792124     
   262.40000000000157        1.1739910984126900     
   263.20000000000158       0.91460167263153846     
   264.00000000000159       0.51090195974108255     
   264.80000000000160        6.0130801638475062E-002
   265.60000000000161      -0.40285492911038018     
   266.40000000000163      -0.84090736614379402     
   267.20000000000164       -1.1466875020547875     
   268.00000000000165       -1.1912898157293905     
   268.80000000000166      -0.96261493925014197     
   269.60000000000167      -0.57171108800484716     
   270.40000000000168      -0.12437467320371914     
   271.20000000000169       0.33810972519753446     
   272.00000000000171       0.78429732349825065     
   272.80000000000172        1.1173416434157446     
   273.60000000000173        1.2030024411302953     
   274.40000000000174        1.0074607237656952     
   275.20000000000175       0.63151560305353138     
   276.00000000000176       0.18832310026637966     
   276.80000000000177      -0.27317298860017347     
   277.60000000000178      -0.72554731950741791     
   278.40000000000180       -1.0829344555746208     
   279.20000000000181       -1.2089342079911858     
   280.00000000000182       -1.0487841508408664     
   280.80000000000183      -0.69015845928370090     
   281.60000000000184      -0.25197368942764004     
   282.40000000000185       0.20816799121336649     
   283.20000000000186       0.66506885917868597     
   284.00000000000188        1.0438618295267170     
   284.80000000000189        1.2089843682480077     
   285.60000000000190        1.0861735384830553     
   286.40000000000191       0.74735659519284914     
   287.20000000000192       0.31524438301177665     
   288.00000000000193      -0.14319831129549537     
   288.80000000000194      -0.60318998011029368     
   289.60000000000196       -1.0004849405555869     
   290.40000000000197       -1.2030918935803654     
   291.20000000000198       -1.1192566784784379     
   292.00000000000199      -0.80286039607752846     
   292.80000000000200      -0.37809381738536640     
   293.60000000000201        7.8328310158233050E-002
   294.40000000000202       0.54023435826741817     
   295.20000000000203       0.95324341949761604     
   296.00000000000205        1.1913011450925095     
   296.80000000000206        1.1476638088079465     
   297.60000000000207       0.85634172831015065     
   298.40000000000208       0.44041391196111190     
   299.20000000000209       -1.3622593664053051E-002
   300.00000000000210      -0.47647068512104268     
   300.80000000000211      -0.90255198331587083     
   301.60000000000213       -1.1737025634325033     
   302.40000000000214       -1.1710585186063562     
   303.20000000000215      -0.90747642903815584     
   304.00000000000216      -0.50210753700476141     
   304.80000000000217       -5.0885904235617785E-002
   305.60000000000218       0.41213644404327793     
   306.40000000000219       0.84885447913806888     
   307.20000000000221        1.1504819976151537     
   308.00000000000222        1.1891443266223316     
   308.80000000000223       0.95589579704304417     
   309.60000000000224       0.56302180532821633     
   310.40000000000225       0.11515407126529764     
   311.20000000000226      -0.34742967077654158     
   312.00000000000227      -0.79256901864799223     
   312.80000000000229       -1.1218721574575943     
   313.60000000000230       -1.2016689818327464     
   314.40000000000231       -1.0012264536863449     
   315.20000000000232      -0.62299300119846968     
   316.00000000000233      -0.17915506702850825     
   316.80000000000234       0.28251070895293495     
   317.60000000000235       0.73410798086763362     
   318.40000000000236        1.0881794078137466     
   319.20000000000238        1.2084440871069451     
   320.00000000000239        1.0430769924517298     
   320.80000000000240       0.68180970890926340     
   321.60000000000241       0.24284478324653569     
   322.40000000000242      -0.21751102228249969     
   323.20000000000243      -0.67385253822099833     
   324.00000000000244       -1.0497480103785812     
   324.80000000000246       -1.2093403128196754     
   325.60000000000247       -1.0810570618008166     
   326.40000000000248      -0.73923686940480193     
   327.20000000000249      -0.30617892614450071     
   328.00000000000250       0.15252894413178514     
   328.80000000000251       0.61215645745684921     
   329.60000000000252        1.0069686610339075     
   330.40000000000254        1.2043050445065338     
   331.20000000000255        1.1147816986374559     
   332.00000000000256       0.79499902389049271     
   332.80000000000257       0.36908975121295984     
   333.60000000000258       -8.7643116924436992E-002
   334.40000000000259      -0.54933716623829287     
   335.20000000000260      -0.96025335291852576     
   336.00000000000261       -1.1933545630582307     
   336.80000000000263       -1.1438820292005838     
   337.60000000000264      -0.84879332966820975     
   338.40000000000265      -0.43149526354435996     
   339.20000000000266        2.2908919090728230E-002
   340.00000000000267       0.48567421840629815     
   340.80000000000268       0.91003287036698199     
   341.60000000000269        1.1765836619717778     
   342.40000000000271        1.1680170709186437     
   343.20000000000272       0.90028562416021962     
   344.00000000000273       0.49328467192066128     
   344.80000000000274        4.1628421940510030E-002
   345.60000000000275      -0.42140928734997163     
   346.40000000000276      -0.85673976961285059     
   347.20000000000277       -1.1541559868817661     
   348.00000000000279       -1.1868816489514808     
   348.80000000000280      -0.94911885744657165     
   349.60000000000281      -0.55432237814882757     
   350.40000000000282      -0.10593461277931049     
   351.20000000000283       0.35674476047842846     
   352.00000000000284       0.80080125878747488     
   352.80000000000285        1.1263047002412228     
   353.60000000000286        1.2002194921876843     
   354.40000000000288       0.99491683465334568     
   355.20000000000289       0.61443984949058494     
   356.00000000000290       0.16997504451171774     
   356.80000000000291      -0.29184818061185125     
   357.60000000000292      -0.74262833207705681     
   358.40000000000293       -1.0933211025642711     
   359.20000000000294       -1.2078295357471782     
   360.00000000000296       -1.0372916743451230     
   360.80000000000297      -0.67343711357013003     
   361.60000000000298      -0.23371308392003209     
   362.40000000000299       0.22685272485060409     
   363.20000000000300       0.68260835036549317     
   364.00000000000301        1.0555482225260973     
   364.80000000000302        1.2095763142375102     
   365.60000000000304        1.0758519924536882     
   366.40000000000305       0.73107952125037290     
   367.20000000000306       0.29710119774989441     
   368.00000000000307      -0.16186339358058988     
   368.80000000000308      -0.62109896223963812     
   369.60000000000309       -1.0133683588720546     
   370.40000000000310       -1.2053935899231003     
   371.20000000000312       -1.1102111739744638     
   372.00000000000313      -0.78709922692210332     
   372.80000000000314      -0.36007802104316544     
   373.60000000000315        9.6959393080997325E-002
   374.40000000000316       0.55842282938020638     
   375.20000000000317       0.96719270690728676     
   376.00000000000318        1.1952895546190803     
   376.80000000000319        1.1399980181167673     
   377.60000000000321       0.84119607862544798     
   378.40000000000322       0.42256190231336876     
   379.20000000000323       -3.2200807802008014E-002
   380.00000000000324      -0.49486554248632231     
   380.80000000000325      -0.91744915964885143     
   381.60000000000326       -1.1793463290749582     
   382.40000000000327       -1.1648661423497793     
   383.20000000000329      -0.89304071224497272     
   384.00000000000330      -0.48444780949422550     
   384.80000000000331       -3.2367410828206045E-002
   385.60000000000332       0.43067358385125643     
   386.40000000000333       0.86457112804360614     
   387.20000000000334        1.1577189894050171     
   388.00000000000335        1.1845053375137742     
   388.80000000000337       0.94227886642830849     
   389.60000000000338       0.54560296719357826     
   390.40000000000339        9.6708660503960431E-002
   391.20000000000340      -0.36605555075238694     
   392.00000000000341      -0.80898704845004077     
   392.80000000000342       -1.1306303504627686     
   393.60000000000343       -1.1986510286389407     
   394.40000000000344      -0.98853665907604993     
   395.20000000000346      -0.60586431793608186     
   396.00000000000347      -0.16078958679766309     
   396.80000000000348       0.30118321300855821     
   397.60000000000349       0.75111071507257354     
   398.40000000000350        1.0983643810406667     
   399.20000000000351        1.2070942779528859     
   400.00000000000352        1.0314275911829449     
   400.80000000000354       0.66503614687240376     
   401.60000000000355       0.22457357912239934     
   402.40000000000356      -0.23619501089083705     
   403.20000000000357      -0.69133347029298509     
   404.00000000000358       -1.0612570064401918     
   404.80000000000359       -1.2096893178717401     
   405.60000000000360       -1.0705600274755789     
   406.40000000000362      -0.72288898186144235     
   407.20000000000363      -0.28801545357632369     
   408.00000000000364       0.17119927661986539     
   408.80000000000365       0.63001734878392179     
   409.60000000000366        1.0196857264747294     
   410.40000000000367        1.2063600465869342     
   411.20000000000368        1.1055463232410403     
   412.00000000000369       0.77915962730811006     
   412.80000000000371       0.35105583358073011     
   413.60000000000372      -0.10627899902279464     
   414.40000000000373      -0.56749048332030938     
   415.20000000000374      -0.97405825009125135     
   416.00000000000375       -1.1971035861960999     
   416.80000000000376       -1.1360122096348382     
   417.60000000000377      -0.83355241296675298     
   418.40000000000379      -0.41361645514122314     
   419.20000000000380        4.1496400469224370E-002
   420.00000000000381       0.50404368954711509     
   420.80000000000382       0.92480076895849717     
   421.60000000000383        1.1819916651078848     
   422.40000000000384        1.1616072912827100     
   423.20000000000385       0.88574200056621777     
   424.00000000000387       0.47559576563136813     
   424.80000000000388        2.3101519305814500E-002
   425.60000000000389      -0.43992927258214798     
   426.40000000000390      -0.87234662508974914     
   427.20000000000391       -1.1611689831868632     
   428.00000000000392       -1.1820153532261721     
   428.80000000000393      -0.93537731774677679     
   429.60000000000394      -0.53686523760866978     
   430.40000000000396       -8.7477478200140180E-002
   431.20000000000397       0.37536102919359693     
   432.00000000000398       0.81712550929074868     
   432.80000000000399        1.1348490615883120     
   433.60000000000400        1.1969647923523148     
   434.40000000000401       0.98208700247105019     
   435.20000000000402       0.59726629676271314     
   436.00000000000404       0.15159790927257710     
   436.80000000000405      -0.31051600259483259     
   437.60000000000406      -0.75955393014511852     
   438.40000000000407       -1.1033075632035958     
   439.20000000000408       -1.2062380431122572     
   440.00000000000409       -1.0254858309646380     
   440.80000000000410      -0.65660801560602833     
   441.60000000000412      -0.21542710384279490     
   442.40000000000413       0.24553710296903031     
   443.20000000000414       0.70002682088477042     
   444.00000000000415        1.0668735661377706     
   444.80000000000416        1.2096799062360084     
   445.60000000000417        1.0651824605984972     
   446.40000000000418       0.71466582066400619     
   447.20000000000420       0.27892140253985775     
   448.00000000000421      -0.18053681734918392     
   448.80000000000422      -0.63891083889799383     
   449.60000000000423       -1.0259192919245774     
   450.40000000000424       -1.2072039250106472     
   451.20000000000425       -1.1007880323148267     
   452.00000000000426      -0.77118128629470584     
   452.80000000000427      -0.34202380643896590     
   453.60000000000429       0.11560142494752601     
   454.40000000000430       0.57653916277451422     
   455.20000000000431       0.98084880512239692     
   456.00000000000432        1.1987965928370790     
   456.80000000000433        1.1319257867788506     
   457.60000000000434       0.82586330500526228     
   458.40000000000435       0.40465903214653065     
   459.20000000000437       -5.0795859972833424E-002
   460.00000000000438      -0.51320814956835092     
   460.80000000000439      -0.93208637972479758     
   461.60000000000440       -1.1845189278648911     
   462.40000000000441       -1.1582412113127922     
   463.20000000000442      -0.87839055444654668     
   464.00000000000443      -0.46672911970325826     
   464.80000000000445       -1.3831063448792980E-002
   465.60000000000446       0.44917562119997262     
   466.40000000000447       0.88006498460119920     
   467.20000000000448        1.1645053492632946     
   468.00000000000449        1.1794125673400191     
   468.80000000000450       0.92841538892778241     
   469.60000000000451       0.52810962717110055     
   470.40000000000452        7.8241004585698770E-002
   471.20000000000454      -0.38466087311199820     
   472.00000000000455      -0.82521548023772739     
   472.80000000000456       -1.1389598422814846     
   473.60000000000457       -1.1951612072214071     
   474.40000000000458      -0.97556896364598134     
   475.20000000000459      -0.58864645184820652     
   476.00000000000460      -0.14240024195689110     
   476.80000000000462       0.31984606010638850     
   477.60000000000463       0.76795679219284230     
   478.40000000000464        1.1081496297375559     
   479.20000000000465        1.2052612721996023     
   480.00000000000466        1.0194676217178347     
   480.80000000000467       0.64815343090167776     
   481.60000000000468       0.20627372800907373     
   482.40000000000470      -0.25487881184363725     
   483.20000000000471      -0.70868742755637615     
   484.00000000000472       -1.0723967215021235     
   484.80000000000473       -1.2095481460857469     
   485.60000000000474       -1.0597203721072002     
   486.40000000000475      -0.70641085606890852     
   487.20000000000476      -0.26981929235363017     
   488.00000000000477       0.18987572393751101     
   488.80000000000479       0.64777844731179490     
   489.60000000000480        1.0320678093507862     
   490.40000000000481        1.2079251858512405     
   491.20000000000482        1.0959374425279047     
   492.00000000000483       0.76316513769103367     
   492.80000000000484       0.33298216819061399     
   493.60000000000485      -0.12492656674668401     
   494.40000000000487      -0.58556810421091043     
   495.20000000000488      -0.98756310371506839     
   496.00000000000489       -1.2003682368383346     
   496.80000000000490       -1.1277397092376655     
   497.60000000000491      -0.81812973499321184     
   498.40000000000492      -0.39568998217899443     
   499.20000000000493        6.0099021521587526E-002
   500.00000000000495       0.52235817961464581     
   500.80000000000496       0.93930468404309519     
   501.60000000000497        1.1869276137462106     
   502.40000000000498        1.1547688270365113     
   503.20000000000499       0.87098746883669143     
   504.00000000000500       0.45784828375940778     
   504.80000000000501        4.5561153703379542E-003
   505.60000000000502      -0.45841207942515988     
   506.40000000000504      -0.88772496212642826     
   507.20000000000505       -1.1677273614910848     
   508.00000000000506       -1.1766976968023513     
   508.80000000000507      -0.92139418278055352     
   509.60000000000508      -0.51933664526728884     
   510.40000000000509       -6.8999357544257345E-002
   511.20000000000510       0.39395457408780371     
   512.00000000000512       0.83325572672576820     
   512.80000000000507        1.1429618010058842     
   513.60000000000502        1.1932408649638777     
   514.40000000000498       0.96898371953516216     
   515.20000000000493       0.58000539693656039     
   516.00000000000489       0.13319668431898096     
   516.80000000000484      -0.32917302510130281     
   517.60000000000480      -0.77631817914812540     
   518.40000000000475       -1.1128895439479032     
   519.20000000000471       -1.2041643287888568     
   520.00000000000466       -1.0133741112949961     
   520.80000000000462      -0.63967309554505780     
   521.60000000000457      -0.19711360151102242     
   522.40000000000452       0.26421982362407775     
   523.20000000000448       0.71731422529395095     
   524.00000000000443        1.0778253138192060     
   524.80000000000439        1.2092942124086343     
   525.60000000000434        1.0541749220036203     
   526.40000000000430       0.69812490568829189     
   527.20000000000425       0.26070930864519942     
   528.00000000000421      -0.19921578320154093     
   528.80000000000416      -0.65661924366067881     
   529.60000000000412       -1.0381300515753606     
   530.40000000000407       -1.2085237695910458     
   531.20000000000402       -1.0909956402112189     
   532.00000000000398      -0.75511207837883987     
   532.80000000000393      -0.32393116887273865     
   533.60000000000389       0.13425424764054394     
   534.40000000000384       0.59457646531650643     
   535.20000000000380       0.99419986088816037     
   536.00000000000375        1.2018182445945185     
   536.80000000000371        1.1234550037366187     
   537.60000000000366       0.81035270047919494     
   538.40000000000362       0.38670962790328933     
   539.20000000000357       -6.9405763447566160E-002
   540.00000000000352      -0.53149307269686363     
   540.80000000000348      -0.94645439822245481     
   541.60000000000343       -1.1892172311276445     
   542.40000000000339       -1.1511910396811775     
   543.20000000000334      -0.86353380027416815     
   544.00000000000330      -0.44895366094076877     
   544.80000000000325        4.7232177128629926E-003
   545.60000000000321       0.46763803831001505     
   546.40000000000316       0.89532528169780190     
   547.20000000000312        1.1708343281466855     
   548.00000000000307        1.1738715127195736     
   548.80000000000302       0.91431482321817859     
   549.60000000000298       0.51054679080465570     
   550.40000000000293        5.9752632456444632E-002
   551.20000000000289      -0.40324164266423940     
   552.00000000000284      -0.84124503052520661     
   552.80000000000280       -1.1468540695751315     
   553.60000000000275       -1.1912043607728178     
   554.40000000000271      -0.96233241952206972     
   555.20000000000266      -0.57134372401925471     
   556.00000000000261      -0.12398734629947150     
   556.80000000000257       0.33849649796816572     
   557.60000000000252       0.78463693448172234     
   558.40000000000248        1.1175262839027815     
   559.20000000000243        1.2029476211624619     
   560.00000000000239        1.0072064686156288     
   560.80000000000234       0.63116770716637682     
   561.60000000000230       0.18794686139568045     
   562.40000000000225      -0.27355983221358482     
   563.20000000000221      -0.72590615448021678     
   564.00000000000216       -1.0831582055817286     
   564.80000000000211       -1.2089183013927509     
   565.60000000000207       -1.0485472579944686     
   566.40000000000202      -0.68980876300306859     
   567.20000000000198      -0.25159163266941154     
   568.00000000000193       0.20855675860554707     
   568.80000000000189       0.66543226566642200     
   569.60000000000184        1.0441047927767617     
   570.40000000000180        1.2089996542884218     
   571.20000000000175        1.0859637337321426     
   572.00000000000171       0.74702300173633351     
   572.80000000000166       0.31487104873616317     
   573.60000000000161      -0.14358429328368327     
   574.40000000000157      -0.60356340040663703     
   575.20000000000152       -1.0007578041145728     
   576.00000000000148       -1.2031463716023987     
   576.80000000000143       -1.1190727003116023     
   577.60000000000139      -0.80253317861518425     
   578.40000000000134      -0.37771827940816932     
   579.20000000000130        7.8715952829754687E-002
   580.00000000000125       0.54061209494104290     
   580.80000000000121       0.95353423062664522     
   581.60000000000116        1.1913873189604072     
   582.40000000000111        1.1475087756030309     
   583.20000000000107       0.85603060348760829     
   584.00000000000102       0.44004564432021492     
   584.80000000000098       -1.4006830236853285E-002
   585.60000000000093      -0.47685288075805871     
   586.40000000000089      -0.90286466954291944     
   587.20000000000084       -1.1738255860138500     
   588.00000000000080       -1.1709348030915947     
   588.80000000000075      -0.90717842089479117     
   589.60000000000070      -0.50174054615615016     
   590.40000000000066       -5.0500926726776085E-002
   591.20000000000061       0.41252156852377075     
   592.00000000000057       0.84918215924150009     
   592.80000000000052        1.1506358021459848     
   593.60000000000048        1.1890523190028908     
   594.40000000000043       0.95561621453574397     
   595.20000000000039       0.56266201377493896     
   596.00000000000034       0.11477233411188875     
   596.80000000000030      -0.34781606984555596     
   597.60000000000025      -0.79291189508848392     
   598.40000000000020       -1.1220588495455450     
   599.20000000000016       -1.2016115843000144     
   600.00000000000011       -1.0009658583663101     
   600.80000000000007      -0.62263794597052269     
   601.60000000000002      -0.17877363982167027     
   602.39999999999998       0.28289851676862665     
   603.19999999999993       0.73446213774832569     
   603.99999999999989        1.0883942721520992     
   604.79999999999984        1.2084206412291563     
   605.59999999999980        1.0428385348496363     
   606.39999999999975       0.68146320984637265     
   607.19999999999970       0.24246643874850499     
   607.99999999999966      -0.21789840588060555     
   608.79999999999961      -0.67421653864268838     
   609.59999999999957       -1.0499908192510179     
   610.39999999999952       -1.2093528494574399     
   611.19999999999948       -1.0808428372963610     
   611.99999999999943      -0.73889878554342170     
   612.79999999999939      -0.30580203821585178     
   613.59999999999934       0.15291652047610405     
   614.39999999999930       0.61252804500571922     
   615.19999999999925        1.0072356640557825     
   615.99999999999920        1.2043524051115866     
   616.79999999999916        1.1145938433774747     
   617.59999999999911       0.79467213659289238     
   618.39999999999907       0.36871623664394199     
   619.19999999999902       -8.8029452321427393E-002
   619.99999999999898      -0.54971449764857028     
   620.79999999999893      -0.96054289156388695     
   621.59999999999889       -1.1934374469124802     
   622.39999999999884       -1.1437229771569595     
   623.19999999999879      -0.84847892184699081     
   623.99999999999875      -0.43112461383342826     
   624.79999999999870        2.3294613535885411E-002
   625.59999999999866       0.48605597221082908     
   626.39999999999861       0.91034184650059125     
   627.19999999999857        1.1767004994506094     
   627.99999999999852        1.1678883781274940     
   628.79999999999848       0.89998608046685291     
   629.59999999999843       0.49291838098636248     
   630.39999999999839        4.1244337770932338E-002
   631.19999999999834      -0.42179382711809010     
   631.99999999999829      -0.85706587375803522     
   632.79999999999825       -1.1543061779808155     
   633.59999999999820       -1.1867853888062230     
   634.39999999999816      -0.94883625038135699     
   635.19999999999811      -0.55396083193610768     
   635.99999999999807      -0.10555175159696994     
   636.79999999999802       0.35713131747979016     
   637.59999999999798       0.80114188595254077     
   638.39999999999793        1.1264862607607935     
   639.19999999999789        1.2001566818321412     
   639.99999999999784       0.99465344532089561     
   640.79999999999779       0.61408447822671164     
   641.59999999999775       0.16959406431141261     
   642.39999999999770      -0.29223554484654735     
   643.19999999999766      -0.74298108488729109     
   643.99999999999761       -1.0935324051011657     
   644.79999999999757       -1.2078014906519596     
   645.59999999999752       -1.0370499101035937     
   646.39999999999748      -0.67308901320867609     
   647.19999999999743      -0.23333389408595057     
   647.99999999999739       0.22724047043412848     
   648.79999999999734       0.68297107207566388     
   649.59999999999729        1.0557869276422480     
   650.39999999999725        1.2095833964394624     
   651.19999999999720        1.0756340730555123     
   651.99999999999716       0.73074029450327627     
   652.79999999999711       0.29672435900115368     
   653.59999999999707      -0.16225073828441922     
   654.39999999999702      -0.62146951869553546     
   655.19999999999698       -1.0136321774992816     
   655.99999999999693       -1.2054361642801696     
   656.79999999999688       -1.1100194891215118     
   657.59999999999684      -0.78677052915209944     
   658.39999999999679      -0.35970378870590103     
   659.19999999999675        9.7346118956537886E-002
   659.99999999999670       0.55879951521712046     
   660.79999999999666       0.96747909202490545     
   661.59999999999661        1.1953672152577675     
   662.39999999999657        1.1398346034022204     
   663.19999999999652       0.84087978885963899     
   663.99999999999648       0.42219093744076203     
   664.79999999999643       -3.2586455901125133E-002
   665.59999999999638      -0.49524666205138940     
   666.39999999999634      -0.91775553021886602     
   667.19999999999629       -1.1794584613383701     
   667.99999999999625       -1.1647330687814568     
   668.79999999999620      -0.89273889874645063     
   669.59999999999616      -0.48408075146798757     
   670.39999999999611       -3.1982963518021101E-002
   671.19999999999607       0.43105787843294097     
   671.99999999999602       0.86489492744799490     
   672.79999999999598        1.1578644013896444     
   673.59999999999593        1.1844042441434131     
   674.39999999999588       0.94199366838554777     
   675.19999999999584       0.54524073020753150     
   675.99999999999579        9.6325700620617905E-002
   676.79999999999575      -0.36644180373225499     
   677.59999999999570      -0.80932572159583382     
   678.39999999999566       -1.1308075586096993     
   679.19999999999561       -1.1985834053654958     
   679.99999999999557      -0.98827039296533015     
   680.79999999999552      -0.60550795555260972     
   681.59999999999548      -0.16040825793269292     
   682.39999999999543       0.30157057166275908     
   683.19999999999538       0.75146189236291505     
   683.99999999999534        1.0985715123535347     
   684.79999999999529        1.2070611387814414     
   685.59999999999525        1.0311825440821316     
   686.39999999999520       0.66468692578187094     
   687.19999999999516       0.22419415927444353     
   687.99999999999511      -0.23658268735249360     
   688.79999999999507      -0.69169486043547024     
   689.59999999999502       -1.0614919261546754     
   690.39999999999498       -1.2096913683107851     
   691.19999999999493       -1.0703385700405419     
   691.99999999999488      -0.72254837958453777     
   692.79999999999484      -0.28763822407930606     
   693.59999999999479       0.17158674755094144     
   694.39999999999475       0.63038692477284641     
   695.19999999999470        1.0199460876525344     
   695.99999999999466        1.2063975001694367     
   696.79999999999461        1.1053507051530587     
   697.59999999999457       0.77882929874666373     
   698.39999999999452       0.35068121429074905     
   699.19999999999447      -0.10666580388397601     
   699.99999999999443      -0.56786636546062019     
   700.79999999999438      -0.97434154469572509     
   701.59999999999434       -1.1971762552229888     
   702.39999999999429       -1.1358446292674447     
   703.19999999999425      -0.83323422753704723     
   703.99999999999420      -0.41324497111658298     
   704.79999999999416        4.1882242197380959E-002
   705.59999999999411       0.50442428329042510     
   706.39999999999407       0.92510443548314170     
   707.19999999999402        1.1820988933506895     
   707.99999999999397        1.1614697262698506     
   708.79999999999393       0.88543796455252610     
   709.59999999999388       0.47522810061473186     
   710.39999999999384        2.2716902791887983E-002
   711.19999999999379      -0.44031316697769429     
   711.99999999999375      -0.87266806691499832     
   712.79999999999370       -1.1613097023766752     
   713.59999999999366       -1.1819095831943078     
   714.39999999999361      -0.93508960475508918     
   715.19999999999357      -0.53650224620287246     
   715.99999999999352       -8.7094281396612350E-002
   716.79999999999347       0.37574707726312206     
   717.59999999999343       0.81746220634364875     
   718.39999999999338        1.1350218058427239     
   719.19999999999334        1.1968922740905765     
   719.99999999999329       0.98181786310472685     
   720.79999999999325       0.59690901506818617     
   721.59999999999320       0.15121633968120668     
   722.39999999999316      -0.31090323989218066     
   723.19999999999311      -0.75990344377334651     
   723.99999999999307       -1.1035105189793770     
   724.79999999999302       -1.2061999048401557     
   725.59999999999297       -1.0252375992278415     
   726.39999999999293      -0.65625768579708754     
   727.19999999999288      -0.21504738855562888     
   727.99999999999284       0.24592478107581039     
   728.79999999999279       0.70038688330953391     
   729.59999999999275        1.0671046351892683     
   730.39999999999270        1.2096768697462472     
   731.19999999999266        1.0649574636009007     
   731.99999999999261       0.71432387796413388     
   732.79999999999256       0.27854383805659766     
   733.59999999999252      -0.18092434058983742     
   734.39999999999247      -0.63927935043108597     
   735.19999999999243       -1.0261761449260072     
   735.99999999999238       -1.2072362958086880     
   736.79999999999234       -1.1005885698145479     
   737.59999999999229      -0.77084937525382324     
   738.39999999999225      -0.34164878189359660     
   739.19999999999220       0.11598835202055691     
   739.99999999999216       0.57691424957749626     
   740.79999999999211       0.98112896457856102     
   741.59999999999206        1.1988642291781486     
   742.39999999999202        1.1317540449324430     
   743.19999999999197       0.82554325013896190     
   743.99999999999193       0.40428705908824264     
   744.79999999999188       -5.1181853499625063E-002
   745.59999999999184      -0.51358815251877510     
   746.39999999999179      -0.93238727487412487     
   747.19999999999175       -1.1846212463473553     
   747.99999999999170       -1.1580992214487469     
   748.79999999999166      -0.87808435829341469     
   749.59999999999161      -0.46636085840699110     
   750.39999999999156       -1.3446255670533203E-002
   751.19999999999152       0.44955912161271089     
   751.99999999999147       0.88038403249641495     
   752.79999999999143        1.1646413371255382     
   753.59999999999138        1.1793021278256282     
   754.39999999999134       0.92812519015310402     
   755.19999999999129       0.52774590357292550     
   755.99999999999125        7.7857592855892443E-002
   756.79999999999120      -0.38504667233268486     
   757.59999999999116      -0.82555013479487249     
   758.39999999999111       -1.1391280875322258     
   759.19999999999106       -1.1950838343446832     
   759.99999999999102      -0.97529701532841506     
   760.79999999999097      -0.58828827940882134     
   761.59999999999093      -0.14201842481181581     
   762.39999999999088       0.32023317940892082     
   763.19999999999084       0.76830461017705387     
   763.99999999999079        1.1083483678632282     
   764.79999999999075        1.2052181378483062     
   765.59999999999070        1.0192162395392756     
   766.39999999999065       0.64780201699694662     
   767.19999999999061       0.20589373014184942     
   767.99999999999056      -0.25526646511358148     
   768.79999999999052      -0.70904610565521908     
   769.59999999999047       -1.0726238880759544     
   770.39999999999043       -1.2095400368749007     
   771.19999999999038       -1.0594918947768073     
   771.99999999999034      -0.70606761288564490     
   772.79999999999029      -0.26944139742963402     
   773.59999999999025       0.19026330087065524     
   774.39999999999020       0.64814586688351028     
   775.19999999999015        1.0323211076395493     
   775.99999999999011        1.2079524662115104     
   776.79999999999006        1.0957341715411879     
   777.59999999999002       0.76283167577038569     
   778.39999999998997       0.33260675005985124     
   779.19999999998993      -0.12531360171028483     
   779.99999999998988      -0.58594235218424662     
   780.79999999998984      -0.98784006968315297     
   781.59999999998979       -1.2004308308303333     
   782.39999999998975       -1.1275638551791138     
   783.19999999998970      -0.81780785787190746     
   783.99999999998965      -0.39531753403757008     
   784.79999999998961        6.0485166735957441E-002
   785.59999999998956       0.52273756983781317     
   786.39999999998952       0.93960275938634408     
   787.19999999998947        1.1870250007198637     
   787.99999999998943        1.1546224441999819     
   788.79999999998938       0.87067915160211795     
   789.59999999998934       0.45747944196116147     
   790.39999999998929        4.1711238544195339E-003
   791.19999999998925      -0.45879515540831367     
   791.99999999998920      -0.88804155881640356     
   792.79999999998915       -1.1678585884917037     
   793.59999999998911       -1.1765826230395748     
   794.39999999998906      -0.92110154925450316     
   795.19999999998902      -0.51897221211245037     
   795.99999999998897       -6.8615733006677282E-002
   796.79999999998893       0.39434010859668289     
   797.59999999998888       0.83358829227775122     
   798.39999999998884        1.1431255116696435     
   799.19999999998879        1.1931586591593273     
