   0.0000000000000000       -1.3904044872285954     
  0.80000000000000004       0.54241254656408144     
   1.6000000000000001        1.9581135665179885     
   2.4000000000000004        1.4230481503590704     
   3.2000000000000002      -0.54660845938381697     
   4.0000000000000000       -2.3006568852441740     
   4.7999999999999998       -1.8711627006217304     
   5.5999999999999996       0.35077716580186102     
   6.3999999999999995        2.6251159215522604     
   7.1999999999999993        2.3778017223994672     
   7.9999999999999991       -1.9224715841738682E-002
   8.7999999999999989       -2.6307375259940788     
   9.5999999999999996       -2.7703544320447522     
   10.400000000000000      -0.46425245077935129     
   11.200000000000001        2.1654741997486888     
   12.000000000000002        2.9535531107488722     
   12.800000000000002        1.0770124266967218     
   13.600000000000003       -1.2814740444197259     
   14.400000000000004       -2.6167519664346544     
   15.200000000000005       -1.7774767798444160     
   16.000000000000004       -6.8486151083433366E-002
   16.800000000000004        1.3670349432264239     
   17.600000000000005        1.9127503291920380     
   18.400000000000006        1.3803802485623968     
   19.200000000000006       0.39523547153156879     
   20.000000000000007      -0.57181813115897318     
   20.800000000000008       -1.3381339490568456     
   21.600000000000009       -1.5941968156043329     
   22.400000000000009       -1.1345086822315271     
   23.200000000000010      -0.13988677768292135     
   24.000000000000011        1.1023956870032392     
   24.800000000000011        1.9699698188930288     
   25.600000000000012        1.6191716038062633     
   26.400000000000013       0.26360467113472019     
   27.200000000000014       -1.4232195843745967     
   28.000000000000014       -2.3686896557112562     
   28.800000000000015       -1.5459598165421535     
   29.600000000000016       0.24693151116035961     
   30.400000000000016        2.0293674937810238     
   31.200000000000017        2.3966413047810744     
   32.000000000000014        1.0175237777100614     
   32.800000000000011      -0.90499623482257197     
   33.600000000000009       -2.3414564648607454     
   34.400000000000006       -2.0302925130522600     
   35.200000000000003      -0.48758887564540276     
   36.000000000000000        1.2298528147001881     
   36.799999999999997        2.2502352205448575     
   37.599999999999994        1.7266859739637805     
   38.399999999999991       0.31055808862620760     
   39.199999999999989       -1.1940852855503064     
   39.999999999999986       -2.0910960603440230     
   40.799999999999983       -1.6729467038811725     
   41.599999999999980      -0.40125122079210973     
   42.399999999999977        1.0502716604013782     
   43.199999999999974        2.0401680301013503     
   43.999999999999972        1.7620709776550290     
   44.799999999999969       0.51163062448284657     
   45.599999999999966       -1.0204796287524076     
   46.399999999999963       -2.1170502268466675     
   47.199999999999960       -1.8277201924768480     
   47.999999999999957      -0.47184018891333435     
   48.799999999999955        1.1670939373147997     
   49.599999999999952        2.2434591363361331     
   50.399999999999949        1.7663781610299951     
   51.199999999999946       0.26975930562898043     
   51.999999999999943       -1.4024174552024757     
   52.799999999999940       -2.3068748721943582     
   53.599999999999937       -1.5929977651226455     
   54.399999999999935       -1.6721964275250301E-002
   55.199999999999932        1.5966530775673606     
   55.999999999999929        2.2763988220059059     
   56.799999999999926        1.4064830485206805     
   57.599999999999923      -0.17018416575299389     
   58.399999999999920       -1.6920200476078553     
   59.199999999999918       -2.2108972301566592     
   59.999999999999915       -1.2819229667215724     
   60.799999999999912       0.26580959762353262     
   61.599999999999909        1.7266270192584627     
   62.399999999999906        2.1690816755324223     
   63.199999999999903        1.2185743025882352     
   63.999999999999901      -0.32175881882159230     
   64.799999999999898       -1.7654047210345252     
   65.599999999999895       -2.1597821429452968     
   66.399999999999892       -1.1677631704382705     
   67.199999999999889       0.39892547619380525     
   67.999999999999886        1.8400575794762626     
   68.799999999999883        2.1558556206532065     
   69.599999999999881        1.0862652105108981     
   70.399999999999878      -0.52001750170398164     
   71.199999999999875       -1.9378891402021163     
   71.999999999999872       -2.1273627203358361     
   72.799999999999869      -0.96635052587506687     
   73.599999999999866       0.66573406010056790     
   74.399999999999864        2.0262340393718654     
   75.199999999999861        2.0672792758242289     
   75.999999999999858       0.83024253766923528     
   76.799999999999855      -0.80392998356457679     
   77.599999999999852       -2.0862420655384075     
   78.399999999999849       -1.9918595165480995     
   79.199999999999847      -0.70362716559664062     
   79.999999999999844       0.91901528621238771     
   80.799999999999841        2.1236916779467570     
   81.599999999999838        1.9193279130588414     
   82.399999999999835       0.59441380621386308     
   83.199999999999832       -1.0177389139546045     
   83.999999999999829       -2.1539337039275610     
   84.799999999999827       -1.8537479890403439     
   85.599999999999824      -0.49252397174171336     
   86.399999999999821        1.1158362305854472     
   87.199999999999818        2.1852823730635254     
   87.999999999999815        1.7868972435776564     
   88.799999999999812       0.38384029207613879     
   89.599999999999810       -1.2229236554917320     
   90.399999999999807       -2.2150362477651768     
   91.199999999999804       -1.7093799077748841     
   91.999999999999801      -0.26238885688167679     
   92.799999999999798        1.3372791405029167     
   93.599999999999795        2.2356209333434300     
   94.399999999999793        1.6188554241817181     
   95.199999999999790       0.13245374335170301     
   95.999999999999787       -1.4505541446346546     
   96.799999999999784       -2.2423595488563199     
   97.599999999999781       -1.5201312376918228     
   98.399999999999778       -2.5278501728271952E-003
   99.199999999999775        1.5555568167538134     
   99.999999999999773        2.2362127507029808     
   100.79999999999977        1.4197158210475593     
   101.59999999999977      -0.12183142462319330     
   102.39999999999976       -1.6505010345370046     
   103.19999999999976       -2.2210307651396448     
   103.99999999999976       -1.3208497241318053     
   104.79999999999976       0.24059696390670937     
   105.59999999999975        1.7377791073243916     
   106.39999999999975        2.1995144895645300     
   107.19999999999975        1.2225911210161748     
   107.99999999999974      -0.35696323977684741     
   108.79999999999974       -1.8200568519109332     
   109.59999999999974       -2.1716151110999782     
   110.39999999999974       -1.1222133613281553     
   111.19999999999973       0.47360115111723156     
   111.99999999999973        1.8976611616351067     
   112.79999999999973        2.1357867877949928     
   113.59999999999972        1.0179883031471693     
   114.39999999999972      -0.59079202092276506     
   115.19999999999972       -1.9688769793087642     
   115.99999999999972       -2.0910771430120176     
   116.79999999999971      -0.91014849682160137     
   117.59999999999971       0.70717374690414592     
   118.39999999999971        2.0318887720973766     
   119.19999999999970        2.0380097886314652     
   119.99999999999970       0.79992837882659718     
   120.79999999999970      -0.82155321590674002     
   121.59999999999970       -2.0861438453069949     
   122.39999999999969       -1.9778769934100908     
   123.19999999999969      -0.68810312988090594     
   123.99999999999969       0.93393074753227046     
   124.79999999999968        2.1321533451108943     
   125.59999999999968        1.9115867164998837     
   126.39999999999968       0.57439476943896306     
   127.19999999999968       -1.0451625448348136     
   127.99999999999967       -2.1704564318682427     
   128.79999999999967       -1.8392446036097903     
   129.59999999999968      -0.45799105284373698     
   130.39999999999969        1.1559553463604164     
   131.19999999999970        2.2009278427925927     
   131.99999999999972        1.7606153550374466     
   132.79999999999973       0.33845828286734636     
   133.59999999999974       -1.2661436497248764     
   134.39999999999975       -2.2228758533534854     
   135.19999999999976       -1.6758102802841588     
   135.99999999999977      -0.21624865517655456     
   136.79999999999978        1.3746595653146256     
   137.59999999999980        2.2355787280516215     
   138.39999999999981        1.5855816111682681     
   139.19999999999982        9.2551244222417450E-002
   139.99999999999983       -1.4799941286104952     
   140.79999999999984       -2.2387151898504358     
   141.59999999999985       -1.4911112496034407     
   142.39999999999986        3.1234293223382004E-002
   143.19999999999987        1.5807181622086066     
   143.99999999999989        2.2324370383962009     
   144.79999999999990        1.3935785081446799     
   145.59999999999991      -0.15397979942767015     
   146.39999999999992       -1.6757656908621161     
   147.19999999999993       -2.2171775826576638     
   147.99999999999994       -1.2938310940615867     
   148.79999999999995       0.27503270484058429     
   149.59999999999997        1.7644434805687157     
   150.39999999999998        2.1934200050810579     
   151.19999999999999        1.1922916312686760     
   152.00000000000000      -0.39416711248283520     
   152.80000000000001       -1.8463047722993609     
   153.60000000000002       -2.1615731952110009     
   154.40000000000003       -1.0890397462873389     
   155.20000000000005       0.51143711026250283     
   156.00000000000006        1.9210360903685637     
   156.80000000000007        2.1219622446077739     
   157.60000000000008       0.98394232532603332     
   158.40000000000009      -0.62705706297432684     
   159.20000000000010       -1.9884089810265264     
   160.00000000000011       -2.0748613125460333     
   160.80000000000013      -0.87675034501974136     
   161.60000000000014       0.74133260991377048     
   162.40000000000015        2.0482590757360235     
   163.20000000000016        2.0205114541911109     
   164.00000000000017       0.76715978227626436     
   164.80000000000018      -0.85459911976494518     
   165.60000000000019       -2.1004442928976026     
   166.40000000000020       -1.9591245324205531     
   167.20000000000022      -0.65487576665310998     
   168.00000000000023       0.96712891315077121     
   168.80000000000024        2.1447812748937611     
   169.60000000000025        1.8909068504977480     
   170.40000000000026       0.53970580310107752     
   171.20000000000027       -1.0790113039418945     
   172.00000000000028       -2.1809980847629920     
   172.80000000000030       -1.8161197724117000     
   173.60000000000031      -0.42166950242511447     
   174.40000000000032        1.1900416050326630     
   175.20000000000033        2.2087374600293526     
   176.00000000000034        1.7351584601595760     
   176.80000000000035       0.30108627677663580     
   177.60000000000036       -1.2996589211655036     
   178.40000000000038       -2.2276155689809003     
   179.20000000000039       -1.6486098258431900     
   180.00000000000040      -0.17860185902867265     
   180.80000000000041        1.4069595263868275     
   181.60000000000042        2.2373160129446412     
   182.40000000000043        1.5572558258868043     
   183.20000000000044        5.5130265472875806E-002
   184.00000000000045       -1.5107956668582818     
   184.80000000000047       -2.2376870830559206     
   185.60000000000048       -1.4620071803567116     
   186.40000000000049        6.8289300607792924E-002
   187.20000000000050        1.6099471741137477     
   188.00000000000051        2.2288060816146187     
   188.80000000000052        1.3637758289268596     
   189.60000000000053      -0.19069157984539764     
   190.40000000000055       -1.7033212311205721     
   191.20000000000056       -2.2109782070016584     
   192.00000000000057       -1.2633189901138060     
   192.80000000000058       0.31137987520755672     
   193.60000000000059        1.7901081385696600     
   194.40000000000060        2.1846593013989031     
   195.20000000000061        1.1611069971272918     
   196.00000000000063      -0.43004283989388248     
   196.80000000000064       -1.8698282869299119     
   197.60000000000065       -2.1503314704243226     
   198.40000000000066       -1.0572668492213804     
   199.20000000000067       0.54674761751430112     
   200.00000000000068        1.9422594941078954     
   200.80000000000069        2.1083923735123085     
   201.60000000000070       0.95162483532423270     
   202.40000000000072      -0.66182240560443995     
   203.20000000000073       -2.0072995930956816     
   204.00000000000074       -2.0591116846527218     
   204.80000000000075      -0.84382734665064718     
   205.60000000000076       0.77568988715855913     
   206.40000000000077        2.0648425188685957     
   207.20000000000078        2.0026638022845926     
   208.00000000000080       0.73348882725581910     
   208.80000000000081      -0.88871557356514153     
   209.60000000000082       -2.1147128711038370     
   210.40000000000083       -1.9392030433994574     
   211.20000000000084      -0.62032010148394257     
   212.00000000000085        1.0010990601032597     
   212.80000000000086        2.1566538131973583     
   213.60000000000088        1.8689399125496178     
   214.40000000000089       0.50421956237736887     
   215.20000000000090       -1.1127999099819730     
   216.00000000000091       -2.1903419011589520     
   216.80000000000092       -1.7921989477560738     
   217.60000000000093      -0.38533433888266710     
   218.40000000000094        1.2234827959326369     
   219.20000000000095        2.2154156960871392     
   220.00000000000097        1.7094587139585129     
   220.80000000000098       0.26409812188437387     
   221.60000000000099       -1.3324864232298550     
   222.40000000000100       -2.2315245378197135     
   223.20000000000101       -1.6213730405610440     
   224.00000000000102      -0.14123259466890326     
   224.80000000000103        1.4388435454043962     
   225.60000000000105        2.2384037653057280     
   226.40000000000106        1.5287579513914706     
   227.20000000000107        1.7684389117749166E-002
   228.00000000000108       -1.5413805193095997     
   228.80000000000109       -2.2359611546748135     
   229.60000000000110       -1.4325232413398352     
   230.40000000000111       0.10551895694291424     
   231.20000000000113        1.6388940825917402     
   232.00000000000114        2.2243349518822035     
   232.80000000000115        1.3335453090407343     
   233.60000000000116      -0.22746994427138345     
   234.40000000000117       -1.7303529705383125     
   235.20000000000118       -2.2038812255937361     
   236.00000000000119       -1.2325124891753574     
   236.80000000000121       0.34756917345442262     
   237.60000000000122        1.8150387860020831     
   238.40000000000123        2.1750805141698812     
   239.20000000000124        1.1298021811932331     
   240.00000000000125      -0.46561890236285319     
   240.80000000000126       -1.8925614397756669     
   241.60000000000127       -2.1384051853748041     
   242.40000000000128       -1.0254456433692147     
   243.20000000000130       0.58178264969078697     
   244.00000000000131        1.9627560817082272     
   244.80000000000132        2.0942182812010866     
   245.60000000000133       0.91919691546167748     
   246.40000000000134      -0.69644121976532669     
   247.20000000000135       -2.0255352424757955     
   248.00000000000136       -2.0427526414976960     
   248.80000000000138      -0.81067200548778451     
   249.60000000000139       0.81001876968193787     
   250.40000000000140        2.0807764539531428     
   251.20000000000141        1.9841642401219199     
   252.00000000000142       0.69949964674603127     
   252.80000000000143      -0.92284028599400747     
   253.60000000000144       -2.1282765430980168     
   254.40000000000146       -1.9186151561368376     
   255.20000000000147      -0.58544029212408111     
   256.00000000000148        1.0350366472103802     
   256.80000000000149        2.1677537884629654     
   257.60000000000150        1.8463461161504906     
   258.40000000000151       0.46846504984729687     
   259.20000000000152       -1.1464805124242161     
   260.00000000000153       -2.1988691649974808     
   260.80000000000155       -1.7677268613696526     
   261.60000000000156      -0.34880706334037681     
   262.40000000000157        1.2567387874745617     
   263.20000000000158        2.2212593434156442     
   264.00000000000159        1.6832891414443565     
   264.80000000000160       0.22698951033055836     
   265.60000000000161       -1.3650532066234298     
   266.40000000000163       -2.2345918995880760     
   267.20000000000164       -1.5937391837773192     
   268.00000000000165      -0.10381126483053382     
   268.80000000000166        1.4703808198553265     
   269.60000000000167        2.2386458827602720     
   270.40000000000168        1.4999304974915288     
   271.20000000000169       -1.9738943817369847E-002
   272.00000000000171       -1.5715182470786562     
   272.80000000000172       -2.2333947745486311     
   273.60000000000173       -1.4027776511147536     
   274.40000000000174       0.14264786522750184     
   275.20000000000175        1.6672936778055449     
   276.00000000000176        2.2190475256697124     
   276.80000000000177        1.3031162515381041     
   277.60000000000178      -0.26408384590419920     
   278.40000000000180       -1.7567600769283576     
   279.20000000000181       -2.1960107244519445     
   280.00000000000182       -1.2015507438337907     
   280.80000000000183       0.38356466428597713     
   281.60000000000184        1.8393029010481015     
   282.40000000000185        2.1647767113653624     
   283.20000000000186        1.0983528605293855     
   284.00000000000188      -0.50101205755195566     
   284.80000000000189       -1.9146152299269326     
   285.60000000000190       -2.1257925578998647     
   286.40000000000191      -0.99345834836306324     
   287.20000000000192       0.61667376909371763     
   288.00000000000193        1.9825712815841188     
   288.80000000000194        2.0793800845172168     
   289.60000000000196       0.88656276296433734     
   290.40000000000197      -0.73096186228650240     
   291.20000000000198       -2.0430820273047088     
   292.00000000000199       -2.0257406630329116     
   292.80000000000200      -0.77727068684959377     
   293.60000000000201       0.84428335967752011     
   294.40000000000202        2.0960024563098978     
   295.20000000000203        1.9650230952323311     
   296.00000000000205       0.66524010902734809     
   296.80000000000206      -0.95691249373652010     
   297.60000000000207       -2.1411038797790622     
   298.40000000000208       -1.8974066379322976     
   299.20000000000209      -0.55028865562824203     
   300.00000000000210        1.0689076245050597     
   300.80000000000211        2.1780844267636574     
   301.60000000000213        1.8231668034674966     
   302.40000000000214       0.43246253983225968     
   303.20000000000215       -1.1800528498654479     
   304.00000000000216       -2.2065934812069292     
   304.80000000000217       -1.7427197778168562     
   305.60000000000218      -0.31208129724717693     
   306.40000000000219        1.2898165279190825     
   307.20000000000221        2.2262700343587962     
   308.00000000000222        1.6566502502473226     
   308.80000000000223       0.18975589880780208     
   309.60000000000224       -1.3973462902122618     
   310.40000000000225       -2.2368061668982993     
   311.20000000000226       -1.5657143716228092     
   312.00000000000227       -6.6355593514749067E-002
   312.80000000000229        1.5015336044146237     
   313.60000000000230        2.2380320605676354     
   314.40000000000231        1.4707960977529897     
   315.20000000000232       -5.7102949045941820E-002
   316.00000000000233       -1.6011626454287857     
   316.80000000000234       -2.2299913461978771     
   317.60000000000235       -1.3728025048923822     
   318.40000000000236       0.17963975572386293     
   319.20000000000238        1.6951116203575829     
   320.00000000000239        2.2129608366826159     
   320.80000000000240        1.2725141598646885     
   321.60000000000241      -0.30051538379727694     
   322.40000000000242       -1.7825286724330824     
   323.20000000000243       -2.1873872333791962     
   324.00000000000244       -1.1704415065129039     
   324.80000000000246       0.41937063856879142     
   325.60000000000247        1.8629010869987208     
   326.40000000000248        2.1537618998775572     
   327.20000000000249        1.0667497804800419     
   328.00000000000250      -0.53623957598401151     
   328.80000000000251       -1.9359928274909632     
   329.60000000000252       -2.1124986491238404     
   330.40000000000254      -0.96128817362853369     
   331.20000000000255       0.65143861574135498     
   332.00000000000256        2.0017030582354174     
   332.80000000000257        2.0638785441370704     
   333.60000000000258       0.85370808518263708     
   334.40000000000259      -0.76539481544971211     
   335.20000000000260       -2.0599323334899147     
   336.00000000000261       -2.0080782158203720     
   336.80000000000263      -0.74361646830330197     
   337.60000000000264       0.87848609656382481     
   338.40000000000265        2.1105107798033700     
   339.20000000000266        1.9452473606951621     
   340.00000000000267       0.63071044376990271     
   340.80000000000268      -0.99092849194289978     
   341.60000000000269       -2.1531855021890873     
   342.40000000000271       -1.8755885563665688     
   343.20000000000272      -0.51487096296026613     
   344.00000000000273        1.1027027072677442     
   344.80000000000274        2.1876368384507794     
   345.60000000000275        1.7994160644949413     
   346.40000000000276       0.39622330946905149     
   347.20000000000277       -1.2135004529859521     
   348.00000000000279       -2.2135060068974557     
   348.80000000000280       -1.7171950177935944     
   349.60000000000281      -0.27517516893461158     
   350.40000000000282        1.3226908392880634     
   351.20000000000283        2.2304400909451649     
   352.00000000000284        1.6295634333696967     
   352.80000000000285       0.15242248926914259     
   353.60000000000286       -1.4293331256510924     
   354.40000000000288       -2.2381636526296158     
   355.20000000000289       -1.5373235248682717     
   356.00000000000290       -2.8894776215873996E-002
   356.80000000000291        1.5322670184527218     
   357.60000000000292        2.2365652757492978     
   358.40000000000293        1.4413800318150014     
   359.20000000000294       -9.4380602379483536E-002
   360.00000000000296       -1.6302833029441357     
   360.80000000000297       -2.2257608112640384     
   361.60000000000298       -1.3426184521684519     
   362.40000000000299       0.21647630632967374     
   363.20000000000300        1.7223270201418028     
   364.00000000000301        2.2060890026205295     
   364.80000000000302        1.2417506385889965     
   365.60000000000304      -0.33675845717409958     
   366.40000000000305       -1.8076480872530267     
   367.20000000000306       -2.1780246649066699     
   368.00000000000307       -1.1391858306240250     
   368.80000000000308       0.45499209249567230     
   369.60000000000309        1.8858294834653013     
   370.40000000000310        2.1420464435569913     
   371.20000000000312        1.0349855399735819     
   372.00000000000313      -0.57131291670816386     
   372.80000000000314       -1.9566923730189842     
   373.60000000000315       -2.0985296869317605     
   374.40000000000316      -0.92892368269460723     
   375.20000000000317       0.68608967913917462     
   376.00000000000318        2.0201481518445110     
   376.80000000000319        2.0477175817464386     
   377.60000000000321       0.82062201148983394     
   378.40000000000322      -0.79974948772246068     
   379.20000000000323       -2.0760804044761212     
   380.00000000000324       -1.9897695120264185     
   380.80000000000325      -0.70970238266436647     
   381.60000000000326       0.91263088521230795     
   382.40000000000327        2.1242934977718502     
   383.20000000000329        1.9248435723614159     
   384.00000000000330       0.59590957227480712     
   384.80000000000331       -1.0248851328053026     
   385.60000000000332       -2.1645119637408672     
   386.40000000000333       -1.8531710274604682     
   387.20000000000334      -0.47919330842506880     
   388.00000000000335        1.1364103648393009     
   388.80000000000337        2.1964008292331609     
   389.60000000000338        1.7751084473489116     
   390.40000000000339       0.35976150403936713     
   391.20000000000340       -1.2468026180376335     
   392.00000000000341       -2.2195971870593429     
   392.80000000000342       -1.6911720301262616     
   393.60000000000343      -0.23811075451845332     
   394.40000000000344        1.3553326738482312     
   395.20000000000346        2.2337628623631183     
   396.00000000000347        1.6020525015936136     
   396.80000000000348       0.11501713697723814     
   397.60000000000349       -1.4609796666168893     
   398.40000000000350       -2.2386631322462511     
   399.20000000000351       -1.5085925457248393     
   400.00000000000352        8.5421669245249188E-003
   400.80000000000354        1.5625475561613891     
   401.60000000000355        2.2342511384782231     
   402.40000000000356        1.4117063089600539     
   403.20000000000357      -0.13154776163764303     
   404.00000000000358       -1.6588530484045680     
   404.80000000000359       -2.2207146810227938     
   405.60000000000360       -1.3122430934662594     
   406.40000000000362       0.25314334905923519     
   407.20000000000363        1.7489224021103289     
   408.00000000000364        2.1984461843643874     
   408.80000000000365        1.2108337436727468     
   409.60000000000366      -0.37281065802642854     
   410.40000000000367       -1.8321099068461522     
   411.20000000000368       -2.1679358835522695     
   412.00000000000369       -1.1077819841707202     
   412.80000000000371       0.49043617187526611     
   413.60000000000372        1.9080849706021774     
   414.40000000000373        2.1296394540292942     
   415.20000000000374        1.0030513580965228     
   416.00000000000375      -0.60624403830939144     
   416.80000000000376       -1.9767117250811161     
   417.60000000000377       -2.0838911490066470     
   418.40000000000379      -0.89635339737429187     
   419.20000000000380       0.72063879893543592     
   420.00000000000381        2.0379026937459530     
   420.80000000000382        2.0309010685116862     
   421.60000000000383       0.78729454244734964     
   422.40000000000384      -0.83403398335409085     
   423.20000000000385       -2.0915199230757633     
   424.00000000000387       -1.9708192517686363     
   424.80000000000388      -0.67552290101386592     
   425.60000000000389       0.94671983163809004     
   426.40000000000390        2.1373422073359767     
   427.20000000000391        1.9038191189259404     
   428.00000000000392       0.56083832526422106     
   428.80000000000393       -1.0587769221287961     
   429.60000000000394       -2.1750734380754375     
   430.40000000000396       -1.8301653518463610     
   431.20000000000397      -0.44326414969296635     
   432.00000000000398        1.1700162537671688     
   432.80000000000399        2.2043661361170797     
   433.60000000000400        1.7502599821039266     
   434.40000000000401       0.32309384663805596     
   435.20000000000402       -1.2799358200257276     
   436.00000000000404       -2.2248580510216951     
   436.80000000000405       -1.6646717822589088     
   437.60000000000406      -0.20091231240144247     
   438.40000000000407        1.3877109460818631     
   439.20000000000408        2.2362331244190985     
   440.00000000000409        1.5741422819342634     
   440.80000000000410        7.7568661324273203E-002
   441.60000000000412       -1.4922514038603205     
   442.40000000000413       -2.2383054309731794     
   443.20000000000414       -1.4795472412271564     
   444.00000000000415        4.5927082801185293E-002
   444.80000000000416        1.5923431293248145     
   445.60000000000417        2.2310972788869181     
   446.40000000000418        1.3817974122313306     
   447.20000000000420      -0.16858293367485055     
   448.00000000000421       -1.6868474966806355     
   448.80000000000422       -2.2148656727256033     
   449.60000000000423       -1.2816913206860179     
   450.40000000000424       0.28963030313032090     
   451.20000000000425        1.7748832830898653     
   452.00000000000426        2.1900465174655497     
   452.80000000000427        1.1797684330605276     
   453.60000000000429      -0.40867285431058753     
   454.40000000000430       -1.8559077780371511     
   455.20000000000431       -2.1571327572991370     
   456.00000000000432       -1.0762257160647626     
   456.80000000000433       0.52571200988183442     
   457.60000000000434        1.9296651195477108     
   458.40000000000435        2.1165488243897141     
   459.20000000000437       0.97093717291415427     
   460.00000000000438      -0.64104532554796845     
   460.80000000000439       -1.9960484045912146     
   461.60000000000440       -2.0685877757025208     
   462.40000000000441      -0.86356589890457758     
   463.20000000000442       0.75509699530296737     
   464.00000000000443        2.0549620874724113     
   464.80000000000445        2.0134328890821029     
   465.60000000000446       0.75371677041254781     
   466.40000000000447      -0.86825479525875737     
   467.20000000000448       -2.1062438867969284     
   468.00000000000449       -1.9512327824683087     
   468.80000000000450      -0.64107424795293144     
   469.60000000000451       0.98075290138651172     
   470.40000000000452        2.1496479965949211     
   471.20000000000454        1.8821824598498107     
   472.00000000000455       0.52549972743650830     
   472.80000000000456       -1.0925957916305606     
   473.60000000000457       -2.1848598311610177     
   474.40000000000458       -1.8065841933638849     
   475.20000000000459      -0.40709442811981944     
   476.00000000000460        1.2035032079646359     
   476.80000000000462        2.2115226609133076     
   477.60000000000463        1.7248882201113875     
   478.40000000000464       0.28623951677800030     
   479.20000000000465       -1.3128739523612230     
   480.00000000000466       -2.2292804868676210     
   480.80000000000467       -1.6377166076042629     
   481.60000000000468      -0.16360591686499193     
   482.40000000000470        1.4197929858245422     
   483.20000000000471        2.2378472886184642     
   484.00000000000472        1.5458582875800131     
   484.80000000000473        4.0106309101719306E-002
   485.60000000000474       -1.5231139189576566     
   486.40000000000475       -2.2370934639219953     
   487.20000000000476       -1.4502128991153804     
   488.00000000000477        8.3233235055935273E-002
   488.80000000000479        1.6216235290092942     
   489.60000000000480        2.2271131655553069     
   490.40000000000481        1.3516739188887499     
   491.20000000000482      -0.20546763190643302     
   492.00000000000483       -1.7142452198801243     
   492.80000000000484       -2.2082273660780980     
   493.60000000000485       -1.2509751300817222     
   494.40000000000487       0.32593019295895909     
   495.20000000000488        1.8001979907991008     
   496.00000000000489        2.1809037782194665     
   496.80000000000490        1.1485566523421225     
   497.60000000000491      -0.44434888567145614     
   498.40000000000492       -1.8790370199888733     
   499.20000000000493       -2.1456260073052231     
   500.00000000000495       -1.0445105705995654     
   500.80000000000496       0.56083027218285242     
   501.60000000000497        1.9505678337174530     
   502.40000000000498        2.1027813080015614     
   503.20000000000499       0.93863204300927294     
   504.00000000000500      -0.67572917628295359     
   504.80000000000501       -2.0146994114114434     
   505.60000000000502       -2.0526237805480854     
   506.40000000000504      -0.83055017633060912     
   507.20000000000505       0.78947418337190789     
   508.00000000000506        2.0713209828698438     
   508.80000000000507        1.9953171531929077     
   509.60000000000508       0.71988112039359042     
   510.40000000000509      -0.90241661685265817     
   511.20000000000510       -2.1202446488498516     
   512.00000000000512       -1.9310162518130820     
   512.80000000000507      -0.60635456167278279     
   513.60000000000502        1.0147277714925969     
   514.40000000000498        2.1612015068943919     
   515.20000000000493        1.8599432311024364     
   516.00000000000489       0.48989910924012636     
   516.80000000000484       -1.1263309925157088     
   517.60000000000480       -2.1938608896196619     
   518.40000000000475       -1.7824416486507513     
   519.20000000000471      -0.37069760497122428     
   520.00000000000466        1.2368512493771566     
   520.80000000000462        2.2178606587333087     
   521.60000000000457        1.6990122286231739     
   522.40000000000452       0.24922002780724273     
   523.20000000000448       -1.3455885483428680     
   524.00000000000443       -2.2328574837452715     
   524.80000000000439       -1.6103300571232648     
   525.60000000000434      -0.12621910900619060     
   526.40000000000430        1.4515449920606205     
   527.20000000000425        2.2386035930368640     
   528.00000000000421        1.5172263973087627     
   528.80000000000416        2.6592175173831833E-003
   529.60000000000412       -1.5535334493135535     
   530.40000000000407       -2.2350322435016858     
   531.20000000000402       -1.4206138634338412     
   532.00000000000398       0.12043584844661859     
   532.80000000000393        1.6503608601020343     
   533.60000000000389        2.2223098732036339     
   534.40000000000384        1.3213541333254171     
   535.20000000000380      -0.24218668472422888     
   536.00000000000375       -1.7410278366224876     
   536.80000000000371       -2.2008138280521212     
   537.60000000000366       -1.2201034834765334     
   538.40000000000362       0.36203957802140829     
   539.20000000000357        1.8248573938187902     
   540.00000000000352        2.1710310730153406     
   540.80000000000348        1.1171974930941548     
   541.60000000000343      -0.47984518074418991     
   542.40000000000339       -1.9014942007108622     
   543.20000000000334       -2.1334251246574323     
   544.00000000000330       -1.0126282597810885     
   544.80000000000325       0.59580267535589382     
   545.60000000000321        1.9707910212401887     
   546.40000000000316        2.0883426598838639     
   547.20000000000312       0.90612456270332364     
   548.00000000000307      -0.71030761114247709     
   548.80000000000302       -2.0326610965405090     
   549.60000000000298       -2.0360030833830227     
   550.40000000000293      -0.79729595005759779     
   551.20000000000289       0.82377892622212312     
   552.00000000000284        2.0869732883217793     
   552.80000000000280        1.9765583946704919     
   553.60000000000275       0.68578155571267629     
   554.40000000000271      -0.93652218120472019     
   555.20000000000266       -2.1335139734694271     
   556.00000000000261       -1.9101767389441136     
   556.80000000000257      -0.57136402805811515     
   557.60000000000252        1.0486396989413673     
   558.40000000000248        2.1719930046253153     
   559.20000000000243        1.8371123343955880     
   560.00000000000239       0.45404419695558462     
   560.80000000000234       -1.1599690144074899     
   561.60000000000230       -2.2020663275759302     
   562.40000000000225       -1.7577532982448709     
   563.20000000000221      -0.33408966140784635     
   564.00000000000216        1.2700376492861440     
   564.80000000000211        2.2233709463290068     
   565.60000000000207        1.6726525513652970     
   566.40000000000202       0.21205904475365345     
   567.20000000000198       -1.3780490719666461     
   568.00000000000193       -2.2355833725288541     
   568.80000000000189       -1.5825367018147016     
   569.60000000000184       -8.8780483411666333E-002
   570.40000000000180        1.4829325393804804     
   571.20000000000175        2.2385022521538760     
   572.00000000000171        1.4882724928757485     
   572.80000000000166       -3.4744149901992927E-002
   573.60000000000161       -1.5834774437257382     
   574.40000000000157       -2.2321288153374272     
   575.20000000000152       -1.3907731068693827     
   576.00000000000148       0.15751260868111228     
   576.80000000000143        1.6785298897557102     
   577.60000000000139        2.2166997895231595     
   578.40000000000134        1.2908537717124076     
   579.20000000000130      -0.27872843760001542     
   580.00000000000125       -1.7671799829392609     
   580.80000000000121       -2.1926392328697881     
   581.60000000000116       -1.1890822579681743     
   582.40000000000111       0.39795837179046623     
   583.20000000000107        1.8488545559942768     
   584.00000000000102        2.1604405850439532     
   584.80000000000098        1.0856874313270577     
   585.60000000000093      -0.51517031841550454     
   586.40000000000089       -1.9232767192769593     
   587.20000000000084       -2.1205383637307298     
   588.00000000000080      -0.98056906850804215     
   588.80000000000075       0.63064151707006899     
   589.60000000000070        1.9903323254934964     
   590.40000000000066        2.0732378230342188     
   591.20000000000061       0.87340325997657420     
   592.00000000000057      -0.74479192757150336     
   592.80000000000052       -2.0499290880385463     
   593.60000000000048       -2.0187295432330767     
   594.40000000000043      -0.76379395755108703     
   595.20000000000039       0.85801822271852979     
   596.00000000000034        2.1019122047553074     
   596.80000000000030        1.9571617491235582     
   597.60000000000025       0.65141375561606307     
   598.40000000000020      -0.97057211293620949     
   599.20000000000016       -2.1460430951979008     
   600.00000000000011       -1.8887223693628334     
   600.80000000000007      -0.53610500102332570     
   601.60000000000002        1.0824813983295736     
   602.39999999999998        2.1820124643756893     
   603.19999999999993        1.8137020167939659     
   603.99999999999989       0.41794518359741994     
   604.79999999999984       -1.1934935359339822     
   605.59999999999980       -2.2094659778797769     
   606.39999999999975       -1.7325362378208486     
   607.19999999999970      -0.29728905325127819     
   607.99999999999966        1.3030370525304178     
   608.79999999999961        2.2280451294280970     
   609.59999999999957        1.6458311272139174     
   610.39999999999952       0.17478213288591071     
   611.19999999999948       -1.4102232821648157     
   611.99999999999943       -2.2374540540211805     
   612.79999999999939       -1.5543618815131637     
   613.59999999999934       -5.1319213585781842E-002
   614.39999999999930        1.5139211235589092     
   615.19999999999925        2.2375455520420875     
   615.99999999999920        1.4590220612251648     
   616.79999999999916       -7.2076574835465257E-002
   617.59999999999911       -1.6129150824123621     
   618.39999999999907       -2.2283921190752274     
   619.19999999999902       -1.3607118170318335     
   619.99999999999898       0.19444409297402543     
   620.79999999999893        1.7061082904237561     
   621.59999999999889        2.2102962744075740     
   622.39999999999884        1.2601857151010041     
   623.19999999999879      -0.31508483807608378     
   623.99999999999875       -1.7926891693593456     
   624.79999999999870       -2.1837174989375967     
   625.59999999999866       -1.1579142880961297     
   626.39999999999861       0.43368956120735547     
   627.19999999999857        1.8721843396869335     
   627.99999999999852        2.1491433909914974     
   628.79999999999848        1.0540206343608296     
   629.59999999999843      -0.55033455592752789     
   630.39999999999839       -1.9443824162856194     
   631.19999999999834       -2.1069728067564553     
   631.99999999999829      -0.94832227481586129     
   632.79999999999825       0.66535923401460950     
   633.59999999999820        2.0091889183967337     
   634.39999999999816        2.0574711446373080     
   635.19999999999811       0.84045696622030919     
   635.99999999999807      -0.77919239920984307     
   636.79999999999802       -2.0664982614266449     
   637.59999999999798       -2.0008071806769987     
   638.39999999999793      -0.73003620183534546     
   639.19999999999789       0.89219732263914198     
   639.99999999999784        2.1161302727183058     
   640.79999999999779        1.9371331100401425     
   641.59999999999775       0.61677527064370286     
   642.39999999999770       -1.0045647882910684     
   643.19999999999766       -2.1578227819495144     
   643.99999999999761       -1.8666624170149262     
   644.79999999999757      -0.50058211064382263     
   645.59999999999752        1.1162429328541974     
   646.39999999999748        2.1912496681460114     
   647.19999999999743        1.7897259399503989     
   647.99999999999739       0.38161477441630542     
   648.79999999999734       -1.2268854168532728     
   649.59999999999729       -2.2160499690175346     
   650.39999999999725       -1.7068090833438156     
   651.19999999999720      -0.26031661142842610     
   651.99999999999716        1.3358216716820495     
   652.79999999999711        2.2318758421416538     
   653.59999999999707        1.6185711610181917     
   654.39999999999702       0.13741643461828223     
   655.19999999999698       -1.4420776655284286     
   655.99999999999693       -2.2384672017108111     
   656.79999999999688       -1.5258314017328938     
   657.59999999999684       -1.3864527767409429E-002
   658.39999999999679        1.5444767265194441     
   659.19999999999675        2.2357378806819082     
   659.99999999999670        1.4294997738667359     
   660.79999999999666      -0.10931264010041697     
   661.59999999999661       -1.6418177367891991     
   662.39999999999657       -2.2238327768652795     
   663.19999999999652       -1.3304490144069201     
   663.99999999999648       0.23121411116026924     
   664.79999999999643        1.7330767665139284     
   665.59999999999638        2.2031132890390168     
   666.39999999999634        1.2293598430165691     
   667.19999999999629      -0.35125140161582857     
   667.99999999999625       -1.8175455371864984     
   668.79999999999620       -2.1740619626297999     
   669.59999999999616       -1.1265994981478213     
   670.39999999999611       0.46923884387980941     
   671.19999999999607        1.8948429836591261     
   671.99999999999602        2.1371493542506927     
   672.79999999999598        1.0221893212849729     
   673.59999999999593      -0.58534934546940631     
   674.39999999999588       -1.9648092295094708     
   675.19999999999584       -2.0927344897878180     
   675.99999999999579      -0.91587656921498506     
   676.79999999999575       0.69996799809761856     
   677.59999999999570        2.0273573552197259     
   678.39999999999566        2.0410466077719644     
   679.19999999999561       0.80727515122379478     
   679.99999999999557      -0.81351801752996877     
   680.79999999999552       -2.0823627442558568     
   681.59999999999548       -1.9822403829663118     
   682.39999999999543      -0.69601616599606420     
   683.19999999999538       0.92631956182108555     
   683.99999999999534        2.1296194266702790     
   684.79999999999529        1.9164792650389568     
   685.59999999999525       0.58186566057493461     
   686.39999999999520       -1.0384962019227624     
   687.19999999999516       -2.1688434042316129     
   687.99999999999511       -1.8440073959699455     
   688.79999999999507      -0.46480235767319988     
   689.59999999999502        1.1499116255405495     
   690.39999999999498        2.1996943250847298     
   691.19999999999493        1.7651992359536117     
   691.99999999999488       0.34506819882442108     
   692.79999999999484       -1.2601227417681999     
   693.59999999999479       -2.2218089265472498     
   694.39999999999475       -1.6805919430969145     
   695.19999999999470      -0.22319538006392303     
   695.99999999999466        1.3683615552103670     
   696.79999999999461        2.2348569890005434     
   697.59999999999457        1.5908969423632207     
   698.39999999999452        9.9990276369496200E-002
   699.19999999999447       -1.4735779277622199     
   699.99999999999443       -2.2386224258168408     
   700.79999999999438       -1.4969711836622361     
   701.59999999999434        2.3554848850983134E-002
   702.39999999999429        1.5745663778340597     
   703.19999999999425        2.2330856863118846     
   703.99999999999420        1.3997290583175139     
   704.79999999999416      -0.14642924607926133     
   705.59999999999411       -1.6701593465977222     
   706.39999999999407       -2.2184628172812655     
   707.19999999999402       -1.3000012191319703     
   707.99999999999397       0.26780994165270888     
   708.79999999999393        1.7594190608975246     
   709.59999999999388        2.1951650147807436     
   710.39999999999384        1.1983829556486136     
   711.19999999999379      -0.38722706297171738     
   711.99999999999375       -1.8417415329557885     
   712.79999999999370       -2.1636851060431299     
   713.59999999999366       -1.0951351176845039     
   714.39999999999361       0.50461420349284225     
   715.19999999999357        1.9168276807354201     
   715.99999999999352        2.1244670956742735     
   716.79999999999347       0.99018416045181201     
   717.59999999999343      -0.62022685863925076     
   718.39999999999338       -1.9845549061160870     
   719.19999999999334       -2.0778285772752079     
   719.99999999999329      -0.88322045933213800     
   720.79999999999325       0.73447935677600440     
   721.59999999999320        2.0448334853393990     
   722.39999999999316        2.0239680657136359     
   723.19999999999311       0.77384822032532297     
   723.99999999999307      -0.84777627007407474     
   724.79999999999302       -2.0975159447271232     
   725.59999999999297       -1.9630340882558595     
   726.39999999999293      -0.66172899847293443     
   727.19999999999288       0.96038621097316690     
   727.99999999999284        2.1423710532857090     
   728.79999999999279        1.8952080151966124     
   729.59999999999275       0.54668661849709266     
   730.39999999999270       -1.0723598415599749     
   731.19999999999266       -2.1790950143898700     
   731.99999999999261       -1.8207691428325439     
   732.79999999999256      -0.42877519071921721     
   733.59999999999252        1.1834719993057508     
   734.39999999999247        2.2073362151185298     
   735.19999999999243        1.7401385451142732     
   735.99999999999238       0.30832317973915813     
   736.79999999999234       -1.2931809245795027     
   737.59999999999229       -2.2267341953214150     
   738.39999999999225       -1.6539063496379445     
   739.19999999999220      -0.18595038627347416     
   739.99999999999216        1.4006249299895082     
   740.79999999999211        2.2369839782232654     
   741.59999999999206        1.5628336104585761     
   742.39999999999202        6.2532711353565418E-002
   743.19999999999197       -1.5046895294475404     
   743.99999999999193       -2.2379213860516867     
   744.79999999999188       -1.4678068757609382     
   745.59999999999184        6.0911265767224831E-002
   746.39999999999179        1.6041586880618415     
   747.19999999999175        2.2295973606639690     
   747.99999999999170        1.3697316783383022     
   748.79999999999166      -0.18340606432114703     
   749.59999999999161       -1.6979166959719307     
   750.39999999999156       -2.2122953471133329     
   751.19999999999152       -1.2693821821645344     
   751.99999999999147       0.30422245202526099     
   752.79999999999143        1.7851218450087269     
   753.59999999999138        2.1864654828527756     
   754.39999999999134        1.1672587883591594     
   755.19999999999129      -0.42301392381595404     
   755.99999999999125       -1.8652715243085543     
   756.79999999999120       -2.1525983518040390     
   757.59999999999116       -1.0635159693886496     
   758.39999999999111       0.53982544549088729     
   759.19999999999106        1.9381361777890447     
   759.99999999999102        2.1111040376926979     
   760.79999999999097       0.95799468696908452     
   761.59999999999093      -0.65497953474842063     
   762.39999999999088       -2.0036167770848343     
   763.19999999999084       -2.0622595708822775     
   763.99999999999079      -0.85034264894782341     
   764.79999999999075       0.76890391905272382     
   765.59999999999070        2.0616124103954281     
   766.39999999999065        2.0062394682964237     
   767.19999999999061       0.74016777379037402     
   767.99999999999056      -0.88197294821452155     
   768.79999999999052       -2.1119505955998230     
   769.59999999999047       -1.9431939480476166     
   770.39999999999043      -0.62717167452029954     
   771.19999999999038       0.99439633359195745     
   771.99999999999034        2.1543760532336078     
   772.79999999999029        1.8733282806579861     
   773.59999999999025       0.51124208260850001     
   774.39999999999020       -1.1061465743929371     
   775.19999999999015       -2.1885674405226636     
   775.99999999999011       -1.7969608893031470     
   776.79999999999006      -0.39251256013027325     
   777.59999999999002        1.2169057555937917     
   778.39999999998997        2.2141653581855074     
   779.19999999998993        1.7145620296384974     
   779.99999999998988       0.27139985118535814     
   780.79999999998984       -1.3260328811625579     
   781.59999999998979       -2.2308180761700722     
   782.39999999998975       -1.6267751454702606     
   783.19999999998970      -0.14860833852413502     
   783.99999999998965        1.4325786143385097     
   784.79999999998961        2.2382539334865861     
   785.59999999998956        1.5344068661420596     
   786.39999999998952        2.5073008744246339E-002
   787.19999999998947       -1.5353782474885087     
   787.99999999998943       -2.2363678422553988     
   788.79999999998938       -1.4383634385047872     
   789.59999999998934        9.8178710271819902E-002
   790.39999999998929        1.6332243290521156     
   791.19999999998925        2.2252830485022272     
   791.99999999998920        1.3395273405565880     
   792.79999999998915      -0.22022590730608105     
   793.59999999998911       -1.7250695756636030     
   794.39999999998906       -2.2053441874705757     
   795.19999999998902       -1.2386026937400341     
   795.99999999998897       0.34044610033718281     
   796.79999999998893        1.8101745035502752     
   797.59999999998888        2.1770282351357935     
   798.39999999998884        1.1359881175306599     
   799.19999999998879      -0.45861691253854731     
