   0.0000000000000000      -0.53673519107996037     
  0.80000000000000004       -2.0364953428960164E-002
   1.6000000000000001       0.94198248103280102     
   2.4000000000000004        1.6213213214598918     
   3.2000000000000002        1.3773877985794476     
   4.0000000000000000       0.41148681405356013     
   4.7999999999999998      -0.67434259201522329     
   5.5999999999999996       -1.3489225438294450     
   6.3999999999999995       -1.2650851599338451     
   7.1999999999999993      -0.65881580787511829     
   7.9999999999999991       -9.5515785596063218E-002
   8.7999999999999989        1.9372732160198219E-002
   9.5999999999999996      -0.39688709391469024     
   10.400000000000000       -1.0861266605520825     
   11.200000000000001       -1.5235756115087715     
   12.000000000000002       -1.3113647162536290     
   12.800000000000002      -0.63590472034507628     
   13.600000000000003        6.4018969849317320E-002
   14.400000000000004       0.48938442761506068     
   15.200000000000005       0.54344664973258916     
   16.000000000000004       0.34364336435107690     
   16.800000000000004       0.14301809197895662     
   17.600000000000005       0.16651957241901597     
   18.400000000000006       0.48478047624418297     
   19.200000000000006       0.96555405283331774     
   20.000000000000007        1.3101172774266456     
   20.800000000000008        1.2658194176186945     
   21.600000000000009       0.89571859408540577     
   22.400000000000009       0.47622691654986921     
   23.200000000000010       0.22260836767162562     
   24.000000000000011       0.18227114394392152     
   24.800000000000011       0.25553504712570607     
   25.600000000000012       0.27390869122448108     
   26.400000000000013       0.10398225438675102     
   27.200000000000014      -0.27614999342656393     
   28.000000000000014      -0.75960025670246589     
   28.800000000000015       -1.1343635181815355     
   29.600000000000016       -1.2029556037940607     
   30.400000000000016      -0.98194635506450001     
   31.200000000000017      -0.68861895023598407     
   32.000000000000014      -0.52828048372308689     
   32.800000000000011      -0.55923608773010369     
   33.600000000000009      -0.68571639065682222     
   34.400000000000006      -0.73373132224470516     
   35.200000000000003      -0.57278410331501484     
   36.000000000000000      -0.19822864355591074     
   36.799999999999997       0.29022697082245674     
   37.599999999999994       0.74210320873895952     
   38.399999999999991       0.99787606915323623     
   39.199999999999989       0.98811244283154509     
   39.999999999999986       0.81440851071156550     
   40.799999999999983       0.66449183094158748     
   41.599999999999980       0.66241482475425562     
   42.399999999999977       0.79395970425253326     
   43.199999999999974       0.92581674599889918     
   43.999999999999972       0.90392417763407129     
   44.799999999999969       0.67254179176271489     
   45.599999999999966       0.29763346033511340     
   46.399999999999963      -0.10837524569921908     
   47.199999999999960      -0.44842912100806087     
   47.999999999999957      -0.66134700541814273     
   48.799999999999955      -0.74090366869772584     
   49.599999999999952      -0.74316519311376972     
   50.399999999999949      -0.74990861800983155     
   51.199999999999946      -0.80949872639246923     
   51.999999999999943      -0.90234872994051429     
   52.799999999999940      -0.95608635623792249     
   53.599999999999937      -0.90301809628317331     
   54.399999999999935      -0.73265543719296977     
   55.199999999999932      -0.48887272070506149     
   55.999999999999929      -0.22637726604822711     
   56.799999999999926        2.2138446113621313E-002
   57.599999999999923       0.24930156353437832     
   58.399999999999920       0.45896996687857966     
   59.199999999999918       0.64974521973293675     
   59.999999999999915       0.80653376913741903     
   60.799999999999912       0.90679112930700601     
   61.599999999999909       0.93814637973304138     
   62.399999999999906       0.91053049404197861     
   63.199999999999903       0.84848707502281495     
   63.999999999999901       0.77086037258716522     
   64.799999999999898       0.67720331778982179     
   65.599999999999895       0.55061974868277308     
   66.399999999999892       0.37163908449086425     
   67.199999999999889       0.13182787102332463     
   67.999999999999886      -0.15853304005908428     
   68.799999999999883      -0.46600581583228196     
   69.599999999999881      -0.73334787257640843     
   70.399999999999878      -0.89776828447005985     
   71.199999999999875      -0.93420258411892021     
   71.999999999999872      -0.88266066577721436     
   72.799999999999869      -0.81780824153991016     
   73.599999999999866      -0.78934208271123130     
   74.399999999999864      -0.78839427234052206     
   75.199999999999861      -0.76023892439887519     
   75.999999999999858      -0.64803590228224239     
   76.799999999999855      -0.43156026362762290     
   77.599999999999852      -0.13264705400479698     
   78.399999999999849       0.20250753420699824     
   79.199999999999847       0.51668669327382200     
   79.999999999999844       0.74996089248493703     
   80.799999999999841       0.86367680828959970     
   81.599999999999838       0.87157979612802972     
   82.399999999999835       0.83531785017839133     
   83.199999999999832       0.81710927576768155     
   83.999999999999829       0.83341746423531138     
   84.799999999999827       0.84648921539300959     
   85.599999999999824       0.79645890848649725     
   86.399999999999821       0.64696942358314224     
   87.199999999999818       0.40561914778777353     
   87.999999999999815       0.10909986429066731     
   88.799999999999812      -0.19956149643898680     
   89.599999999999810      -0.47943155293523765     
   90.399999999999807      -0.69312778136657349     
   91.199999999999804      -0.81783429107601735     
   91.999999999999801      -0.86160044005673131     
   92.799999999999798      -0.86140852390176392     
   93.599999999999795      -0.85613573119916297     
   94.399999999999793      -0.85733582171030109     
   95.199999999999790      -0.84258989386382765     
   95.999999999999787      -0.77510855277945423     
   96.799999999999784      -0.63166629819232123     
   97.599999999999781      -0.41533119584510358     
   98.399999999999778      -0.14775743071802555     
   99.199999999999775       0.14307965707636627     
   99.999999999999773       0.42583302448670385     
   100.79999999999977       0.66345503343975343     
   101.59999999999977       0.82074540761391634     
   102.39999999999976       0.88578039906480266     
   103.19999999999976       0.88332689538529374     
   103.99999999999976       0.85804672874266863     
   104.79999999999976       0.83984208729026999     
   105.59999999999975       0.82267749580119076     
   106.39999999999975       0.77246142667363216     
   107.19999999999975       0.65458557187374300     
   107.99999999999974       0.45716729129259137     
   108.79999999999974       0.19381383940357050     
   109.59999999999974      -0.10671801623272992     
   110.39999999999974      -0.40697483248727118     
   111.19999999999973      -0.66141594811675941     
   111.99999999999973      -0.82667567586189983     
   112.79999999999973      -0.88800195844980656     
   113.59999999999972      -0.87580787319076880     
   114.39999999999972      -0.84467641902477830     
   115.19999999999972      -0.83091769695277096     
   115.99999999999972      -0.82705331428585627     
   116.79999999999971      -0.79134677371088546     
   117.59999999999971      -0.68149347653418968     
   118.39999999999971      -0.48352344436016959     
   119.19999999999970      -0.21469707882727607     
   119.99999999999970        9.1067331987812583E-002
   120.79999999999970       0.39335925446171782     
   121.59999999999970       0.64707838732369716     
   122.39999999999969       0.81186117073210484     
   123.19999999999969       0.87595322290294553     
   123.99999999999969       0.87009344574665670     
   124.79999999999968       0.84645332950930441     
   125.59999999999968       0.83841166072344975     
   126.39999999999968       0.83711234244277466     
   127.19999999999968       0.80168946192457835     
   127.99999999999967       0.69217027863351666     
   128.79999999999967       0.49666334309433158     
   129.59999999999968       0.23288526479643840     
   130.39999999999969       -6.6751010177309555E-002
   131.19999999999970      -0.36504211094359490     
   131.99999999999972      -0.62070234298066962     
   132.79999999999973      -0.79485034163203716     
   133.59999999999974      -0.87201435882573264     
   134.39999999999975      -0.87593162991803164     
   135.19999999999976      -0.85439282820604256     
   135.99999999999977      -0.84241333173607424     
   136.79999999999978      -0.83698034486483752     
   137.59999999999980      -0.80262341255783676     
   138.39999999999981      -0.70048212220894812     
   139.19999999999982      -0.51543581797200266     
   139.99999999999983      -0.26074521915931664     
   140.79999999999984        3.4376983043545195E-002
   141.59999999999985       0.33446177131746552     
   142.39999999999986       0.59848306528202078     
   143.19999999999987       0.78498131191062859     
   143.99999999999989       0.87281070133582717     
   144.79999999999990       0.88067112472363329     
   145.59999999999991       0.85639346174641406     
   146.39999999999992       0.84001511183135724     
   147.19999999999993       0.83436232969611202     
   147.99999999999994       0.80625897773513189     
   148.79999999999995       0.71427263292676824     
   149.59999999999997       0.53849797910382347     
   150.39999999999998       0.28895690330342572     
   151.19999999999999       -5.7213209431358214E-003
   152.00000000000000      -0.30937798471504085     
   152.80000000000001      -0.58008578614650319     
   153.60000000000002      -0.77474732075645925     
   154.40000000000003      -0.86942117753873938     
   155.20000000000005      -0.88049525576062782     
   156.00000000000006      -0.85614149430649222     
   156.80000000000007      -0.83922047261466493     
   157.60000000000008      -0.83554869477241434     
   158.40000000000009      -0.81282852044825360     
   159.20000000000010      -0.72793716985333523     
   160.00000000000011      -0.55840615594220011     
   160.80000000000013      -0.31282784651256418     
   161.60000000000014       -1.9744991770881126E-002
   162.40000000000015       0.28466133443393676     
   163.20000000000016       0.55904083769424773     
   164.00000000000017       0.76047636069460989     
   164.80000000000018       0.86322707443576596     
   165.60000000000019       0.88044632202019013     
   166.40000000000020       0.85841692163715588     
   167.20000000000022       0.84112925708222031     
   168.00000000000023       0.83744243466357149     
   168.80000000000024       0.81753398282768575     
   169.60000000000025       0.73843116729169600     
   170.40000000000026       0.57580553754799757     
   171.20000000000027       0.33613976628659897     
   172.00000000000028        4.6669429259215522E-002
   172.80000000000030      -0.25736371929768337     
   173.60000000000031      -0.53563055898280876     
   174.40000000000032      -0.74522400581932391     
   175.20000000000033      -0.85773847582824536     
   176.00000000000034      -0.88193985654292706     
   176.80000000000035      -0.86167183311261419     
   177.60000000000036      -0.84255757028459699     
   178.40000000000038      -0.83761471714418223     
   179.20000000000039      -0.82037335126408029     
   180.00000000000040      -0.74802702893225725     
   180.80000000000041      -0.59360961976091786     
   181.60000000000042      -0.36062460744341807     
   182.40000000000043       -7.4671396536414414E-002
   183.20000000000044       0.22966718998095453     
   184.00000000000045       0.51250149125676492     
   184.80000000000047       0.73044304151717931     
   185.60000000000048       0.85233420143244265     
   186.40000000000049       0.88288905277837826     
   187.20000000000050       0.86397614548204638     
   188.00000000000051       0.84311124384903557     
   188.80000000000052       0.83737706112171351     
   189.60000000000053       0.82330753200217932     
   190.40000000000055       0.75791817518044013     
   191.20000000000056       0.61148863541990262     
   192.00000000000057       0.38470471063544548     
   192.80000000000058       0.10186889831652468     
   193.60000000000059      -0.20274431739963894     
   194.40000000000060      -0.48953447406959605     
   195.20000000000061      -0.71490564569273829     
   196.00000000000063      -0.84558637585008456     
   196.80000000000064      -0.88269343413307000     
   197.60000000000065      -0.86593146940169230     
   198.40000000000066      -0.84407450967086461     
   199.20000000000067      -0.83772798864633347     
   200.00000000000068      -0.82635784778309340     
   200.80000000000069      -0.76719834790235064     
   201.60000000000070      -0.62827585917931850     
   202.40000000000072      -0.40769857771086121     
   203.20000000000073      -0.12842742184593314     
   204.00000000000074       0.17573440793716261     
   204.80000000000075       0.46571055876728351     
   205.60000000000076       0.69805973785504749     
   206.40000000000077       0.83772655303387178     
   207.20000000000078       0.88213586282670442     
   208.00000000000080       0.86826447227986614     
   208.80000000000081       0.84559837430658280     
   209.60000000000082       0.83817596008228668     
   210.40000000000083       0.82878507213552266     
   211.20000000000084       0.77541757676691370     
   212.00000000000085       0.64410382060218829     
   212.80000000000086       0.43021451831758623     
   213.60000000000088       0.15505411604389735     
   214.40000000000089      -0.14823427659316840     
   215.20000000000090      -0.44114387648349757     
   216.00000000000091      -0.68042745034559682     
   216.80000000000092      -0.82929827481387430     
   217.60000000000093      -0.88139177417144410     
   218.40000000000094      -0.87068428142621868     
   219.20000000000095      -0.84717017341170253     
   220.00000000000097      -0.83836893017806047     
   220.80000000000098      -0.83063557808074584     
   221.60000000000099      -0.78296080010914171     
   222.40000000000100      -0.65941786209241449     
   223.20000000000101      -0.45247600006893052     
   224.00000000000102      -0.18162585500883510     
   224.80000000000103       0.12064338882682502     
   225.60000000000105       0.41628892056195543     
   226.40000000000106       0.66224975107901063     
   227.20000000000107       0.82018356777686396     
   228.00000000000108       0.88009189727187243     
   228.80000000000109       0.87285722812155309     
   229.60000000000110       0.84873138746293253     
   230.40000000000111       0.83854516294582948     
   231.20000000000113       0.83225183239635814     
   232.00000000000114       0.79002503675707703     
   232.80000000000115       0.67414633339081420     
   233.60000000000116       0.47420560535585943     
   234.40000000000117       0.20782729841667791     
   235.20000000000118       -9.3155492039936449E-002
   236.00000000000119      -0.39113681625057789     
   236.80000000000121      -0.64334188906117395     
   237.60000000000122      -0.81014986301161862     
   238.40000000000123      -0.87811652359510417     
   239.20000000000124      -0.87485459919753084     
   240.00000000000125      -0.85048004946927902     
   240.80000000000126      -0.83887807340686782     
   241.60000000000127      -0.83365954017655319     
   242.40000000000128      -0.79647943905242458     
   243.20000000000130      -0.68810401163383950     
   244.00000000000131      -0.49529054525392913     
   244.80000000000132      -0.23367905275166256     
   245.60000000000133        6.5647836881807364E-002
   246.40000000000134       0.36555189787047532     
   247.20000000000135       0.62364084657654106     
   248.00000000000136       0.79923453384384757     
   248.80000000000138       0.87556262543440755     
   249.60000000000139       0.87675832958175282     
   250.40000000000140       0.85242608695584798     
   251.20000000000141       0.83930346179048620     
   252.00000000000142       0.83477033010468815     
   252.80000000000143       0.80227476343046811     
   253.60000000000144       0.70131497059681114     
   254.40000000000146       0.51581370975385465     
   255.20000000000147       0.25926934929488915     
   256.00000000000148       -3.8088084888042995E-002
   256.80000000000149      -0.33958797955159142     
   257.60000000000150      -0.60325613356341146     
   258.40000000000151      -0.78752290896706978     
   259.20000000000152      -0.87242767934536114     
   260.00000000000153      -0.87848625632449906     
   260.80000000000155      -0.85447429896327931     
   261.60000000000156      -0.83978227901576230     
   262.40000000000157      -0.83562395038152659     
   263.20000000000158      -0.80749474901177820     
   264.00000000000159      -0.71384835741962260     
   264.80000000000160      -0.53578992221785948     
   265.60000000000161      -0.28455145306356572     
   266.40000000000163        1.0567396615906277E-002
   267.20000000000164       0.31334542965342854     
   268.00000000000165       0.58224809085408813     
   268.80000000000166       0.77499622328728757     
   269.60000000000167       0.86862629283226866     
   270.40000000000168       0.87995204857962406     
   271.20000000000169       0.85660139176916705     
   272.00000000000171       0.84036651378240368     
   272.80000000000172       0.83630405176603240     
   273.60000000000173       0.81219187500369028     
   274.40000000000174       0.72569266535033239     
   275.20000000000175       0.55515937643763891     
   276.00000000000176       0.30945575067829001     
   276.80000000000177        1.6863238590507368E-002
   277.60000000000178      -0.28684704519351828     
   278.40000000000180      -0.56061041178461879     
   279.20000000000181      -0.76162181763623171     
   280.00000000000182      -0.86411647131079272     
   280.80000000000183      -0.88113376684744016     
   281.60000000000184      -0.85882130584748384     
   282.40000000000185      -0.84109356190977103     
   283.20000000000186      -0.83684211337006287     
   284.00000000000188      -0.81636844483523752     
   284.80000000000189      -0.73682260274468458     
   285.60000000000190      -0.57389220125031248     
   286.40000000000191      -0.33396721333471957     
   287.20000000000192       -4.4201604234707592E-002
   288.00000000000193       0.26009844483189742     
   288.80000000000194       0.53835956818199371     
   289.60000000000196       0.74741320166073444     
   290.40000000000197       0.85889207591410222     
   291.20000000000198       0.88200955803536141     
   292.00000000000199       0.86111486543725491     
   292.80000000000200       0.84196083933967758     
   293.60000000000201       0.83725189416001411     
   294.40000000000202       0.82004224616151078     
   295.20000000000203       0.74724825982594301     
   296.00000000000205       0.59198915469731039     
   296.80000000000206       0.35807892365134730     
   297.60000000000207        7.1428595513981508E-002
   298.40000000000208      -0.23313641612154962     
   299.20000000000209      -0.51554012745116706     
   300.00000000000210      -0.73239320015080200     
   300.80000000000211      -0.85293279943938360     
   301.60000000000213      -0.88253132765180542     
   302.40000000000214      -0.86344445514175228     
   303.20000000000215      -0.84296799093970820     
   304.00000000000216      -0.83756704768114432     
   304.80000000000217      -0.82325317230267925     
   305.60000000000218      -0.75698800909971131     
   306.40000000000219      -0.60944042921553232     
   307.20000000000221      -0.38176261286357871     
   308.00000000000222       -9.8506602729496406E-002
   308.80000000000223       0.20600334594285530     
   309.60000000000224       0.49218832082157610     
   310.40000000000225       0.71657004550720982     
   311.20000000000226       0.84620787380746798     
   312.00000000000227       0.88265111526809603     
   312.80000000000229       0.86578221467098881     
   313.60000000000230       0.84412647717817679     
   314.40000000000231       0.83782660103259698     
   315.20000000000232       0.82603665611615318     
   316.00000000000233       0.76604930406764304     
   316.80000000000234       0.62622628760944232     
   317.60000000000235       0.40498789796495266     
   318.40000000000236       0.12540572125377719     
   319.20000000000238      -0.17872839485022957     
   320.00000000000239      -0.46833030657150021     
   320.80000000000240      -0.69995224994070293     
   321.60000000000241      -0.83869620709838111     
   322.40000000000242      -0.88233172552440886     
   323.20000000000243      -0.86810411146859012     
   324.00000000000244      -0.84544254215958381     
   324.80000000000246      -0.83805979843822298     
   325.60000000000247      -0.82842106725545506     
   326.40000000000248      -0.77443969018811454     
   327.20000000000249      -0.64233350407567724     
   328.00000000000250      -0.42773355379914824     
   328.80000000000251      -0.15210362650146159     
   329.60000000000252       0.15133821594653352     
   330.40000000000254       0.44399666146415162     
   331.20000000000255       0.68255786326462786     
   332.00000000000256       0.83038490191052317     
   332.80000000000257       0.88153647804199509     
   333.60000000000258       0.87037895470954529     
   334.40000000000259       0.84691346911630494     
   335.20000000000260       0.83829176046117693     
   336.00000000000261       0.83043809206802166     
   336.80000000000263       0.78217431592756603     
   337.60000000000264       0.65775499585066954     
   338.40000000000265       0.44997971131470038     
   339.20000000000266       0.17857510705076224     
   340.00000000000267      -0.12386420048066776     
   340.80000000000268      -0.41922257150033765     
   341.60000000000269      -0.66440816777882827     
   342.40000000000271      -0.82126136605069999     
   343.20000000000272      -0.88022546636234744     
   344.00000000000273      -0.87257114045444417     
   344.80000000000274      -0.84853436293408668     
   345.60000000000275      -0.83854916719260342     
   346.40000000000276      -0.83212336390347630     
   347.20000000000277      -0.78927142598214572     
   348.00000000000279      -0.67248347638025652     
   348.80000000000280      -0.47170368493939280     
   349.60000000000281      -0.20479238699175034     
   350.40000000000282        9.6337972756845691E-002
   351.20000000000283       0.39404177624847941     
   352.00000000000284       0.64552378819847012     
   352.80000000000285       0.81131407417697587     
   353.60000000000286       0.87836007591745158     
   354.40000000000288       0.87464530914990235     
   355.20000000000289       0.85029956301152543     
   356.00000000000290       0.83885765536050816     
   356.80000000000291       0.83351200207039355     
   357.60000000000292       0.79574935191012430     
   358.40000000000293       0.68651184411665445     
   359.20000000000294       0.49288327196877713     
   360.00000000000296       0.23072926943408950     
   360.80000000000297       -6.8788609195664707E-002
   361.60000000000298      -0.36848643012789684     
   362.40000000000299      -0.62592702832714575     
   363.20000000000300      -0.80053578019822957     
   364.00000000000301      -0.87590480692742678     
   364.80000000000302      -0.87656550987121162     
   365.60000000000304      -0.85219993027865082     
   366.40000000000305      -0.83923931465407697     
   367.20000000000306      -0.83463809851018067     
   368.00000000000307      -0.80162825341253519     
   368.80000000000308      -0.69983582695840296     
   369.60000000000309      -0.51349845462565669     
   370.40000000000310      -0.25636088933902657     
   371.20000000000312        4.1244530170543470E-002
   372.00000000000313       0.34258937376521004     
   372.80000000000314       0.60564314645869421     
   373.60000000000315       0.78892321325223491     
   374.40000000000316       0.87282581646824664     
   375.20000000000317       0.87829367551328008     
   376.00000000000318       0.85422234502017014     
   376.80000000000319       0.83971350379643062     
   377.60000000000321       0.83553618428397569     
   378.40000000000322       0.80693118608666736     
   379.20000000000323       0.71245391605722075     
   380.00000000000324       0.53353019327254170     
   380.80000000000325       0.28166207852003239     
   381.60000000000326       -1.3734580134019458E-002
   382.40000000000327      -0.31638398540341117     
   383.20000000000329      -0.58469912729166107     
   384.00000000000330      -0.77647578547077056     
   384.80000000000331      -0.86909055174698968     
   385.60000000000332      -0.87979032105916066     
   386.40000000000333      -0.85635086304932329     
   387.20000000000334      -0.84029761128607017     
   388.00000000000335      -0.83624108850068612     
   388.80000000000337      -0.81168325404451336     
   389.60000000000338      -0.72436642937050200     
   390.40000000000339      -0.55295992271366279     
   391.20000000000340      -0.30660752407690600     
   392.00000000000341       -1.3712733382967857E-002
   392.80000000000342       0.28990313636783038     
   393.60000000000343       0.56312291401998094     
   394.40000000000344       0.76319567992651183     
   395.20000000000346       0.86466866026730416     
   396.00000000000347       0.88101550941502682     
   396.80000000000348       0.85856700290374088     
   397.60000000000349       0.84100651500611590     
   398.40000000000350       0.83678702223514345     
   399.20000000000351       0.81591102695291684     
   400.00000000000352       0.73557564530570374     
   400.80000000000354       0.57177019033231802     
   401.60000000000355       0.33117244075613006     
   402.40000000000356        4.1069619566850957E-002
   403.20000000000357      -0.26317916197784913     
   404.00000000000358      -0.54094364425090791     
   404.80000000000359      -0.74908828820047657     
   405.60000000000360      -0.85953242848595968     
   406.40000000000362      -0.88192893803641603     
   407.20000000000363      -0.86084940698912815     
   408.00000000000364      -0.84185210006793576     
   408.80000000000365      -0.83720731323111119     
   409.60000000000366      -0.81964269540661194     
   410.40000000000367      -0.74608625034722087     
   411.20000000000368      -0.58994499861140715     
   412.00000000000369      -0.35533252990269243     
   412.80000000000371       -6.8308656060745265E-002
   413.60000000000372       0.23624418766040450     
   414.40000000000373       0.51819168815723660     
   415.20000000000374       0.73416205874296470     
   416.00000000000375       0.85365668888757273     
   416.80000000000376       0.88248993808161125     
   417.60000000000377       0.86317388471880285     
   418.40000000000379       0.84284331895903863     
   419.20000000000380       0.83753444411393285     
   420.00000000000381       0.82290808959108874     
   420.80000000000382       0.75590533848133157     
   421.60000000000383       0.60746970586126214     
   422.40000000000384       0.37906376594586771     
   423.20000000000385        9.5402612621527327E-002
   424.00000000000387      -0.20913005624027126     
   424.80000000000388      -0.49489829145928521     
   425.60000000000389      -0.71842817986240382     
   426.40000000000390      -0.84701889048906120     
   427.20000000000391      -0.88265783301456480     
   428.00000000000392      -0.86551373075897864     
   428.80000000000393      -0.84398624862369709     
   429.60000000000394      -0.83779983159887050     
   430.40000000000396      -0.82573838268424171     
   431.20000000000397      -0.76504226986643586     
   432.00000000000398      -0.62433105379259113     
   432.80000000000399      -0.40234248294120545     
   433.60000000000400      -0.12232456134457964     
   434.40000000000401       0.18186814023140002     
   435.20000000000402       0.47109531467870885     
   436.00000000000404       0.70190047320320126     
   436.80000000000405       0.83959934798924840     
   437.60000000000406       0.88239233215423662     
   438.40000000000407       0.86783991521660864     
   439.20000000000408       0.84528395779676568     
   440.00000000000409       0.83803349456832299     
   440.80000000000410       0.82816583257787957     
   441.60000000000412       0.77350868660843797     
   442.40000000000413       0.64051736711969942     
   443.20000000000414       0.42514553459391241     
   444.00000000000415       0.14904791271464024     
   444.80000000000416      -0.15448933397222497     
   445.60000000000417      -0.44681514219116336     
   446.40000000000418      -0.68459532688972347     
   447.20000000000420      -0.83138139021662694     
   448.00000000000421      -0.88165378085484747     
   448.80000000000422      -0.87012119130078192     
   449.60000000000423      -0.84673640469396572     
   450.40000000000424      -0.83826383608954669     
   451.20000000000425      -0.83022363125923881     
   452.00000000000426      -0.78131855892984114     
   452.80000000000427      -0.65601869765475063     
   453.60000000000429      -0.44745034623534863     
   454.40000000000430      -0.17554634371366507     
   455.20000000000431       0.12702410248854090     
   456.00000000000432       0.42209056335820588     
   456.80000000000433       0.66653152212373423     
   457.60000000000434       0.82235140265409412     
   458.40000000000435       0.88040339545598889     
   459.20000000000437       0.87232428016893804     
   460.00000000000438       0.84834043822949701     
   460.80000000000439       0.83851748003442739     
   461.60000000000440       0.83194572171805925     
   462.40000000000441       0.78848814364883224     
   463.20000000000442       0.67082689670782836     
   464.00000000000443       0.46923495257291525     
   464.80000000000445       0.20179376427987433     
   465.60000000000446       -9.9502470459743364E-002
   466.40000000000447      -0.39695460166639684     
   467.20000000000448      -0.64773002699020377     
   468.00000000000449      -0.81249887447470892     
   468.80000000000450      -0.87860354930138984     
   469.60000000000451      -0.87441411173467920     
   470.40000000000452      -0.85008981486914570     
   471.20000000000454      -0.83881907543001832     
   472.00000000000455      -0.83336655852036812     
   472.80000000000456      -0.79503590602675100     
   473.60000000000457      -0.68493570375110180     
   474.40000000000458      -0.49047809014884663     
   475.20000000000459      -0.22776433284143038     
   476.00000000000460        7.1954002248757087E-002
   476.80000000000462       0.37144037361399584     
   477.60000000000463       0.62821381916436925     
   478.40000000000464       0.80181645062838014     
   479.20000000000465       0.87621805442205547     
   480.00000000000466       0.87635405604984518     
   480.80000000000467       0.85197520313046693     
   481.60000000000468       0.83919109525250779     
   482.40000000000470       0.83452087076073644     
   483.20000000000471       0.80098245114993794     
   484.00000000000472       0.69834085413932367     
   484.80000000000473       0.51115930496424311     
   485.60000000000474       0.25343246369034128     
   486.40000000000475       -4.4407816659874810E-002
   487.20000000000476      -0.34558098640059470     
   488.00000000000477      -0.60800771074919824     
   488.80000000000479      -0.79029994471926102     
   489.60000000000480      -0.87321240947250189     
   490.40000000000481      -0.87810615252757962     
   491.20000000000482      -0.85398421134277624     
   492.00000000000483      -0.83965366592545521     
   492.80000000000484      -0.83544343872354065     
   493.60000000000485      -0.80635044394780764     
   494.40000000000487      -0.71104016881807364     
   495.20000000000488      -0.53125904791732803     
   496.00000000000489      -0.27877282468657827     
   496.80000000000490        1.6892612989004185E-002
   497.60000000000491       0.31940944193798959     
   498.40000000000492       0.58713815437462757     
   499.20000000000493       0.77794831319727109     
   500.00000000000495       0.86955403283386701     
   500.80000000000496       0.87963136098544759     
   501.60000000000497       0.85610144964478507     
   502.40000000000498       0.84022441827698691     
   503.20000000000499       0.83616886320386086     
   504.00000000000500       0.81116449988963346     
   504.80000000000501       0.72303362324860088     
   505.60000000000502       0.55075877308390930     
   506.40000000000504       0.30376034907370802     
   507.20000000000505        1.0563310319477548E-002
   508.00000000000506      -0.29295854460949000     
   508.80000000000507      -0.56563304525170377     
   509.60000000000508      -0.76476360945477440     
   510.40000000000509      -0.86521248903155701     
   511.20000000000510      -0.88088982900825441     
   512.00000000000512      -0.85830861183851015     
   512.80000000000507      -0.84091834725994086     
   513.60000000000502      -0.83673132581388610     
   514.40000000000498      -0.81545105544342722     
   515.20000000000493      -0.73432340816184949     
   516.00000000000489      -0.56964104791988368     
   516.80000000000484      -0.32837026217028747     
   517.60000000000480       -3.7932036378806655E-002
   518.40000000000475       0.26626082594257217     
   519.20000000000471       0.54352153088867206     
   520.00000000000466       0.75075091883970091     
   520.80000000000462       0.86015969761558253     
   521.60000000000457       0.88184116353747977     
   522.40000000000452       0.86058457261168486     
   523.20000000000448       0.84174768576136538     
   524.00000000000443       0.83716435131670330     
   524.80000000000439       0.81923822622177866     
   525.60000000000434       0.74491398108725282     
   526.40000000000430       0.58788966768145534     
   527.20000000000425       0.35257811411558804     
   528.00000000000421        6.5186004559931288E-002
   528.80000000000416      -0.23934848661292557     
   529.60000000000412      -0.52083382567272773     
   530.40000000000407      -0.73591826896320678     
   531.20000000000402      -0.85437011834986898     
   532.00000000000398      -0.88244470625288551     
   532.80000000000393      -0.86290550551356404     
   533.60000000000389      -0.84272179886819987     
   534.40000000000384      -0.83750057511597387     
   535.20000000000380      -0.82255565022997723     
   536.00000000000375      -0.75481210182442782     
   536.80000000000371      -0.60548976889429196     
   537.60000000000366      -0.37635981905697419     
   538.40000000000362       -9.2297984405297739E-002
   539.20000000000357       0.21225334987438865     
   540.00000000000352       0.49760102871498207     
   540.80000000000348       0.72027651720708630     
   541.60000000000343       0.84782091435479312     
   542.40000000000339       0.88265981462669463     
   543.20000000000334       0.86524502283882321     
   544.00000000000330       0.84384709761660504     
   544.80000000000325       0.83777151400945282     
   545.60000000000321       0.82543431447440463     
   546.40000000000316       0.76402685069265885     
   547.20000000000312       0.62242794313170247     
   548.00000000000307       0.39969170452353869     
   548.80000000000302       0.11924105256507112     
   549.60000000000298      -0.18500682553985293     
   550.40000000000293      -0.47385494892864383     
   551.20000000000289      -0.70383922032061041     
   552.00000000000284      -0.84049209322968244     
   552.80000000000280      -0.88244614567016266     
   553.60000000000275      -0.86757433446747090     
   554.40000000000271      -0.84512697075711019     
   555.20000000000266      -0.83800734147053302     
   556.00000000000261      -0.82790636762859071     
   556.80000000000257      -0.77256963082976782     
   557.60000000000252      -0.63869235111411515     
   558.40000000000248      -0.42255057079039776     
   559.20000000000243      -0.14598857231137552     
   560.00000000000239       0.15763988582375638     
   560.80000000000234       0.44962794042577192     
   561.60000000000230       0.68662248827267103     
   562.40000000000225       0.83236662345843415     
   563.20000000000221       0.88176393836743183     
   564.00000000000216       0.86986242423643034     
   564.80000000000211       0.84656173584781180     
   565.60000000000207       0.83823667060790485     
   566.40000000000202       0.83000492129302617     
   567.20000000000198       0.78045415377013405     
   568.00000000000193       0.65427283452592588     
   568.80000000000189       0.44491375860499516     
   569.60000000000184       0.17251417578915867     
   570.40000000000180      -0.13018305207467279     
   571.20000000000175      -0.42495274874989580     
   572.00000000000171      -0.66864482362232092     
   572.80000000000166      -0.82343052448996401     
   573.60000000000161      -0.88057429262294107     
   574.40000000000157      -0.87207624383767612     
   575.20000000000152      -0.84814861100641292     
   576.00000000000148      -0.83848634657342647     
   576.80000000000143      -0.83176384080667254     
   577.60000000000139      -0.78769640684302256     
   578.40000000000134      -0.66916102340715444     
   579.20000000000130      -0.46675922503194045     
   580.00000000000125      -0.19879175073895100     
   580.80000000000121       0.10266639043815451     
   581.60000000000116       0.39986236851535856     
   582.40000000000111       0.64992694898080006     
   583.20000000000107       0.81367293041571098     
   584.00000000000102       0.87883944284892690     
   584.80000000000098       0.87418092339583087     
   585.60000000000093       0.84988170738967772     
   586.40000000000089       0.83878124934240261     
   587.20000000000084       0.83321752681871697     
   588.00000000000080       0.79431460202994641     
   588.80000000000075       0.68335043795424644     
   589.60000000000070       0.48806562749466992     
   590.40000000000066       0.22479543302417393     
   591.20000000000061       -7.5119515293939620E-002
   592.00000000000057      -0.37438991369955366     
   592.80000000000052      -0.63049162562870142     
   593.60000000000048      -0.80308612720126837     
   594.40000000000043      -0.87652302353591194     
   595.20000000000039      -0.87613999709570189     
   596.00000000000034      -0.85175204231750179     
   596.80000000000030      -0.83914410822977259     
   597.60000000000025      -0.83440068959533265     
   598.40000000000020      -0.80032910647451438     
   599.20000000000016      -0.69683658334586540     
   600.00000000000011      -0.50881241532540789     
   600.80000000000007      -0.25049960554670087     
   601.60000000000002        4.7571599575731260E-002
   602.39999999999998       0.34856850143171730     
   603.19999999999993       0.61036346588991797     
   603.99999999999989       0.79166556331780669     
   604.79999999999984       0.87359032403406434     
   605.59999999999980       0.87791564235037278     
   606.39999999999975       0.85374757330625139     
   607.19999999999970       0.83959532970790685     
   607.99999999999966       0.83534811803247944     
   608.79999999999961       0.80576235469569224     
   609.59999999999957       0.70961703583812641     
   610.39999999999952       0.52897992781956782     
   611.19999999999948       0.27587890417026817     
   611.99999999999943       -2.0051390670741687E-002
   612.79999999999939      -0.32243114949600576     
   613.59999999999934      -0.58956874167693918     
   614.39999999999930      -0.77940983411365428     
   615.19999999999925      -0.87000853013186019     
   615.99999999999920      -0.87946893108636914     
   616.79999999999916      -0.85585325317252570     
   617.59999999999911      -0.84015283977874977     
   618.39999999999907      -0.83609444511444386     
   619.19999999999902      -0.81063874264013469     
   619.99999999999898      -0.72169151850830482     
   620.79999999999893      -0.54854949790019092     
   621.59999999999889      -0.30090823141089545     
   622.39999999999884       -7.4127695536505001E-003
   623.19999999999879       0.29601068758924715     
   623.99999999999875       0.56813519175118932     
   624.79999999999870       0.76632064081232409     
   625.59999999999866       0.86574695015891645     
   626.39999999999861       0.88076009144984846     
   627.19999999999857       0.85805110606476787     
   627.99999999999852       0.84083194193453248     
   628.79999999999848       0.83667391160590165     
   629.59999999999843       0.81498450406856793     
   630.39999999999839       0.73306196524806289     
   631.19999999999834       0.56750356042896877     
   631.99999999999829       0.32556277846670567     
   632.79999999999825        3.4792921908403995E-002
   633.59999999999820      -0.26933968229304278     
   634.39999999999816      -0.54609183019541585     
   635.19999999999811      -0.75240272531164876     
   635.99999999999807      -0.86077722334864315     
   636.79999999999802      -0.88174877798832829     
   637.59999999999798      -0.86032032415315318     
   638.39999999999793      -0.84164519172372243     
   639.19999999999789      -0.83712012987150597     
   639.99999999999784      -0.81882757002983775     
   640.79999999999779      -0.74373257166098994     
   641.59999999999775      -0.58582576397978881     
   642.39999999999770      -0.34981805593194132     
   643.19999999999766       -6.2061465487568523E-002
   643.99999999999761       0.24245037547633258     
   644.79999999999757       0.52346875836825524     
   645.59999999999752       0.73766378220431306     
   646.39999999999748       0.85507350834977358     
   647.19999999999743       0.88239434826498753     
   647.99999999999739       0.86263738465247308     
   648.79999999999734       0.84260228887882238     
   649.59999999999729       0.83746584968389470     
   650.39999999999725       0.82219741231544186     
   651.19999999999720       0.75370983157389637     
   651.99999999999716       0.60350108475786535     
   652.79999999999711       0.37364993343330755     
   653.59999999999707        8.9191133019118851E-002
   654.39999999999702      -0.21537463558996695     
   655.19999999999698      -0.50029698240786535     
   655.99999999999693      -0.72211434975404021     
   656.79999999999688      -0.84861265003654340     
   657.59999999999684      -0.88265614376816237     
   658.39999999999679      -0.86497618671846699     
   659.19999999999675      -0.84370998782081119     
   659.99999999999670      -0.83774272780079007     
   660.79999999999666      -0.82512487195175921     
   661.59999999999661      -0.76300255802508232     
   662.39999999999657      -0.62051594129113941     
   663.19999999999652      -0.39703468832591882     
   663.99999999999648      -0.11615496723990837     
   664.79999999999643       0.18814392115462603     
   665.59999999999638       0.47660823817904030     
   666.39999999999634       0.70576768184774452     
   667.19999999999629       0.84137432302221815     
   667.99999999999625       0.88249377284080732     
   668.79999999999620       0.86730820758801364     
   669.59999999999616       0.84497202723029063     
   670.39999999999611       0.83798110304637896     
   671.19999999999607       0.82764197397922135     
   671.99999999999602       0.77162188777416629     
   672.79999999999598       0.63685830844670543     
   673.59999999999593       0.41994906343002480     
   674.39999999999588       0.14292629949645091     
   675.19999999999584      -0.16078925561414920     
   675.99999999999579      -0.45243482534079610     
   676.79999999999575      -0.68863960315164141     
   677.59999999999570      -0.83334115054366520     
   678.39999999999566      -0.88186739323933105     
   679.19999999999561      -0.86960267718672590     
   679.99999999999557      -0.84638907928126039     
   680.79999999999552      -0.83820977858531553     
   681.59999999999548      -0.82978172992636701     
   682.39999999999543      -0.77958126854832177     
   683.19999999999538      -0.65251782924503532     
   683.99999999999534      -0.44237033362741229     
   684.79999999999529      -0.16947873170234479     
   685.59999999999525       0.13334121258967074     
   686.39999999999520       0.42780945195477449     
   687.19999999999516       0.67074834985874532     
   687.99999999999511       0.82449879769314161     
   688.79999999999507       0.88073799186106538     
   689.59999999999502       0.87182677028782984     
   690.39999999999498       0.84795871903224429     
   691.19999999999493       0.83845581300102423     
   691.99999999999488       0.83157792950764631     
   692.79999999999484       0.78689642842143470     
   693.59999999999479       0.66748592289542541     
   694.39999999999475       0.46427638099275914     
   695.19999999999470       0.19578612271681456     
   695.99999999999466      -0.10582991045162771     
   696.79999999999461      -0.40276509079842460     
   697.59999999999457      -0.65211439854468756     
   698.39999999999452      -0.81483603831650842     
   699.19999999999447      -0.87906765913345630     
   699.99999999999443      -0.87394581514959824     
   700.79999999999438      -0.84967541435423755     
   701.59999999999434      -0.83874432170065305     
   702.39999999999429      -0.83306492318075298     
   703.19999999999425      -0.79358532692924455     
   703.99999999999420      -0.68175588745611460     
   704.79999999999416      -0.48564577799112485     
   705.59999999999411      -0.22182258012273742     
   706.39999999999407        7.8285015041538175E-002
   707.19999999999402       0.37733484829370995     
   707.99999999999397       0.63276028573007859     
   708.79999999999393       0.80434479525005464     
   709.59999999999388       0.87681985553308350     
   710.39999999999384       0.87592351739482854     
   711.19999999999379       0.85153053666153478     
   711.99999999999375       0.83909829008050807     
   712.79999999999370       0.83427739729022066     
   713.59999999999366       0.79966808773920828     
   714.39999999999361       0.69532299551900423     
   715.19999999999357       0.50645787812278886     
   715.99999999999352       0.24756245828088375     
   716.79999999999347       -5.0735749312017242E-002
   717.59999999999343      -0.35155184670540152     
   718.39999999999338      -0.61271042077461590     
   719.19999999999334      -0.79302015392661795     
   719.99999999999329      -0.87395966771145339     
   720.79999999999325      -0.87772219773503357     
   721.59999999999320      -0.85351239260127698     
   722.39999999999316      -0.83953839979410594     
   723.19999999999311      -0.83525014359017102     
   723.99999999999307      -0.80516691290923936     
   724.79999999999302      -0.70818458133374729     
   725.59999999999297      -0.52669291324941636     
   726.39999999999293      -0.27298036343021731     
   727.19999999999288        2.3210908603909397E-002
   727.99999999999284       0.32544912000687948     
   728.79999999999279       0.59199089470762822     
   729.59999999999275       0.78086034974567120     
   730.39999999999270       0.87045405175394097     
   731.19999999999266       0.87930304198332865     
   731.99999999999261       0.85560627674294887     
   732.79999999999256       0.84008286936559273     
   733.59999999999252       0.83601782498012400     
   734.39999999999247       0.81010597898591818     
   735.19999999999243       0.72034011782703222     
   735.99999999999238       0.54633209669689209     
   736.79999999999234       0.29805116649092883     
   737.59999999999229        4.2611197510709076E-003
   738.39999999999225      -0.29905952356639803     
   739.19999999999220      -0.57062928753653874     
   739.99999999999216      -0.76786672996131222     
   740.79999999999211      -0.86627206118587941     
   741.59999999999206      -0.88062636164216734     
   742.39999999999202      -0.85779454518938447     
   743.19999999999197      -0.84074731028853056     
   743.99999999999193      -0.83661473930804586     
   744.79999999999188      -0.81451131540768218     
   745.59999999999184      -0.73179128203888788     
   746.39999999999179      -0.56535773109931964     
   747.19999999999175      -0.32275002410625608     
   747.99999999999170       -3.1652333825531787E-002
   748.79999999999166       0.27241565757604924     
   749.59999999999161       0.54865447647066901     
   750.39999999999156       0.75404369118705739     
   751.19999999999152       0.86138505746594352     
   751.99999999999147       0.88165186319800293     
   752.79999999999143       0.86005670990682626     
   753.59999999999138       0.84154459964639772     
   754.39999999999134       0.83707458309630001     
   755.19999999999129       0.81841066588781375     
   755.99999999999125       0.74254200758704458     
   756.79999999999120       0.58375331982502510     
   757.59999999999116       0.34705240832969464     
   758.39999999999111        5.8935092807027523E-002
   759.19999999999106      -0.24554980393011200     
   759.99999999999102      -0.52609644735473382     
   760.79999999999097      -0.73939859393928453     
   761.59999999999093      -0.85576690087421525     
   762.39999999999088      -0.88233892410996362     
   763.19999999999084      -0.86236955344347788     
   763.99999999999079      -0.84248477018589396     
   764.79999999999075      -0.83743021702772147     
   765.59999999999070      -0.82183333365032540     
   766.39999999999065      -0.75259852288284068     
   767.19999999999061      -0.60150368071428018     
   767.99999999999056      -0.37093414523095575     
   768.79999999999052       -8.6082092321270620E-002
   769.59999999999047       0.21849387606226789     
   770.39999999999043       0.50298611143104499     
   771.19999999999038       0.72394165593630655     
   771.99999999999034       0.84939411990902269     
   772.79999999999029       0.88264687334514524     
   773.59999999999025       0.86470726357196848     
   774.39999999999020       0.84357491866780732     
   775.19999999999015       0.83771343499400575     
   775.99999999999011       0.82481001157775546     
   776.79999999999006       0.76196937395693520     
   777.59999999999002       0.61859506075988524     
   778.39999999998997       0.39437146255482142     
   779.19999999998993       0.11306634062946402     
   779.99999999998988      -0.19127938107417375     
   780.79999999998984      -0.47935512934676683     
   781.59999999998979      -0.70768582613126785     
   782.39999999998975      -0.84224605755150217     
   783.19999999998970      -0.88253527419292976     
   783.99999999998965      -0.86704158725075908     
   784.79999999998961      -0.84481913321249569     
   785.59999999998956      -0.83795473845842217     
   786.39999999998952      -0.82737259850055933     
   787.19999999998947      -0.77066543090940787     
   787.99999999998943      -0.63501525027892780     
   788.79999999998938      -0.41734104642362813     
   789.59999999998934      -0.13986113691071805     
   790.39999999998929       0.16393739333322982     
   791.19999999998925       0.45523574409793904     
   791.99999999998920       0.69064664167788659     
   792.79999999998915       0.83430499303501127     
   793.59999999998911       0.88196420698805822     
   794.39999999998906       0.86934200315376120     
   795.19999999998902       0.84621844024954429     
   795.99999999998897       0.83818311782253241     
   796.79999999998893       0.82955400301051130     
   797.59999999998888       0.77869987717280664     
   798.39999999998884       0.65075369505718594     
   799.19999999998879       0.43982010692740781     
