   0.0000000000000000      -0.40156556616248978     
  0.80000000000000004        2.5382033070021626E-003
   1.6000000000000001       -1.8587583100751127E-002
   2.4000000000000004      -0.36883204770075451     
   3.2000000000000002      -0.29330527382187227     
   4.0000000000000000       0.39507391323138058     
   4.7999999999999998       0.87528294642923998     
   5.5999999999999996       0.40032921649059694     
   6.3999999999999995      -0.57166279181682245     
   7.1999999999999993      -0.90727230445588081     
   7.9999999999999991      -0.25558234797512269     
   8.7999999999999989       0.50410179035086233     
   9.5999999999999996       0.49802463685381415     
   10.400000000000000       -3.9517400413773052E-002
   11.200000000000001      -0.22888742756267405     
   12.000000000000002       0.14407713602142641     
   12.800000000000002       0.36693104703875790     
   13.600000000000003       -7.8459677874433531E-002
   14.400000000000004      -0.66463894740487539     
   15.200000000000005      -0.50844050923547990     
   16.000000000000004       0.32398316256702064     
   16.800000000000004       0.82111070805227415     
   17.600000000000005       0.36020021558955456     
   18.400000000000006      -0.43535283470171987     
   19.200000000000006      -0.57386808433476943     
   20.000000000000007       -1.3585749821872661E-002
   20.800000000000008       0.36576771296251603     
   21.600000000000009        6.1380879212841188E-002
   22.400000000000009      -0.36840614509997888     
   23.200000000000010      -0.17312876621844550     
   24.000000000000011       0.44414082214369910     
   24.800000000000011       0.57374870565355307     
   25.600000000000012       -7.8269517065050476E-002
   26.400000000000013      -0.70441370429016625     
   27.200000000000014      -0.47376198120975643     
   28.000000000000014       0.30615858301190479     
   28.800000000000015       0.61888800920111708     
   29.600000000000016       0.12607243538958279     
   30.400000000000016      -0.40942299964487927     
   31.200000000000017      -0.24724725490488031     
   32.000000000000014       0.29684335391292038     
   32.800000000000011       0.35169194458527586     
   33.600000000000009      -0.21485702648374572     
   34.400000000000006      -0.57851741512102350     
   35.200000000000003      -0.14610388243769068     
   36.000000000000000       0.55085784744757094     
   36.799999999999997       0.56477235086321453     
   37.599999999999994      -0.13755155108438200     
   38.399999999999991      -0.61795674921037214     
   39.199999999999989      -0.26576113718618710     
   39.999999999999986       0.37195491042545115     
   40.799999999999983       0.39862777671076399     
   41.599999999999980      -0.16697407652099883     
   42.399999999999977      -0.45182692869257957     
   43.199999999999974       -1.0685170281371281E-002
   43.999999999999972       0.51889339158554548     
   44.799999999999969       0.33178823119690237     
   45.599999999999966      -0.36450579627284363     
   46.399999999999963      -0.61193432796678360     
   47.199999999999960       -4.9501537281740449E-002
   47.999999999999957       0.56232132225309461     
   48.799999999999955       0.40272579158190180     
   49.599999999999952      -0.26791486343822934     
   50.399999999999949      -0.49928201614951018     
   51.199999999999946        8.5267079224693454E-004
   51.999999999999943       0.47260348839382499     
   52.799999999999940       0.21490091435366387     
   53.599999999999937      -0.40077410392524759     
   54.399999999999935      -0.46362580788657781     
   55.199999999999932       0.15752199102761677     
   55.999999999999929       0.60276948356549287     
   56.799999999999926       0.23274355312569994     
   57.599999999999923      -0.45219830053444632     
   58.399999999999920      -0.51137248763154752     
   59.199999999999918       0.11631071849184693     
   59.999999999999915       0.53754584436860731     
   60.799999999999912       0.17645651253937072     
   61.599999999999909      -0.41921738539375103     
   62.399999999999906      -0.37948820577181003     
   63.199999999999903       0.23767236742852454     
   63.999999999999901       0.53066203215592123     
   64.799999999999898        5.2556666079610292E-002
   65.599999999999895      -0.53360426127169081     
   66.399999999999892      -0.39029009388442015     
   67.199999999999889       0.29643100395669031     
   67.999999999999886       0.57232628175227440     
   68.799999999999883        6.0211368961096023E-002
   69.599999999999881      -0.50900889792633142     
   70.399999999999878      -0.33997759100518643     
   71.199999999999875       0.30349545154095403     
   71.999999999999872       0.48881906475316406     
   72.799999999999869       -4.8598241186541768E-002
   73.599999999999866      -0.52805381921594385     
   74.399999999999864      -0.24567864677116780     
   75.199999999999861       0.40935005923782131     
   75.999999999999858       0.50310647623629923     
   76.799999999999855      -0.11075037861282266     
   77.599999999999852      -0.57391276960766813     
   78.399999999999849      -0.23736964033049157     
   79.199999999999847       0.41739429618964374     
   79.999999999999844       0.46750583552662733     
   80.799999999999841      -0.14313747977919383     
   81.599999999999838      -0.53255946144951527     
   82.399999999999835      -0.14433177395082408     
   83.199999999999832       0.45823089705642261     
   83.999999999999829       0.40219051020025642     
   84.799999999999827      -0.24247823657031253     
   85.599999999999824      -0.55737192779140488     
   86.399999999999821       -8.4636854248601345E-002
   87.199999999999818       0.51298539403885424     
   87.999999999999815       0.39169119670635377     
   88.799999999999812      -0.27410196783723084     
   89.599999999999810      -0.54196596230994709     
   90.399999999999807       -4.0019078691016396E-002
   91.199999999999804       0.50740693789966207     
   91.999999999999801       0.31846499227682579     
   92.799999999999798      -0.33102255004682091     
   93.599999999999795      -0.50564221101903695     
   94.399999999999793        5.1162253458085671E-002
   95.199999999999790       0.54623868754569949     
   95.999999999999787       0.26771699205253352     
   96.799999999999784      -0.39490736022384376     
   97.599999999999781      -0.50303538838676964     
   98.399999999999778        9.6684775799352196E-002
   99.199999999999775       0.55323787929165436     
   99.999999999999773       0.22227179939895875     
   100.79999999999977      -0.41782721854943011     
   101.59999999999977      -0.45325855781550450     
   102.39999999999976       0.16265808019441297     
   103.19999999999976       0.54514182268410816     
   103.99999999999976       0.14308855231664741     
   104.79999999999976      -0.47075797736632630     
   105.59999999999975      -0.41742986570432494     
   106.39999999999975       0.23255291373101017     
   107.19999999999975       0.55684472918261663     
   107.99999999999974        9.3354282403077304E-002
   108.79999999999974      -0.49923271186946994     
   109.59999999999974      -0.38056827625074724     
   110.39999999999974       0.27568101184264532     
   111.19999999999973       0.53275962035486824     
   111.99999999999973        2.6112263742264274E-002
   112.79999999999973      -0.51696457786283923     
   113.59999999999972      -0.31803130357155374     
   114.39999999999972       0.33980556208241641     
   115.19999999999972       0.51633239239868556     
   115.99999999999972       -4.4446281191967585E-002
   116.79999999999971      -0.54579484528869338     
   117.59999999999971      -0.27308458452350048     
   118.39999999999971       0.38604564181718681     
   119.19999999999970       0.49505768457985710     
   119.99999999999970       -9.8804434271870467E-002
   120.79999999999970      -0.54757440568382543     
   121.59999999999970      -0.21237228346648396     
   122.39999999999969       0.42523539032526247     
   123.19999999999969       0.45337863871730077     
   123.99999999999969      -0.16894322266429918     
   124.79999999999968      -0.55283211203113702     
   125.59999999999968      -0.14760830146241360     
   126.39999999999968       0.47063561729511810     
   127.19999999999968       0.42080192474690059     
   127.99999999999967      -0.22707142164880956     
   128.79999999999967      -0.55137094811650300     
   129.59999999999968       -9.1119996364903422E-002
   130.39999999999969       0.49606821053023520     
   131.19999999999970       0.37361251850772470     
   131.99999999999972      -0.28153876574454595     
   132.79999999999973      -0.53331926171814859     
   133.59999999999974       -2.1546005249227895E-002
   134.39999999999975       0.52270376655737127     
   135.19999999999976       0.32112729280919938     
   135.99999999999977      -0.34005419873348097     
   136.79999999999978      -0.51860921660429649     
   137.59999999999980        4.1216642271812098E-002
   138.39999999999981       0.54230248933093972     
   139.19999999999982       0.27103989470127299     
   139.99999999999983      -0.38461681477729848     
   140.79999999999984      -0.49033582721276225     
   141.59999999999985       0.10349345183101677     
   142.39999999999986       0.54851914594492823     
   143.19999999999987       0.20906375476471561     
   143.99999999999989      -0.42970848494323932     
   144.79999999999990      -0.45562817115763843     
   145.59999999999991       0.16949671890091300     
   146.39999999999992       0.55459005217981194     
   147.19999999999993       0.14942690182120588     
   147.99999999999994      -0.46867745393473403     
   148.79999999999995      -0.41915835719237809     
   149.59999999999997       0.22679355758965664     
   150.39999999999998       0.54838873964800960     
   151.19999999999999        8.7379985011204420E-002
   152.00000000000000      -0.49734860078400284     
   152.80000000000001      -0.37130275686356667     
   153.60000000000002       0.28516443513810646     
   154.40000000000003       0.53513833924130694     
   155.20000000000005        2.0819358472609073E-002
   156.00000000000006      -0.52428469725424665     
   156.80000000000007      -0.32215590962805740     
   157.60000000000008       0.33923345219893852     
   158.40000000000009       0.51749813903403674     
   159.20000000000010       -4.1627350120611695E-002
   160.00000000000011      -0.54068690619924187     
   160.80000000000013      -0.26813839028431674     
   161.60000000000014       0.38615907209682288     
   162.40000000000015       0.48888002550413112     
   163.20000000000016      -0.10649798026951263     
   164.00000000000017      -0.55018625160193846     
   164.80000000000018      -0.20832432823805092     
   165.60000000000019       0.43128253387540494     
   166.40000000000020       0.45631522801132196     
   167.20000000000022      -0.16945602385755121     
   168.00000000000023      -0.55406870668974029     
   168.80000000000024      -0.14869778648776222     
   169.60000000000025       0.46811715515615993     
   170.40000000000026       0.41704569700706523     
   171.20000000000027      -0.22849139542331259     
   172.00000000000028      -0.54769240539917841     
   172.80000000000030       -8.4903020768375970E-002
   173.60000000000031       0.49902277793073413     
   174.40000000000032       0.37071029118151633     
   175.20000000000033      -0.28677680679001194     
   176.00000000000034      -0.53579108672604459     
   176.80000000000035       -2.0400085778892407E-002
   177.60000000000036       0.52434168976683826     
   178.40000000000038       0.32140115751001963     
   179.20000000000039      -0.33944633571230287     
   180.00000000000040      -0.51614483133611022     
   180.80000000000041        4.3347692437006868E-002
   181.60000000000042       0.54066251673493670     
   182.40000000000043       0.26617742723367011     
   183.20000000000044      -0.38789770752577679     
   184.00000000000045      -0.48856982654558523     
   184.80000000000047       0.10810711626955150     
   185.60000000000048       0.55099236700457466     
   186.40000000000049       0.20772513306940865     
   187.20000000000050      -0.43184541549239208     
   188.00000000000051      -0.45575533009635960     
   188.80000000000052       0.17017655013416944     
   189.60000000000053       0.55343525186510201     
   190.40000000000055       0.14710161912476283     
   191.20000000000056      -0.46865855288857672     
   192.00000000000057      -0.41562767683956470     
   192.80000000000058       0.23027088402110507     
   193.60000000000059       0.54775718746018554     
   194.40000000000060        8.3392543662500929E-002
   195.20000000000061      -0.50006717344383889     
   196.00000000000063      -0.37016515362311997     
   196.80000000000064       0.28772347022973599     
   197.60000000000065       0.53557447232072719     
   198.40000000000066        1.9421357568174424E-002
   199.20000000000067      -0.52435951027573191     
   200.00000000000068      -0.32007240625626698     
   200.80000000000069       0.34041893400437018     
   201.60000000000070       0.51529977527785886     
   202.40000000000072       -4.5086612590461983E-002
   203.20000000000073      -0.54114050837807071     
   204.00000000000074      -0.26488548059775985     
   204.80000000000075       0.38917892075968008     
   205.60000000000076       0.48825868868203576     
   206.40000000000077      -0.10928107716586405     
   207.20000000000078      -0.55119513220098215     
   208.00000000000080      -0.20671544099148614     
   208.80000000000081       0.43240849449497726     
   209.60000000000082       0.45481546038826537     
   210.40000000000083      -0.17142010198897917     
   211.20000000000084      -0.55317022543374605     
   212.00000000000085      -0.14551840462840193     
   212.80000000000086       0.46952882983564970     
   213.60000000000088       0.41467194737956947     
   214.40000000000089      -0.23171984222757536     
   215.20000000000090      -0.54779851169778015     
   216.00000000000091       -8.2164714971684760E-002
   216.80000000000092       0.50069519378246163     
   217.60000000000093       0.36931958688950284     
   218.40000000000094      -0.28869007553896797     
   219.20000000000095      -0.53510671195137494     
   220.00000000000097       -1.8082217555286717E-002
   220.80000000000098       0.52464231093057512     
   221.60000000000099       0.31876960853641217     
   222.40000000000100      -0.34160508408525120     
   223.20000000000101      -0.51477301638141904     
   224.00000000000102        4.6587665686793622E-002
   224.80000000000103       0.54158671489993027     
   225.60000000000105       0.26377587410952613     
   226.40000000000106      -0.39017449857873449     
   227.20000000000107      -0.48772857494478467     
   228.00000000000108       0.11048339205758001     
   228.80000000000109       0.55123265372479457     
   229.60000000000110       0.20545670739509631     
   230.40000000000111      -0.43316117855030506     
   231.20000000000113      -0.45390434938429280     
   232.00000000000114       0.17280153857448266     
   232.80000000000115       0.55312319888086048     
   233.60000000000116       0.14410560105938730     
   234.40000000000117      -0.47036648799753422     
   235.20000000000118      -0.41383284860441333     
   236.00000000000119       0.23297396323715364     
   236.80000000000121       0.54768110115774526     
   237.60000000000122        8.0906480068065889E-002
   238.40000000000123      -0.50121543893382814     
   239.20000000000124      -0.36830135896518634     
   240.00000000000125       0.28979218396614048     
   240.80000000000126       0.53466556206248561     
   241.60000000000127        1.6654126468430341E-002
   242.40000000000128      -0.52507354994670918     
   243.20000000000130      -0.31758811383506269     
   244.00000000000131       0.34276152714886587     
   244.80000000000132       0.51431998015498070     
   245.60000000000133       -4.7956567121985483E-002
   246.40000000000134      -0.54191860804117153     
   247.20000000000135      -0.26263720259434237     
   248.00000000000136       0.39110075908554703     
   248.80000000000138       0.48707844350877866     
   249.60000000000139      -0.11178286385577191     
   250.40000000000140      -0.55129281451844681     
   251.20000000000141      -0.20414026818074144     
   252.00000000000142       0.43401450860243768     
   252.80000000000143       0.45307881415060530     
   253.60000000000144      -0.17415784394523998     
   254.40000000000146      -0.55312201908602865     
   255.20000000000147      -0.14278180467493640     
   256.00000000000148       0.47112246448778627     
   256.80000000000149       0.41296767941086965     
   257.60000000000150      -0.23418443449769610     
   258.40000000000151      -0.54748021899703814     
   259.20000000000152       -7.9578062870797550E-002
   260.00000000000153       0.50175420777345847     
   260.80000000000155       0.36724521865406268     
   261.60000000000156      -0.29096255504169855     
   262.40000000000157      -0.53428413814323883     
   263.20000000000158       -1.5246085062277759E-002
   264.00000000000159       0.52553274557578888     
   264.80000000000160       0.31646595563852375     
   265.60000000000161      -0.34386017727913887     
   266.40000000000163      -0.51384451929410635     
   267.20000000000164        4.9298884959712352E-002
   268.00000000000165       0.54219261232168781     
   268.80000000000166       0.26144731574793373     
   269.60000000000167      -0.39204203481361816     
   270.40000000000168      -0.48640295514471904     
   271.20000000000169       0.11312900322294467     
   272.00000000000171       0.55139424406044291     
   272.80000000000172       0.20283894431060179     
   273.60000000000173      -0.43488460643629079     
   274.40000000000174      -0.45229224712090099     
   275.20000000000175       0.17547380837046922     
   276.00000000000176       0.55310216503537957     
   276.80000000000177       0.14147328839909468     
   277.60000000000178      -0.47183861514419578     
   278.40000000000180      -0.41206473388851339     
   279.20000000000181       0.23540724094008103     
   280.00000000000182       0.54726208339033466     
   280.80000000000183        7.8217175832616781E-002
   281.60000000000184      -0.50232135527358923     
   282.40000000000185      -0.36619978741611792     
   283.20000000000186       0.29214300982846086     
   284.00000000000188       0.53392780115093741     
   284.80000000000189        1.3865633222612361E-002
   285.60000000000190      -0.52597686809563526     
   286.40000000000191      -0.31535164570436708     
   287.20000000000192       0.34493186208079790     
   288.00000000000193       0.51334095699860671     
   288.80000000000194       -5.0651636394615562E-002
   289.60000000000196      -0.54245480034046212     
   290.40000000000197      -0.26023422500371995     
   291.20000000000198       0.39300296378902999     
   292.00000000000199       0.48573452378677223     
   292.80000000000200      -0.11448152350553725     
   293.60000000000201      -0.55151147379329679     
   294.40000000000202      -0.20155588898209581     
   295.20000000000203       0.43574299089533147     
   296.00000000000205       0.45150873874712194     
   296.80000000000206      -0.17677203875048297     
   297.60000000000207      -0.55306134525348305     
   298.40000000000208      -0.14015563345572529     
   299.20000000000209       0.47254681773485546     
   300.00000000000210       0.41114467356381662     
   300.80000000000211      -0.23664402566495873     
   301.60000000000213      -0.54704822500835970     
   302.40000000000214       -7.6851713910269071E-002
   303.20000000000215       0.50289831779763006     
   304.00000000000216       0.36516584871165014     
   304.80000000000217      -0.29331483747470732     
   305.60000000000218      -0.53357158450806796     
   306.40000000000219       -1.2496236985868991E-002
   307.20000000000221       0.52640546032755786     
   308.00000000000222       0.31422909946309663     
   308.80000000000223      -0.34599853674025738     
   309.60000000000224      -0.51282440812211894     
   310.40000000000225        5.2014846575225815E-002
   311.20000000000226       0.54271938315972346     
   312.00000000000227       0.25901725138959908     
   312.80000000000229      -0.39397009931217275     
   313.60000000000230      -0.48507275835311175     
   314.40000000000231       0.11582820848514169     
   315.20000000000232       0.55162722631737493     
   316.00000000000233       0.20027904074129066     
   316.80000000000234      -0.43659013850638850     
   317.60000000000235      -0.45071771245341813     
   318.40000000000236       0.17806761522768783     
   319.20000000000238       0.55301052200012424     
   320.00000000000239       0.13882959773008846     
   320.80000000000240      -0.47325637054222486     
   321.60000000000241      -0.41022087351543979     
   322.40000000000242       0.23788508430521516     
   323.20000000000243       0.54683775124885714     
   324.00000000000244        7.5489616931266990E-002
   324.80000000000246      -0.50347320388853889     
   325.60000000000247      -0.36413463640509947     
   326.40000000000248       0.29447892986980806     
   327.20000000000249       0.53320855663388933     
   328.00000000000250        1.1127546663292742E-002
   328.80000000000251      -0.52682641013875564     
   329.60000000000252      -0.31309937010991773     
   330.40000000000254       0.34706622491261230     
   331.20000000000255       0.51230411057446701     
   332.00000000000256       -5.3381523952961363E-002
   332.80000000000257      -0.54298532240539932     
   333.60000000000258      -0.25780153784359594     
   334.40000000000259       0.39493529814346928     
   335.20000000000260       0.48441132148728244     
   336.00000000000261      -0.11717007323094958     
   336.80000000000263      -0.55173698657190196     
   337.60000000000264      -0.19900129462725985     
   338.40000000000265       0.43743168896054968     
   339.20000000000266       0.44992024928135316     
   340.00000000000267      -0.17936440221099953     
   340.80000000000268      -0.55295604874439608     
   341.60000000000269      -0.13750021300817683     
   342.40000000000271       0.47396626431510103     
   343.20000000000272       0.40929665394365433     
   344.00000000000273      -0.23912486000012512     
   344.80000000000274      -0.54662610981482884     
   345.60000000000275       -7.4129903739795167E-002
   346.40000000000276       0.50404309953435456     
   347.20000000000277       0.36310127242916035     
   348.00000000000279      -0.29563930229151458     
   348.80000000000280      -0.53283969639582029     
   349.60000000000281       -9.7571045142649249E-003
   350.40000000000282       0.52724406209551067     
   351.20000000000283       0.31196607215591532     
   352.00000000000284      -0.34813402379533043     
   352.80000000000285      -0.51178219733778940     
   353.60000000000286        5.4747882328439079E-002
   354.40000000000288       0.54324936903315324     
   355.20000000000289       0.25658621345416593     
   356.00000000000290      -0.39589670127883919     
   356.80000000000291      -0.48374686743353418     
   357.60000000000292       0.11850997067065022     
   358.40000000000293       0.55184158275970696     
   359.20000000000294       0.19772109923996511     
   360.00000000000296      -0.43827059455633194     
   360.80000000000297      -0.44911893599784503     
   361.60000000000298       0.18066163000469093     
   362.40000000000299       0.55289928401540323     
   363.20000000000300       0.13617005878999688     
   364.00000000000301      -0.47467419282823620     
   364.80000000000302      -0.40837128268044059     
   365.60000000000304       0.24036218176019436     
   366.40000000000305       0.54641101196256958     
   367.20000000000306        7.2770548526738699E-002
   368.00000000000307      -0.50460867734507553     
   368.80000000000308      -0.36206478403075976     
   369.60000000000309       0.29679795000729431     
   370.40000000000310       0.53246684452047921     
   371.20000000000312        8.3855456506817250E-003
   372.00000000000313      -0.52765926924794915     
   372.80000000000314      -0.31083096301725610     
   373.60000000000315       0.34920030243781830     
   374.40000000000316       0.51125807570687343     
   375.20000000000317       -5.6113193487463686E-002
   376.00000000000318      -0.54350996370512072     
   376.80000000000319      -0.25536984031136639     
   377.60000000000321       0.39685484076543093     
   378.40000000000322       0.48307879030193046     
   379.20000000000323      -0.11984924433860666     
   380.00000000000324      -0.55194231546633010     
   380.80000000000325      -0.19643896525583626     
   381.60000000000326       0.43910737988744242     
   382.40000000000327       0.44831496837055812     
   383.20000000000329      -0.18195814698906149     
   384.00000000000330      -0.55283976035749927     
   384.80000000000331      -0.13483958204012148     
   385.60000000000332       0.47537909857401039     
   386.40000000000333       0.40744374027096791     
   387.20000000000334      -0.24159746303214497     
   388.00000000000335      -0.54619208333467606     
   388.80000000000337       -7.1410648146927658E-002
   389.60000000000338       0.50517084931338796     
   390.40000000000339       0.36102557236123517     
   391.20000000000340      -0.29795518669401561     
   392.00000000000341      -0.53209081148272697     
   392.80000000000342       -7.0136832716913844E-003
   393.60000000000343       0.52807166908036951     
   394.40000000000344       0.30969431290324190     
   395.20000000000346      -0.35026434645319671     
   396.00000000000347      -0.51073102441973894     
   396.80000000000348        5.7477774659649317E-002
   397.60000000000349       0.54376687763044473     
   398.40000000000350       0.25415181139826221     
   399.20000000000351      -0.39781035163948014     
   400.00000000000352      -0.48240739818694583     
   400.80000000000354       0.12118807504767887     
   401.60000000000355       0.55203973005550178     
   402.40000000000356       0.19515546692904434     
   403.20000000000357      -0.43994176661991519     
   404.00000000000358      -0.44750850629271854     
   404.80000000000359       0.18325347158393690     
   405.60000000000360       0.55277696870095361     
   406.40000000000362       0.13350854170462589     
   407.20000000000363      -0.47608084369772152     
   408.00000000000364      -0.40651361832904143     
   408.80000000000365       0.24283114362086911     
   409.60000000000366       0.54596955541900494     
   410.40000000000367        7.0050103305656031E-002
   411.20000000000368      -0.50572997850916357     
   412.00000000000369      -0.35998404214918012     
   412.80000000000371       0.29911079982905597     
   413.60000000000372       0.53171168844321604     
   414.40000000000373        5.6418419268027264E-003
   415.20000000000374      -0.52848090284814009     
   416.00000000000375      -0.30855594000002701     
   416.80000000000376       0.35132607417275979     
   417.60000000000377       0.51020076816941096     
   418.40000000000379       -5.8841929451176833E-002
   419.20000000000380      -0.54402028107669098     
   420.00000000000381      -0.25293207563921521     
   420.80000000000382       0.39876347241756643     
   421.60000000000383       0.48173297473344484     
   422.40000000000384      -0.12252630106995416     
   423.20000000000385      -0.55213387473417130     
   424.00000000000387      -0.19387082295285774     
   424.80000000000388       0.44077350187567033     
   425.60000000000389       0.44669941326381130     
   426.40000000000390      -0.18454755631169323     
   427.20000000000391      -0.55271072278247346     
   428.00000000000392      -0.13217672838718741     
   428.80000000000393       0.47677955089405255     
   429.60000000000394       0.40558089279764675     
   430.40000000000396      -0.24406337795489541     
   431.20000000000397      -0.54574362491733053     
   432.00000000000398       -6.8689036564633155E-002
   432.80000000000399       0.50628608630023542     
   433.60000000000400       0.35894034029133970     
   434.40000000000401      -0.30026461069883337     
   435.20000000000402      -0.53132937292344451     
   436.00000000000404       -4.2700485826588919E-003
   436.80000000000405       0.52888684371216887     
   437.60000000000406       0.30741569958397102     
   438.40000000000407      -0.35238557232813034     
   439.20000000000408      -0.50966729679768186     
   440.00000000000409        6.0205756425007140E-002
   440.80000000000410       0.54427030824018174     
   441.60000000000412       0.25171072509881198     
   442.40000000000413      -0.39971420800143298     
   443.20000000000414      -0.48105561758199683     
   444.00000000000415       0.12386379554734911     
   444.80000000000416       0.55222467204237791     
   445.60000000000417       0.19258504797896192     
   446.40000000000418      -0.44160249836928678     
   447.20000000000420      -0.44588758858970401     
   448.00000000000421       0.18584046144630539     
   448.80000000000422       0.55264101854763314     
   449.60000000000423       0.13084407988557939     
   450.40000000000424      -0.47747530967714674     
   451.20000000000425      -0.40464563164458772     
   452.00000000000426       0.24529416135755294     
   452.80000000000427       0.54551435520532499     
   453.60000000000429        6.7327538307403567E-002
   454.40000000000430      -0.50683911332820430     
   455.20000000000431      -0.35789447377628414     
   456.00000000000432       0.30141655836162917     
   456.80000000000433       0.53094379389438051     
   457.60000000000434        2.8982618877868571E-003
   458.40000000000435      -0.52928948937374176     
   459.20000000000437      -0.30627355243687554     
   460.00000000000438       0.35344289896016762     
   460.80000000000439       0.50913065902744670     
   461.60000000000440       -6.1569245981952569E-002
   462.40000000000441      -0.54451699839275158     
   463.20000000000442      -0.25048782403440861     
   464.00000000000443       0.40066251211600323     
   464.80000000000445       0.48037532855955450     
   465.60000000000446      -0.12520051523049530     
   466.40000000000447      -0.55231207067494870     
   467.20000000000448      -0.19129811369882133     
   468.00000000000449       0.44242875344350063     
   468.80000000000450       0.44507300696468821     
   469.60000000000451      -0.18713222337241631     
   470.40000000000452      -0.55256788931714551     
   471.20000000000454      -0.12951060750939836     
   472.00000000000455       0.47816814238388350     
   472.80000000000456       0.40370787987730822     
   473.60000000000457      -0.24652345719298868     
   474.40000000000458      -0.54528174424920950     
   475.20000000000459       -6.5965639590082836E-002
   476.00000000000460       0.50738902126525420     
   476.80000000000462       0.35684642279455181     
   477.60000000000463      -0.30256663909570469     
   478.40000000000464      -0.53055493393691333     
   479.20000000000465       -1.5264598640211124E-003
   480.00000000000466       0.52968886095345991     
   480.80000000000467       0.30512950931324817     
   481.60000000000468      -0.35449806477805251     
   482.40000000000470      -0.50859088525802987     
   483.20000000000471        6.2932368880632472E-002
   484.00000000000472       0.54476034637728799     
   484.80000000000473       0.24926339462701291     
   485.60000000000474      -0.40160835503359776     
   486.40000000000475      -0.47969209293129522     
   487.20000000000476       0.12653645543480851     
   488.00000000000477       0.55239605722719309     
   488.80000000000479       0.19001000718795558     
   489.60000000000480      -0.44325227884300045     
   490.40000000000481      -0.44425567703616536     
   491.20000000000482       0.18842284520117275     
   492.00000000000483       0.55249135415657991     
   492.80000000000484       0.12817633444047055     
   493.60000000000485      -0.47885804135743543     
   494.40000000000487      -0.40276765271389864     
   495.20000000000488       0.24775124165755863     
   496.00000000000489       0.54504577991516434     
   496.80000000000490        6.4603345513796762E-002
   497.60000000000491      -0.50793579841873637     
   498.40000000000492      -0.35579617952644987     
   499.20000000000493       0.30371485781903157     
   500.00000000000495       0.53016279864968641     
   500.80000000000496        1.5464391469777183E-004
   501.60000000000497      -0.53008496868284372     
   502.40000000000498      -0.30398358801390302     
   503.20000000000499       0.35555106036230077     
   504.00000000000500       0.50804798487303482     
   504.80000000000501       -6.4295105725547308E-002
   505.60000000000502      -0.54500034100592298     
   506.40000000000504      -0.24803744159770802     
   507.20000000000505       0.40255172565074648     
   508.00000000000506       0.47900590514646801     
   508.80000000000507      -0.12787161649654344     
   509.60000000000508      -0.55247663383023404     
   510.40000000000509      -0.18872073195762534     
   511.20000000000510       0.44407307809822788     
   512.00000000000512       0.44343561154432776     
   512.80000000000507      -0.18971231659506016     
   513.60000000000502      -0.55241141737991839     
   514.40000000000498      -0.12684127637545040     
   515.20000000000493       0.47954499545769003     
   516.00000000000489       0.40182495363656939     
   516.80000000000484      -0.24897750392703227     
   517.60000000000480      -0.54480645699638375     
   518.40000000000475       -6.3240658382104575E-002
   519.20000000000471       0.50847944351626384     
   520.00000000000466       0.35474374770345429     
   520.80000000000462      -0.30486121330187133     
   521.60000000000457      -0.52976739593828415     
   522.40000000000452        1.2171755918896077E-003
   523.20000000000448       0.53047781249760850     
   524.00000000000443       0.30283580070444222     
   524.80000000000439      -0.35660187438079533     
   525.60000000000434      -0.50750195938436549     
   526.40000000000430        6.5657446153742804E-002
   527.20000000000425       0.54523697624876888     
   528.00000000000421       0.24680996820116030     
   528.80000000000416      -0.40349261980214191     
   529.60000000000412      -0.47831676775773985     
   530.40000000000407       0.12920599417309914     
   531.20000000000402       0.55255380385256858     
   532.00000000000398       0.18743029749239676     
   532.80000000000393      -0.44489114758997711     
   533.60000000000389      -0.44261281903151783     
   534.40000000000384       0.19100062624839376     
   535.20000000000380       0.55232807804384709     
   536.00000000000375       0.12550544272765513     
   536.80000000000371      -0.48022899734578633     
   537.60000000000366      -0.40087978543153513     
   538.40000000000362       0.25020223776608264     
   539.20000000000357       0.54456377594949656     
   540.00000000000352        6.1877583896386201E-002
   540.80000000000348      -0.50901995588883220     
   541.60000000000343      -0.35368913503594501     
   542.40000000000339       0.30600569936846755     
   543.20000000000334       0.52936873061484424     
   544.00000000000330       -2.5889878678160283E-003
   544.80000000000325      -0.53086738884545548     
   545.60000000000321      -0.30168615518092279     
   546.40000000000316       0.35765049828414364     
   547.20000000000312       0.50695281003796056     
   548.00000000000307       -6.7019382822082973E-002
   548.80000000000302      -0.54547025001507699     
   549.60000000000298      -0.24558098020471708     
   550.40000000000293       0.40443103355913645     
   551.20000000000289       0.47762468596754593     
   552.00000000000284      -0.13053958080532335     
   552.80000000000280      -0.55262756840699245     
   553.60000000000275      -0.18613871339643095     
   554.40000000000271       0.44570648140377211     
   555.20000000000266       0.44178730500793756     
   556.00000000000261      -0.19228776488345539     
   556.80000000000257      -0.55224133516905294     
   557.60000000000252      -0.12416884093226122     
   558.40000000000248       0.48091004240866453     
   559.20000000000243       0.39993215273727345     
   560.00000000000239      -0.25142543697127528     
   560.80000000000234      -0.54431773899415159     
   561.60000000000230       -6.0514130122869214E-002
   562.40000000000225       0.50955733323624253     
   563.20000000000221       0.35263234920763120     
   564.00000000000216      -0.30714830834181706     
   564.80000000000211      -0.52896680539767882     
   565.60000000000207        3.9607835941415370E-003
   566.40000000000202       0.53125369425084745     
   567.20000000000198       0.30053465795261952     
   568.00000000000193      -0.35869692539637760     
   568.80000000000189      -0.50640053943797780     
   569.60000000000184        6.8380908311075461E-002
   570.40000000000180       0.54570016138045352     
   571.20000000000175       0.24435048501799356     
   572.00000000000171      -0.40536696181756388     
   572.80000000000166      -0.47692966489041067     
   573.60000000000161       0.13187236775527311     
   574.40000000000157       0.55269792716798993     
   575.20000000000152       0.18484598821609283     
   576.00000000000148      -0.44651907374692595     
   576.80000000000143      -0.44095907415285940     
   577.60000000000139       0.19357372450243304     
   578.40000000000134       0.55215118876464120     
   579.20000000000130       0.12283147854996135     
   580.00000000000125      -0.48158812679639817     
   580.80000000000121      -0.39898206133494823     
   581.60000000000116       0.25264709449225814     
   582.40000000000111       0.54406834824408579     
   583.20000000000107        5.9150305764955502E-002
   584.00000000000102      -0.51009157227511082     
   584.80000000000098      -0.35157339714460623     
   585.60000000000093       0.30828903267592311     
   586.40000000000089       0.52856162247265015     
   587.20000000000084       -5.3325543238461615E-003
   588.00000000000080      -0.53163672595217482     
   588.80000000000075      -0.29938131566798576     
   589.60000000000070       0.35974114953473102     
   590.40000000000066       0.50584515098439864     
   591.20000000000061       -6.9742014590362000E-002
   592.00000000000057      -0.54592670931846510     
   592.80000000000052      -0.24311849046756662     
   593.60000000000048       0.40630039880352897     
   594.40000000000043       0.47623170910329382     
   595.20000000000039      -0.13320434650654867     
   596.00000000000034      -0.55276487947362385     
   596.80000000000030      -0.18355212990724784     
   597.60000000000025       0.44732891933799829     
   598.40000000000020       0.44012813128006262     
   599.20000000000016      -0.19485849742101985     
   600.00000000000011      -0.55205763939398933     
   600.80000000000007      -0.12149336358496821     
   601.60000000000002       0.48226324656838104     
   602.39999999999998       0.39802951728175850     
   603.19999999999993      -0.25386720282226505     
   603.99999999999989      -0.54381560543626239     
   604.79999999999984       -5.7786119423832105E-002
   605.59999999999980       0.51062266951256197     
   606.39999999999975       0.35051228537709461     
   607.19999999999970      -0.30942786518716897     
   607.99999999999966      -0.52815318414691981     
   608.79999999999961        6.7042918036417376E-003
   609.59999999999957       0.53201648157221704     
   610.39999999999952       0.29822613530071940     
   611.19999999999948      -0.36078316443766723     
   611.99999999999943      -0.50528664826270209     
   612.79999999999939        7.1102693316043686E-002
   613.59999999999934       0.54614989254095192     
   614.39999999999930       0.24188500430056825     
   615.19999999999925      -0.40723133861372685     
   615.99999999999920      -0.47553082292142901     
   616.79999999999916       0.13453550879637721     
   617.59999999999911       0.55282842476602689     
   618.39999999999907       0.18225714631139978     
   619.19999999999902      -0.44813601315950424     
   619.99999999999898      -0.43929448144404981     
   620.79999999999893       0.19614207588650412     
   621.59999999999889       0.55196068774665341     
   622.39999999999884       0.12015450426035634     
   623.19999999999879      -0.48293539760254400     
   623.99999999999875      -0.39707452657781539     
   624.79999999999870       0.25508575437388814     
   625.59999999999866       0.54355951213763565     
   626.39999999999861        5.6421579526445054E-002
   627.19999999999857      -0.51115062154114410     
   627.99999999999852      -0.34944902037340986     
   628.79999999999848       0.31056479887007549     
   629.59999999999843       0.52774149290690475     
   630.39999999999839       -8.0759877200949903E-003
   631.19999999999834      -0.53239295881964011     
   631.99999999999829      -0.29706912398120439     
   632.79999999999825       0.36182296371633799     
   633.59999999999820       0.50472503482053410     
   634.39999999999816       -7.2462936091983843E-002
   635.19999999999811      -0.54636970965131759     
   635.99999999999807      -0.24065003414824121     
   636.79999999999802       0.40815977541137966     
   637.59999999999798       0.47482701063200788     
   638.39999999999793      -0.13586584647913275     
   639.19999999999789      -0.55288856262095953     
   639.99999999999784      -0.18096104532428103     
   640.79999999999779       0.44894035025079893     
   641.59999999999775       0.43845812981467042     
   642.39999999999770      -0.19742445205454978     
   643.19999999999766      -0.55186033448929961     
   643.99999999999761      -0.11881490883635776     
   644.79999999999757       0.48360457570791787     
   645.59999999999752       0.39611709514996263     
   646.39999999999748      -0.25630274160845412     
   647.19999999999743      -0.54330006990810220     
   647.99999999999739       -5.5056694426280584E-002
   648.79999999999734       0.51167542505186714     
   649.59999999999729       0.34838360865183238     
   650.39999999999725      -0.31169982675416541     
   651.19999999999720      -0.52732655132592698     
   651.99999999999716        9.4476336908867475E-003
   652.79999999999711       0.53276615539011973     
   653.59999999999707       0.29591028887018650     
   654.39999999999702      -0.36286054093666392     
   655.19999999999698      -0.50416031416247387     
   655.99999999999693        7.3822734554844227E-002
   656.79999999999688       0.54658615925758713     
   657.59999999999684       0.23941358760012543     
   658.39999999999679      -0.40908570342992912     
   659.19999999999675      -0.47412027656821343     
   659.99999999999670       0.13719535142767858     
   660.79999999999666       0.55294529268048631     
   661.59999999999661       0.17966383489695281     
   662.39999999999657      -0.44974192564284343     
   663.19999999999652      -0.43761908158922591     
   663.99999999999648       0.19870561804881270     
   664.79999999999643       0.55175658026604557     
   665.59999999999638       0.11747458555481899     
   666.39999999999634      -0.48427077670229407     
   667.19999999999629      -0.39515722890572125     
   667.99999999999625       0.25751815703489367     
   668.79999999999620       0.54303728034927667     
   669.59999999999616        5.3691472471391055E-002
   670.39999999999611      -0.51219707678532111     
   671.19999999999607      -0.34731605677763178     
   671.99999999999602       0.31283294186161081     
   672.79999999999598       0.52690836200338076     
   673.59999999999593       -1.0819221307990179E-002
   674.39999999999588      -0.53313606896915267     
   675.19999999999584      -0.29474963712216684     
   675.99999999999579       0.36389588967287756     
   676.79999999999575       0.50359248978931981     
   677.59999999999570       -7.5182080370559179E-002
   678.39999999999566      -0.54679924000421143     
   679.19999999999561      -0.23817567225063618     
   679.99999999999557       0.41000911693814535     
   680.79999999999552       0.47341062510496862     
   681.59999999999548      -0.13852401550588972     
   682.39999999999543      -0.55299861461086031     
   683.19999999999538      -0.17836552300409853     
   683.99999999999534       0.45054073436256142     
   684.79999999999529       0.43677734196878359     
   685.59999999999525      -0.19998556599773731     
   686.39999999999520      -0.55164942572687625     
   687.19999999999516      -0.11613354264304632     
   687.99999999999511       0.48493399643364998     
   688.79999999999507       0.39419493376596315     
   689.59999999999502      -0.25873199318466511     
   690.39999999999498      -0.54277114510017277     
   691.19999999999493       -5.2325922021886795E-002
   691.99999999999488       0.51271557350324837     
   692.79999999999484       0.34624637134065989     
   693.59999999999479      -0.31396413721131927     
   694.39999999999475      -0.52648692754924398     
   695.19999999999470        1.2190742163090795E-002
   695.99999999999466       0.53350269725284416     
   696.79999999999461       0.29358717588983707     
   697.59999999999457      -0.36492900352101498     
   698.39999999999452      -0.50302156522046748     
   699.19999999999447        7.6540965216632117E-002
   699.99999999999443       0.54700895056847365     
   700.79999999999438       0.23693629571074309     
   701.59999999999434      -0.41093001022042525     
   702.39999999999429      -0.47269806064270342     
   703.19999999999425       0.13985183057265266     
   703.99999999999420       0.55304852809289573     
   704.79999999999416       0.17706611762721897     
   705.59999999999411      -0.45133677144708756     
   706.39999999999407      -0.43593291616191632     
   707.19999999999402       0.20126428804310226     
   707.99999999999397       0.55153887154307979     
   708.79999999999393       0.11479178832706155     
   709.59999999999388      -0.48559423077616964     
   710.39999999999384      -0.39323021567183025     
   711.19999999999379       0.25994424259853843     
   711.99999999999375       0.54250166582560255     
   712.79999999999370        5.0960051446795940E-002
   713.59999999999366      -0.51323091198193771     
   714.39999999999361      -0.34517455894341298     
   715.19999999999357       0.31509340582938872     
   715.99999999999352       0.52606225058743605     
   716.79999999999347       -1.3562187852601881E-002
   717.59999999999343      -0.53386603795798104     
   718.39999999999338      -0.29242291233308526     
   719.19999999999334       0.36595987609603686     
   719.99999999999329       0.50244754399845148     
   720.79999999999325       -7.7899380772866289E-002
   721.59999999999320      -0.54721528965184385     
   722.39999999999316      -0.23569546560490218     
   723.19999999999311       0.41184837757295445     
   723.99999999999307       0.47198258759934297     
   724.79999999999302      -0.14117878848898768     
   725.59999999999297      -0.55309503282430006     
   726.39999999999293      -0.17576562675107954     
   727.19999999999288       0.45213003195100843     
   727.99999999999284       0.43508580939125924     
   728.79999999999279      -0.20254177633757814     
   729.59999999999275      -0.55142491840990093     
   730.39999999999270      -0.11344933083744113     
   731.19999999999266       0.48625147562466686     
   731.99999999999261       0.39226308058257348     
   732.79999999999256      -0.26115489782406126     
   733.59999999999252      -0.54222884421060136     
   734.39999999999247       -4.9593869118748579E-002
   735.19999999999243       0.51374308901441168     
   735.99999999999238       0.34410062619901866     
   736.79999999999234      -0.31622074075376755     
   737.59999999999229      -0.52563433376028346     
   738.39999999999225        1.4933549976016924E-002
   739.19999999999220       0.53422608882393896     
   739.99999999999216       0.29125685362309939     
   740.79999999999211      -0.36698850102772329     
   741.59999999999206      -0.50187042968711337     
   742.39999999999202        7.9257318720054148E-002
   743.19999999999197       0.54741825597642413     
   743.99999999999193       0.23445318956740369     
   744.79999999999188      -0.41276421330525248     
   745.59999999999184      -0.47126421040900784     
   746.39999999999179       0.14250488112135701     
   747.19999999999175       0.55313812852298638     
   747.99999999999170       0.17446405836507839     
   748.79999999999166      -0.45292051094742103     
   749.59999999999161      -0.43423602689625357     
   750.39999999999156       0.20381802304196167     
   751.19999999999152       0.55130756704522144     
   751.99999999999147       0.11210617841009118     
   752.79999999999143      -0.48690572689212064     
   753.59999999999138      -0.39129353447296600     
   754.39999999999134       0.26236395141682156     
   755.19999999999129       0.54195268195966473     
   755.99999999999125        4.8227383411703184E-002
   756.79999999999120      -0.51425210141275524     
   757.59999999999116      -0.34302457973234779     
   758.39999999999111       0.31734613503492015     
   759.19999999999106       0.52520317973035047     
   759.99999999999102       -1.6304820134065867E-002
   760.79999999999097      -0.53458284761174502     
   761.59999999999093      -0.29008900694290751     
   762.39999999999088       0.36801487195902194     
   763.19999999999084       0.50129022586970062     
   763.99999999999079       -8.0614770741071151E-002
   764.79999999999075      -0.54761784828461546     
   765.59999999999070      -0.23320947524100172     
   766.39999999999065       0.41367751174174477     
   767.19999999999061       0.47054293352271920     
   767.99999999999056      -0.14383010034219451     
   768.79999999999052      -0.55317781492839169     
   769.59999999999047      -0.17316142046467242     
   770.39999999999043       0.45370820352712282     
   771.19999999999038       0.43338357393318139     
   771.99999999999034      -0.20509302032437438     
   772.79999999999029      -0.55118681818843562     
   773.59999999999025      -0.11076233928561185     
   774.39999999999020       0.48755698050941698     
   775.19999999999015       0.39032158333215361     
   775.99999999999011      -0.26357139594181733     
   776.79999999999006      -0.54167318079753479     
   777.59999999999002       -4.6860602700890985E-002
   778.39999999998997       0.51475794600883817     
   779.19999999998993       0.34194642618072385     
   779.99999999998988      -0.31846958173555101     
   780.79999999998984      -0.52476879118071862     
   781.59999999998979        1.7675989927896207E-002
   782.39999999998975       0.53493631210309600     
   783.19999999998970       0.28891937948657537     
   783.99999999998965      -0.36903898254626527     
   784.79999999998961      -0.50070693614843931     
   785.59999999998956        8.1971728521487264E-002
   786.39999999998952       0.54781406533944810     
   787.19999999998947       0.23196433027655122     
   787.99999999998943      -0.41458826722261682     
   788.79999999998938      -0.46981876140927381     
   789.59999999998934       0.14515443802951211     
   790.39999999998929       0.55321409180177472     
   791.19999999998925       0.17185772105191055     
   791.99999999998920      -0.45449310479837390     
   792.79999999998915      -0.43252845577541399     
   793.59999999998911       0.20636676035970214     
   794.39999999998906       0.55106267259993436     
   795.19999999998902       0.10941782170887904     
   795.99999999998897      -0.48820523242568048     
   796.79999999998893      -0.38934723316381481     
   797.59999999998888       0.26477722397356773     
   798.39999999998884       0.54139034246952700     
   799.19999999998879        4.5493535362917892E-002
