   0.0000000000000000      -0.45861691253854731     
  0.80000000000000004       -1.5757948369065531     
   1.6000000000000001       -1.5054286394471363     
   2.4000000000000004      -0.73824053482317464     
   3.2000000000000002       -7.5947287375192518E-002
   4.0000000000000000       0.19623515199615826     
   4.7999999999999998       0.28329939707188062     
   5.5999999999999996       0.51220780074834060     
   6.3999999999999995       0.93132891574658982     
   7.1999999999999993        1.1639995198515036     
   7.9999999999999991       0.75927985727406078     
   8.7999999999999989      -0.32326622101860425     
   9.5999999999999996       -1.6187060284148331     
   10.400000000000000       -2.0175531618903082     
   11.200000000000001      -0.95841533530478840     
   12.000000000000002       0.87489645927312010     
   12.800000000000002        2.4023467588297605     
   13.600000000000003        2.0429287570976595     
   14.400000000000004       0.26496652224328909     
   15.200000000000005       -1.7412223974310066     
   16.000000000000004       -2.5803730401532698     
   16.800000000000004       -1.3962701272796463     
   17.600000000000005       0.48852600380034539     
   18.400000000000006        2.0367507053415701     
   19.200000000000006        2.1653705847873832     
   20.000000000000007       0.96767084807187609     
   20.800000000000008      -0.50250672156253406     
   21.600000000000009       -1.6317656459960348     
   22.400000000000009       -1.8505573060779763     
   23.200000000000010       -1.1281493258573978     
   24.000000000000011       -4.9777524923848349E-002
   24.800000000000011        1.0064666443486527     
   25.600000000000012        1.6907062821856851     
   26.400000000000013        1.5573935299269763     
   27.200000000000014       0.69933308512700743     
   28.000000000000014      -0.49285325069502206     
   28.800000000000015       -1.6216593407646067     
   29.600000000000016       -1.9323721493538586     
   30.400000000000016       -1.1083806570776646     
   31.200000000000017       0.30248975906576137     
   32.000000000000014        1.7088776229784752     
   32.800000000000011        2.1471732994865977     
   33.600000000000009        1.1960778350248444     
   34.400000000000006      -0.36912975356396793     
   35.200000000000003       -1.8279921526568672     
   36.000000000000000       -2.1683551460750716     
   36.799999999999997       -1.1233900028636663     
   37.599999999999994       0.42831745900586649     
   38.399999999999991        1.7928904292822143     
   39.199999999999989        2.0836838850799713     
   39.999999999999986        1.1208452922048839     
   40.799999999999983      -0.29760724712151698     
   41.599999999999980       -1.5816807968656430     
   42.399999999999977       -2.0118271896192663     
   43.199999999999974       -1.2762192893516016     
   43.999999999999972        1.0814197669026804E-003
   44.799999999999969        1.2887416495315271     
   45.599999999999966        1.9754389616891184     
   46.399999999999963        1.5170213285151923     
   47.199999999999960       0.33204287098482044     
   47.999999999999957       -1.0201127904703229     
   48.799999999999955       -1.9580262843636895     
   49.599999999999952       -1.7386137297535369     
   50.399999999999949      -0.59403783499761675     
   51.199999999999946       0.83606527602665870     
   51.999999999999943        1.9490422603933131     
   52.799999999999940        1.8862822487231103     
   53.599999999999937       0.75748075034027851     
   54.399999999999935      -0.71871528149630182     
   55.199999999999932       -1.9208984700155649     
   55.999999999999929       -1.9609197063008836     
   56.799999999999926      -0.86840608171731470     
   57.599999999999923       0.60161250226084517     
   58.399999999999920        1.8416039245600120     
   59.199999999999918        1.9959741496518550     
   59.999999999999915       0.99055816273394659     
   60.799999999999912      -0.43524933105767460     
   61.599999999999909       -1.7053864910434327     
   62.399999999999906       -2.0215636784280306     
   63.199999999999903       -1.1511858644936992     
   63.999999999999901       0.22027559090684767     
   64.799999999999898        1.5326286435697909     
   65.599999999999895        2.0436307333673134     
   66.399999999999892        1.3341832569307135     
   67.199999999999889        1.0732962514944822E-002
   67.999999999999886       -1.3509724273335004     
   68.799999999999883       -2.0537785157189727     
   69.599999999999881       -1.5093123608381411     
   70.399999999999878      -0.22760622745369141     
   71.199999999999875        1.1774501832813444     
   71.999999999999872        2.0435411170892159     
   72.799999999999869        1.6577993435996088     
   73.599999999999866       0.42054621743734089     
   74.399999999999864       -1.0118096153355807     
   75.199999999999861       -2.0073445783430550     
   75.999999999999858       -1.7774329043982531     
   76.799999999999855      -0.59720959580189414     
   77.599999999999852       0.84368570201021864     
   78.399999999999849        1.9423488925999324     
   79.199999999999847        1.8744886849563944     
   79.999999999999844       0.76943433833372210     
   80.799999999999841      -0.66493568968081607     
   81.599999999999838       -1.8495485755248662     
   82.399999999999835       -1.9539917930188526     
   83.199999999999832      -0.94235840257017212     
   83.999999999999829       0.47582166758966471     
   84.799999999999827        1.7334374547869598     
   85.599999999999824        2.0156665259263811     
   86.399999999999821        1.1131359222934978     
   87.199999999999818      -0.28182421459826079     
   87.999999999999815       -1.5991991110519881     
   88.799999999999812       -2.0560044680562779     
   89.599999999999810       -1.2766070535428224     
   90.399999999999807        8.7142414916325350E-002
   91.199999999999804        1.4498464833977387     
   91.999999999999801        2.0717430708456903     
   92.799999999999798        1.4301233703385645     
   93.599999999999795       0.10787256833806946     
   94.399999999999793       -1.2863027895820049     
   95.199999999999790       -2.0614592962754523     
   95.999999999999787       -1.5734138706567731     
   96.799999999999784      -0.30414621293736821     
   97.599999999999781        1.1101667612550374     
   98.399999999999778        2.0256600778591358     
   99.199999999999775        1.7055642452125950     
   99.999999999999773       0.50015442961200041     
   100.79999999999977      -0.92585551956416134     
   101.59999999999977       -1.9664421825045515     
   102.39999999999976       -1.8231456861350472     
   103.19999999999976      -0.69111436390901582     
   103.99999999999976       0.73947086680860985     
   104.79999999999976        1.8865600156252416     
   105.59999999999975        1.9212291728065043     
   106.39999999999975       0.87185536022661658     
   107.19999999999975      -0.55508594788084231     
   107.99999999999974       -1.7877170510973228     
   108.79999999999974       -1.9958005050618153     
   109.59999999999974       -1.0405215547736715     
   110.39999999999974       0.37204746819706980     
   111.19999999999973        1.6695183237781568     
   111.99999999999973        2.0450762335338517     
   112.79999999999973        1.1994183114907551     
   113.59999999999972      -0.18611657477965804     
   114.39999999999972       -1.5306509487609947     
   115.19999999999972       -2.0689704191750606     
   115.99999999999972       -1.3522848282889290     
   116.79999999999971       -6.5691219092578468E-003
   117.59999999999971        1.3715155182347023     
   118.39999999999971        2.0679784248320310     
   119.19999999999970        1.5006120761769364     
   119.99999999999970       0.20602079315225752     
   120.79999999999970       -1.1960849806490288     
   121.59999999999970       -2.0428718599963038     
   122.39999999999969       -1.6418220102288299     
   123.19999999999969      -0.40758401516610210     
   123.99999999999969        1.0115400029382715     
   124.79999999999968        1.9951137527373162     
   125.59999999999968        1.7701316056575414     
   126.39999999999968       0.60396230448047539     
   127.19999999999968      -0.82555246732742771     
   127.99999999999967       -1.9266816321253477     
   128.79999999999967       -1.8791749339318409     
   129.59999999999968      -0.78899280596697086     
   130.39999999999969       0.64254253724476795     
   131.19999999999970        1.8387552746614726     
   131.99999999999972        1.9645620174430618     
   132.79999999999973       0.96088106170411813     
   133.59999999999974      -0.46163378595310256     
   134.39999999999975       -1.7307389210151107     
   135.19999999999976       -2.0247254762522453     
   135.99999999999977       -1.1223942887459932     
   136.79999999999978       0.27823262376172120     
   137.59999999999980        1.6012244691127773     
   138.39999999999981        2.0599000919815400     
   139.19999999999982        1.2778580073160695     
   139.99999999999983       -8.7989386183003004E-002
   140.79999999999984       -1.4502696916718398     
   141.59999999999985       -2.0706389161714491     
   142.39999999999986       -1.4295013010016535     
   143.19999999999987      -0.10991547985339234     
   143.99999999999989        1.2810785643826186     
   144.79999999999990        2.0573221704260312     
   145.59999999999991        1.5756376312935272     
   146.39999999999992       0.31189738447477611     
   147.19999999999993       -1.0999736766220916     
   147.99999999999994       -2.0207268994612684     
   148.79999999999995       -1.7112111364502325     
   149.59999999999997      -0.51136677003798470     
   150.39999999999998       0.91454321957071816     
   151.19999999999999        1.9624172847558303     
   152.00000000000000        1.8299073120447176     
   152.80000000000001       0.70167152093752549     
   153.60000000000002      -0.73052407697763244     
   154.40000000000003       -1.8839432328373260     
   155.20000000000005       -1.9265910524561389     
   156.00000000000006      -0.87931166627380608     
   156.80000000000007       0.54916961539608145     
   157.60000000000008        1.7855512989947335     
   158.40000000000009        1.9986873354065866     
   159.20000000000010        1.0453119199891836     
   160.00000000000011      -0.36731370488291204     
   160.80000000000013       -1.6661758280178516     
   161.60000000000014       -2.0458105158254090     
   162.40000000000015       -1.2035288901838921     
   163.20000000000016       0.18034214496392420     
   164.00000000000017        1.5251390435681940     
   164.80000000000018        2.0683856932843465     
   165.60000000000019        1.3572395827175827     
   166.40000000000020        1.4227255193211885E-002
   167.20000000000022       -1.3641303742576234     
   168.00000000000023       -2.0667264657289741     
   168.80000000000024       -1.5065396282242789     
   169.60000000000025      -0.21483932143659135     
   170.40000000000026        1.1880102898745692     
   171.20000000000027        2.0412588211439737     
   172.00000000000028        1.6478512158115852     
   172.80000000000030       0.41621908172532684     
   173.60000000000031       -1.0039205212767155     
   174.40000000000032       -1.9931684383468158     
   175.20000000000033       -1.7752901706090569     
   176.00000000000034      -0.61149688302637961     
   176.80000000000035       0.81878736745684555     
   177.60000000000036        1.9241947295935975     
   178.40000000000038        1.8829845201831301     
   179.20000000000039       0.79538559886071458     
   180.00000000000040      -0.63623146309138945     
   180.80000000000041       -1.8353735523441055     
   181.60000000000042       -1.9670753428852623     
   182.40000000000043      -0.96669847440564594     
   183.20000000000044       0.45508718352136368     
   184.00000000000045        1.7262020237610012     
   184.80000000000047        2.0262217021596536     
   185.60000000000048        1.1282118324527006     
   186.40000000000049      -0.27104372755603712     
   187.20000000000050       -1.5955667117571195     
   188.00000000000051       -2.0605890640988469     
   188.80000000000052       -1.2838579733277673     
   189.60000000000053        8.0229631187372918E-002
   190.40000000000055        1.4438004055869182     
   191.20000000000056        2.0705689627243755     
   192.00000000000057        1.4354773199424375     
   192.80000000000058       0.11787950412046322     
   193.60000000000059       -1.2741977793454033     
   194.40000000000060       -2.0564519395842700     
   195.20000000000061       -1.5812295001236976     
   196.00000000000063      -0.31968132773821045     
   196.80000000000064        1.0929964678389705     
   197.60000000000065        2.0190170116936406     
   198.40000000000066        1.7161129345884447     
   199.20000000000067       0.51873275448081735     
   200.00000000000068      -0.90762035326410628     
   200.80000000000069       -1.9598588100796328     
   201.60000000000070       -1.8339482623788552     
   202.40000000000072      -0.70856086760287385     
   203.20000000000073       0.72364726403459811     
   204.00000000000074        1.8805389663387768     
   204.80000000000075        1.9297189784032760     
   205.60000000000076       0.88579966325431347     
   206.40000000000077      -0.54223038304249727     
   207.20000000000078       -1.7813024019094965     
   208.00000000000080       -2.0009098075954315     
   208.80000000000081       -1.0515249712947965     
   209.60000000000082       0.36018775388038815     
   210.40000000000083        1.6610982085961234     
   211.20000000000084        2.0471374027251890     
   212.00000000000085        1.2095600289592765     
   212.80000000000086      -0.17296233827777296     
   213.60000000000088       -1.5192945238396822     
   214.40000000000089       -2.0688045503877674     
   215.20000000000090       -1.3630955981260924     
   216.00000000000091       -2.1833029428179440E-002
   216.80000000000092        1.3576517036510272     
   217.60000000000093        2.0662193892896306     
   218.40000000000094        1.5121276494642184     
   219.20000000000095       0.22254113569866862     
   220.00000000000097       -1.1811067898542487     
   220.80000000000098       -2.0398389371961163     
   221.60000000000099       -1.6529961714872350     
   222.40000000000100      -0.42380745376915230     
   223.20000000000101       0.99684289822813210     
   224.00000000000102        1.9908948518005984     
   224.80000000000103        1.7797819531461607     
   225.60000000000105       0.61875203469926454     
   226.40000000000106      -0.81173809158749544     
   227.20000000000107       -1.9211376895077259     
   228.00000000000108       -1.8866453937435868     
   228.80000000000109      -0.80218038465954655     
   229.60000000000110       0.62926728095065254     
   230.40000000000111        1.8315573817427453     
   231.20000000000113        1.9698079428451964     
   232.00000000000114       0.97305882725789128     
   232.80000000000115      -0.44810465478359895     
   233.60000000000116       -1.7215951874907331     
   234.40000000000117       -2.0280030813419123     
   235.20000000000118       -1.1342705488298468     
   236.00000000000119       0.26387590214712286     
   236.80000000000121        1.5901423547662819     
   237.60000000000122        2.0614271674514888     
   238.40000000000123        1.2897353392003839     
   239.20000000000124       -7.2778949355682077E-002
   240.00000000000125       -1.4376159086369915     
   240.80000000000126       -2.0704718036108813     
   241.60000000000127       -1.4411801796653829     
   242.40000000000128      -0.12556084733615402     
   243.20000000000130        1.2674338155234126     
   244.00000000000131        2.0554368518905690     
   244.80000000000132        1.5866247303666101     
   245.60000000000133       0.32739397888413890     
   246.40000000000134       -1.0859285344445684     
   247.20000000000135       -2.0171345534057954     
   248.00000000000136       -1.7209747401449436     
   248.80000000000138      -0.52620883601407287     
   249.60000000000139       0.90052065023683414     
   250.40000000000140        1.9571818182030012     
   251.20000000000141        1.8380486162801986     
   252.00000000000142       0.71559192481908918     
   252.80000000000143      -0.71665769033571936     
   253.60000000000144       -1.8771092214883085     
   254.40000000000146       -1.9329088146497158     
   255.20000000000147      -0.89234093602444520     
   256.00000000000148       0.53530081583180045     
   256.80000000000149        1.7770966218536108     
   257.60000000000150        2.0031397597796241     
   258.40000000000151        1.0576901377132115     
   259.20000000000152      -0.35314350812102502     
   260.00000000000153       -1.6560680122099332     
   260.80000000000155       -2.0484166150929619     
   261.60000000000156       -1.2155066430204202     
   262.40000000000157       0.16564969222056680     
   263.20000000000158        1.5134509248451744     
   264.00000000000159        2.0691492816167414     
   264.80000000000160        1.3688950732739564     
   265.60000000000161        2.9432025169249476E-002
   266.40000000000163       -1.3511248389879853     
   267.20000000000164       -2.0656410253866877     
   268.00000000000165       -1.5177044751788191     
   268.80000000000166      -0.23028087554498899     
   269.60000000000167        1.1741430497981644     
   270.40000000000168        2.0383687096559742     
   271.20000000000169        1.6581514575741112     
   272.00000000000171       0.43143238626910985     
   272.80000000000172      -0.98973325816066327     
   273.60000000000173       -1.9885965910190579     
   274.40000000000174       -1.7842738379061878     
   275.20000000000175      -0.62600963028594259     
   276.00000000000176       0.80469658356408691     
   276.80000000000177        1.9180722453010788     
   277.60000000000178        1.8902817909727276     
   278.40000000000180       0.80894530747183224     
   279.20000000000181      -0.62233015317282825     
   280.00000000000182       -1.8277309890004285     
   280.80000000000183       -1.9724970996452660     
   281.60000000000184      -0.97938207832039226     
   282.40000000000185       0.44113902968230601     
   283.20000000000186        1.7169629350118454     
   284.00000000000188        2.0297353814944752     
   284.80000000000189        1.1403069674332031     
   285.60000000000190      -0.25670134721392923     
   286.40000000000191       -1.5846787686141515     
   287.20000000000192       -2.0622201635150330     
   288.00000000000193       -1.2956083910061538     
   288.80000000000194        6.5306321829161407E-002
   289.60000000000196        1.4313920055660283     
   290.40000000000197        2.0703366875712188     
   291.20000000000198        1.4468844572794950     
   292.00000000000199       0.13326063359487250     
   292.80000000000200       -1.2606450971379588     
   293.60000000000201       -2.0543906367385025     
   294.40000000000202       -1.5920125209373244     
   295.20000000000203      -0.33510760231031278     
   296.00000000000205        1.0788563010780652     
   296.80000000000206        2.0152259973806177     
   297.60000000000207        1.7258135162929569     
   298.40000000000208       0.53366737719329027     
   299.20000000000209      -0.89343061551370306     
   300.00000000000210       -1.9544801031694596     
   300.80000000000211       -1.8421133423429614     
   301.60000000000213      -0.72259726439361405     
   302.40000000000214       0.70967821863438862     
   303.20000000000215        1.8736514928264976     
   304.00000000000216        1.9360581926967455     
   304.80000000000217       0.89886110298051114     
   305.60000000000218      -0.52837119934710408     
   306.40000000000219       -1.7728576117176174     
   307.20000000000221       -2.0053305796414098     
   308.00000000000222       -1.0638448156890707     
   308.80000000000223       0.34608807142634501     
   309.60000000000224        1.6510024117804567     
   310.40000000000225        2.0496597169077564     
   311.20000000000226        1.2214501533737141     
   312.00000000000227      -0.15832180895226555     
   312.80000000000229       -1.5075760784196921     
   313.60000000000230       -2.0694597482010222     
   314.40000000000231       -1.3746907966371802     
   315.20000000000232       -3.7041353742632621E-002
   316.00000000000233        1.3445766621392299     
   316.80000000000234        2.0650292704107307     
   317.60000000000235        1.5232698643916949     
   318.40000000000236       0.23802023489671775     
   319.20000000000238       -1.1671703393829012     
   320.00000000000239       -2.0368664096620317     
   320.80000000000240       -1.6632847296030389     
   321.60000000000241      -0.43904554629845483     
   322.40000000000242       0.98262473347170554     
   323.20000000000243        1.9862680805850517     
   324.00000000000244        1.7887346757620088     
   324.80000000000246       0.63324844281406523     
   325.60000000000247      -0.79765988282674383     
   326.40000000000248       -1.9149772764319768     
   327.20000000000249       -1.8938823177902093     
   328.00000000000250      -0.81569153173692932     
   328.80000000000251       0.61539429064458306     
   329.60000000000252        1.8238738558361827     
   330.40000000000254        1.9751495539488912     
   331.20000000000255       0.98569213767889630     
   332.00000000000256      -0.43416755799875473     
   332.80000000000257       -1.7122984867270807     
   333.60000000000258       -2.0314318601703905     
   334.40000000000259       -1.1463361652978787     
   335.20000000000260       0.24951576186758717     
   336.00000000000261        1.5791841708283427     
   336.80000000000263        2.0629778977875226     
   337.60000000000264        1.3014761509243176     
   338.40000000000265       -5.7822955106224594E-002
   339.20000000000266       -1.4251426412872257     
   340.00000000000267       -2.0701664189821480     
   340.80000000000268       -1.4525797909274933     
   341.60000000000269      -0.14096503874208333     
   342.40000000000271        1.2538404598180790     
   343.20000000000272        2.0533102058829504     
   344.00000000000273        1.5973834480952374     
   344.80000000000274       0.34281606666335485     
   345.60000000000275       -1.0717790550581587     
   346.40000000000276       -2.0132856037620188     
   347.20000000000277       -1.7306262810394353     
   348.00000000000279      -0.54111141009130725     
   348.80000000000280       0.88634340523240329     
   349.60000000000281        1.9517489300155388     
   350.40000000000282        1.8461450123954233     
   351.20000000000283       0.72958368930466388     
   352.00000000000284      -0.70270262825527885     
   352.80000000000285       -1.8701645830427280     
   353.60000000000286       -1.9391712925973437     
   354.40000000000288      -0.90536460294532461     
   355.20000000000289       0.52144019153219689     
   356.00000000000290        1.7685877155799945     
   356.80000000000291        2.0074848836799792     
   357.60000000000292        1.0699888355138345     
   358.40000000000293      -0.33902435893691707     
   359.20000000000294       -1.6459049968195534     
   360.00000000000296       -2.0508669300250024     
   360.80000000000297       -1.2273876068900125     
   361.60000000000298       0.15098240269336127     
   362.40000000000299        1.5016722263262574     
   363.20000000000300        2.0697346388379776     
   364.00000000000301        1.3804800436017111     
   364.80000000000302        4.4659295740664628E-002
   365.60000000000304       -1.3380070885263131     
   366.40000000000305       -2.0643825450120761     
   367.20000000000306       -1.5288229249016574     
   368.00000000000307      -0.24575985708420678     
   368.80000000000308        1.1601871526129479     
   369.60000000000309        2.0353310935410760     
   370.40000000000310        1.6683966351779129     
   371.20000000000312       0.44664852860845206     
   372.00000000000313      -0.97551599400576583     
   372.80000000000314       -1.9839093366108005     
   373.60000000000315       -1.7931655083401197     
   374.40000000000316      -0.64046950176413553     
   375.20000000000317       0.79062775706483235     
   376.00000000000318        1.9118535074591985     
   376.80000000000319        1.8974475418756969     
   377.60000000000321       0.82241901560305775     
   378.40000000000322      -0.60846034879158606     
   379.20000000000323       -1.8199868145631539     
   380.00000000000324       -1.9777652192652200     
   380.80000000000325      -0.99198835666989771     
   381.60000000000326       0.42719098281364287     
   382.40000000000327        1.7076022678738465     
   383.20000000000329        2.0330920656489493     
   384.00000000000330        1.1523575877004768     
   384.80000000000331      -0.24231940301642818     
   385.60000000000332       -1.5736584934766971     
   386.40000000000333       -2.0636999304088106     
   387.20000000000334       -1.3073384732203768     
   388.00000000000335        5.0328649652332080E-002
   388.80000000000337        1.4188675794286290     
   389.60000000000338        2.0699608131508431     
   390.40000000000339        1.4582662866251350     
   391.20000000000340       0.14867429616127570     
   392.00000000000341       -1.2470198993529329     
   392.80000000000342       -2.0521956891646420     
   393.60000000000343       -1.6027375576647285     
   394.40000000000344      -0.35051929758817613     
   395.20000000000346        1.0646971361358122     
   396.00000000000347        2.0113136968303462     
   396.80000000000348        1.7354128811818623     
   397.60000000000349       0.54854059317481862     
   398.40000000000350      -0.87925944631879194     
   399.20000000000351       -1.9489885777755052     
   400.00000000000352       -1.8501433656104918     
   400.80000000000354      -0.73655090510640320     
   401.60000000000355       0.69573108975642994     
   402.40000000000356        1.8666485443245846     
   403.20000000000357        1.9422478992523649     
   404.00000000000358       0.91185142040371425     
   404.80000000000359      -0.51450761617232255     
   405.60000000000360       -1.7642867954528880     
   406.40000000000362       -2.0096025680976233     
   407.20000000000363       -1.0761224056103551     
   408.00000000000364       0.33195205619589396     
   408.80000000000365        1.6407756479485203     
   409.60000000000366        2.0520382402793520     
   410.40000000000367        1.2333191993864432     
   411.20000000000368      -0.14363131012898922     
   412.00000000000369       -1.4957394672029758     
   412.80000000000371       -2.0699740016774144     
   413.60000000000372       -1.3862627985214537     
   414.40000000000373       -5.2285704262659438E-002
   415.20000000000374        1.3314164872664436     
   416.00000000000375        2.0637009603053951     
   416.80000000000376        1.5343633929600080     
   417.60000000000377       0.25349933197961283     
   418.40000000000379       -1.1531939958462787     
   419.20000000000380       -2.0337629147456582     
   420.00000000000381       -1.6734867849952131     
   420.80000000000382      -0.45424088170000654     
   421.60000000000383       0.96840742528190038     
   422.40000000000384        1.9815204688741761     
   423.20000000000385        1.7975660063553021     
   424.00000000000387       0.64767257668248845     
   424.80000000000388      -0.78360026319485843     
   425.60000000000389       -1.9087009190903150     
   426.40000000000390       -1.9009773073180161     
   427.20000000000391      -0.82912785283103618     
   428.00000000000392       0.60152807823687104     
   428.80000000000393        1.8160697500698164     
   429.60000000000394        1.9803440895460700     
   430.40000000000396       0.99827101381323491     
   431.20000000000397      -0.42020898310104426     
   432.00000000000398       -1.7028742125068874     
   432.80000000000399       -2.0347160429305258     
   433.60000000000400       -1.1583714499528108     
   434.40000000000401       0.23511212435405615     
   435.20000000000402        1.5681018507347428     
   436.00000000000404        2.0643862936548190     
   436.80000000000405        1.3131953462072243     
   437.60000000000406       -4.2823536203411949E-002
   438.40000000000407       -1.4125671433493858     
   439.20000000000408       -2.0697199053557136     
   440.00000000000409       -1.4639436974302971     
   440.80000000000410      -0.15638804867771317     
   441.60000000000412        1.2401838659594255     
   442.40000000000413        2.0510471651065147     
   443.20000000000414        1.6080744762593802     
   444.00000000000415       0.35821686818587173     
   444.80000000000416       -1.0576109479344320     
   445.60000000000417       -2.0093103785048250     
   446.40000000000418       -1.7401729731334876     
   447.20000000000420      -0.55595463624014063     
   448.00000000000421       0.87217890573291612     
   448.80000000000422        1.9461990889796486     
   449.60000000000423        1.8541082051080777     
   450.40000000000424       0.74349889697121885     
   451.20000000000425      -0.68876347218042699     
   452.00000000000426       -1.8631033212493906     
   452.80000000000427       -1.9452879706256467     
   453.60000000000429      -0.91832176830522894     
   454.40000000000430       0.50757318507321458     
   455.20000000000431        1.7599547767667549     
   456.00000000000432        2.0116836637504782     
   456.80000000000433        1.0822457673379775     
   457.60000000000434      -0.32487094796554716     
   458.40000000000435       -1.6356144003667412     
   459.20000000000437       -2.0531736718596716     
   460.00000000000438       -1.2392450115939511     
   460.80000000000439       0.13626854086172768     
   461.60000000000440        1.4897780209340905     
   462.40000000000441        2.0701778479422375     
   463.20000000000442        1.3920389150455041     
   464.00000000000443        5.9920329070739964E-002
   464.80000000000445       -1.3248052439382860     
   465.60000000000446       -2.0629845626141901     
   466.40000000000447       -1.5398909499180751     
   467.20000000000448      -0.26123826276829054     
   468.00000000000449        1.1461913042479279     
   468.80000000000450        2.0321619731944924     
   469.60000000000451        1.6785548165407436     
   470.40000000000452       0.46182223695296853     
   471.20000000000454      -0.96129932505440041     
   472.00000000000455       -1.9791015671284020     
   472.80000000000456       -1.8019359006486559     
   473.60000000000457      -0.65485751133655423     
   474.40000000000458       0.77657741720027618     
   475.20000000000459        1.9055195091802815     
   476.00000000000460        1.9044715020743659     
   476.80000000000462       0.83581815574181628     
   477.60000000000463      -0.59459724929225399     
   478.40000000000464       -1.8121225851488985     
   479.20000000000465       -1.9828861673069527     
   480.00000000000466       -1.0045403572590272     
   480.80000000000467       0.41322128547601200     
   481.60000000000468        1.6981142862931013     
   482.40000000000470        2.0363038207071691     
   483.20000000000471        1.1643779258956863     
   484.00000000000472      -0.22789381365943018     
   484.80000000000473       -1.5625143645378843     
   485.60000000000474       -2.0650369992119200     
   486.40000000000475       -1.3190467362855240     
   487.20000000000476        3.5307749121016530E-002
   488.00000000000477        1.4062416432940925     
   488.80000000000479        2.0694437199033535     
   489.60000000000480        1.4696117791459757     
   490.40000000000481       0.16410595575492004     
   491.20000000000482       -1.2333327909767628     
   492.00000000000483       -2.0498647130736769     
   492.80000000000484       -1.6133938457628985     
   493.60000000000485      -0.36590837044086899     
   494.40000000000487        1.0505208813231717     
   495.20000000000488        2.0072757575743654     
   496.00000000000489        1.7449062276689653     
   496.80000000000490       0.56335325991022733     
   497.60000000000491      -0.86510194657772366     
   498.40000000000492       -1.9433805123972407     
   499.20000000000493       -1.8580393405561635     
   500.00000000000495      -0.75042765151885815     
   500.80000000000496       0.68179964711954466     
   501.60000000000497        1.8595288615626955     
   502.40000000000498        1.9482914633125807     
   503.20000000000499       0.92477585480833824     
   504.00000000000500      -0.50063661519555258     
   504.80000000000501       -1.7555915859980973     
   505.60000000000502       -2.0137281964326523     
   506.40000000000504       -1.0883591555162735     
   507.20000000000505       0.31778082359087678     
   508.00000000000506        1.6304212899614874     
   508.80000000000507        2.0542732454275940     
   509.60000000000508        1.2451651191501978     
   510.40000000000509      -0.12889410781159172     
   511.20000000000510       -1.4837881093726353     
   512.00000000000512       -2.0703461899230771     
   512.80000000000507       -1.3978082436865806     
   513.60000000000502       -6.7562916772207160E-002
   514.40000000000498        1.3181737471963517     
   515.20000000000493        2.0622334029194356     
   516.00000000000489        1.5454052756246839     
   516.80000000000484       0.26897625048144858     
   517.60000000000480       -1.1391795135937495     
   518.40000000000475       -2.0305283725567613     
   519.20000000000471       -1.6836003682020397     
   520.00000000000466      -0.46939222806839531     
   520.80000000000462       0.95419198548783357     
   521.60000000000457        1.9766527200105453     
   522.40000000000452        1.8062749255718682     
   523.20000000000448       0.66202415709375151     
   524.00000000000443      -0.76955922537872379     
   524.80000000000439       -1.9023092710792802     
   525.60000000000434       -1.9079300180997485     
   526.40000000000430      -0.84249004441074882     
   527.20000000000425       0.58766762567133468     
   528.00000000000421        1.8081452402134963     
   528.80000000000416        1.9853914571005444     
   529.60000000000412        1.0107966370785884     
   530.40000000000407      -0.40622761771476501     
   531.20000000000402       -1.6933224578424673     
   532.00000000000398       -2.0378554277608485     
   532.80000000000393       -1.1703771845482063     
   533.60000000000389       0.22066436617249763     
   534.40000000000384        1.5568961637446532     
   535.20000000000380        2.0656520591421978     
   536.00000000000375        1.3248926018459870     
   536.80000000000371       -2.7781432048317178E-002
   537.60000000000366       -1.3998913966733266     
   538.40000000000362       -2.0691322832578551     
   539.20000000000357       -1.4752702807609515     
   540.00000000000352      -0.17182767035384372     
   540.80000000000348        1.2264671085819656     
   541.60000000000343        2.0486484148095760     
   542.40000000000339        1.6186953058102300     
   543.20000000000334       0.37359339673547942     
   544.00000000000330       -1.0434273220827226     
   544.80000000000325       -2.0052099420900973     
   545.60000000000321       -1.7496123188474502     
   546.40000000000316      -0.57073619310039603     
   547.20000000000312       0.85802872052356394     
   548.00000000000307        1.9405328925578862     
   548.80000000000302        1.8619365877214433     
   549.60000000000298       0.75733716627693326     
   550.40000000000293      -0.67483947609750849     
   551.20000000000289       -1.8559251097121183     
   552.00000000000284       -1.9512583384738362     
   552.80000000000280      -0.93121389360513396     
   553.60000000000275       0.49369762177708232     
   554.40000000000271        1.7511971514313069     
   555.20000000000266        2.0157361930274300     
   556.00000000000261        1.0944628019364040     
   556.80000000000257      -0.31068147902766330     
   557.60000000000252       -1.6251963590773510     
   558.40000000000248       -2.0553369810254751     
   559.20000000000243       -1.2510795893479281     
   560.00000000000239       0.12150803383325925     
   560.80000000000234        1.4777699619837810     
   561.60000000000230        2.0704790404581050     
   562.40000000000225        1.4035706265883368     
   563.20000000000221        7.5213205808231320E-002
   564.00000000000216       -1.3115223904410753     
   564.80000000000211       -2.0614475343687388     
   565.60000000000207       -1.5509060455201094     
   566.40000000000202      -0.27671289365893914     
   567.20000000000198        1.1321590578085701     
   568.00000000000193        2.0288622175256088     
   568.80000000000189        1.6886230797226203     
   569.60000000000184       0.47695049416010016     
   570.40000000000180      -0.94708568942547600     
   571.20000000000175       -1.9741740135587773     
   572.00000000000171       -1.8105828211544608     
   572.80000000000166      -0.66917237606284785     
   573.60000000000161       0.76254568245801857     
   574.40000000000157        1.8990701940758414     
   575.20000000000152        1.9113527531425516     
   576.00000000000148       0.84914364751318616     
   576.80000000000143      -0.58073896534250280     
   577.60000000000139       -1.8041376350326941     
   578.40000000000134       -1.9878599660178047     
   579.20000000000130       -1.0170401039763819     
   580.00000000000125       0.39922771090473042     
   580.80000000000121        1.6884987003018566     
   581.60000000000116        2.0393708924717968     
   582.40000000000111        1.1763693883533528     
   583.20000000000107      -0.21342368611451956     
   584.00000000000102       -1.5512473845655654     
   584.80000000000098       -2.0662314851146499     
   585.60000000000093       -1.3307328924199076     
   586.40000000000089        2.0244737960692039E-002
   587.20000000000084        1.3935167273249323     
   588.00000000000080        2.0687856234638300     
   588.80000000000075        1.4809189447567799     
   589.60000000000070       0.17955283995915106     
   590.40000000000066       -1.2195872546017843     
   591.20000000000061       -2.0473983541748080     
   592.00000000000057       -1.6239784946744766     
   592.80000000000052      -0.38127154101445115     
   593.60000000000048        1.0363306501086254     
   594.40000000000043        2.0031130394181629     
   595.20000000000039        1.7542909247247505     
   596.00000000000034       0.57810317351587992     
   596.80000000000030      -0.85095936787849458     
   597.60000000000025       -1.9376562701073423     
   598.40000000000020       -1.8657997686049510     
   599.20000000000016      -0.76422744930530762     
   600.00000000000011       0.66788281131524951     
   600.80000000000007        1.8522920073296885     
   601.60000000000002        1.9541885615174301     
   602.39999999999998       0.93763610314370438     
   603.19999999999993      -0.48675591908425808     
   603.99999999999989       -1.7467714034401169     
   604.79999999999984       -2.0177076811265091     
   605.59999999999980       -1.1005569348274840     
   606.39999999999975       0.30357271709988232     
   607.19999999999970        1.6199396564530588     
   607.99999999999966        2.0563648979156577     
   608.79999999999961        1.2569884810962291     
   609.59999999999957      -0.11411035151064586     
   610.39999999999952       -1.4717238155767625     
   611.19999999999948       -2.0705764129967537     
   611.99999999999943       -1.4093258978092420     
   612.79999999999939       -8.2870926823182867E-002
   613.59999999999934        1.3048515715256201     
   614.39999999999930        2.0606270123832937     
   615.19999999999925        1.5563929309798592     
   615.99999999999920       0.28444778868121712     
   616.79999999999916       -1.1251303687327949     
   617.59999999999911       -2.0271636138176596     
   618.39999999999907       -1.6936225924276354     
   619.19999999999902      -0.48449667994303414     
   619.99999999999898       0.93998071031843300     
   620.79999999999893        1.9716655311576363     
   621.59999999999889        1.8148593331156113     
   622.39999999999884       0.67630204102492097     
   623.19999999999879      -0.75553677178670253     
   623.99999999999875       -1.8958022634457323     
   624.79999999999870       -1.9147396105777434     
   625.59999999999866      -0.85577910202008867     
   626.39999999999861       0.57381102087115954     
   627.19999999999857        1.8000996888768250     
   627.99999999999852        1.9902917035028409     
   628.79999999999848        1.0232710089762458     
   629.59999999999843      -0.39222129969049013     
   630.39999999999839       -1.6836429914626185     
   631.19999999999834       -2.0408502427642881     
   631.99999999999829       -1.1823546930490187     
   632.79999999999825       0.20617168673321129     
   633.59999999999820        1.5455681705716191     
   634.39999999999816        2.0667752884916437     
   635.19999999999811        1.3365675487359112     
   635.99999999999807       -1.2697829071478539E-002
   636.79999999999802       -1.3871179654186050     
   637.59999999999798       -2.0684037702440961     
   638.39999999999793       -1.4865575072688861     
   639.19999999999789      -0.18728110677331333     
   639.99999999999784        1.2126936662928021     
   640.79999999999779        2.0461146171119777     
   641.59999999999775        1.6292430494671371     
   642.39999999999770       0.38894239905760775     
   643.19999999999766       -1.0292312391421923     
   643.99999999999761       -2.0009851560840577     
   644.79999999999757       -1.7589417274936332     
   645.59999999999752      -0.58545394784256799     
   646.39999999999748       0.84389401749991921     
   647.19999999999743        1.9347506817305720     
   647.99999999999739        1.8696287114307928     
   648.79999999999734       0.77109851911631044     
   649.59999999999729      -0.66092949586011485     
   650.39999999999725       -1.8486294933497704     
   651.19999999999720       -1.9570821019744262     
   651.99999999999716      -0.94404270633934684     
   652.79999999999711       0.47981122073542837     
   653.59999999999707        1.7423142746758666     
   654.39999999999702        2.0196426889313677     
   655.19999999999698        1.1066417786061136     
   655.99999999999693      -0.29645434769123269     
   656.79999999999688       -1.6146512373204815     
   657.59999999999684       -2.0573570145980384     
   658.39999999999679       -1.2628918448550026     
   659.19999999999675       0.10670110315311043     
   659.99999999999670        1.4656499142610437     
   660.79999999999666        2.0706383216836119     
   661.59999999999661        1.4150738834257555     
   662.39999999999657        9.0535802825906675E-002
   663.19999999999652       -1.2981616925563499     
   663.99999999999648       -2.0597718946722283     
   664.79999999999643       -1.5618655995242157     
   665.59999999999638      -0.29218053006174594     
   666.39999999999634        1.1180938758055663     
   667.19999999999629        2.0254326680480981     
   667.99999999999625        1.6985985494437326     
   668.79999999999620       0.49203043603750052     
   669.59999999999616      -0.93287731199287216     
   670.39999999999611       -1.9691273534030409     
   671.19999999999607       -1.8191042129580099     
   671.99999999999602      -0.68341303551174537     
   672.79999999999598       0.74853246541086094     
   673.59999999999593        1.8925054604975273     
   674.39999999999588        1.9180904993308523     
   675.19999999999584       0.86239655297192463     
   675.99999999999579      -0.56688353974684147     
   676.79999999999575       -1.7960313207134997     
   677.59999999999570       -1.9926866812174677     
   678.39999999999566       -1.0294896031015708     
   679.19999999999561       0.38520812256954251     
   679.99999999999557        1.6787553139230005     
   680.79999999999552        2.0422935060552763     
   681.59999999999548        1.1883332474939019     
   682.39999999999543      -0.19890829039774660     
   683.19999999999538       -1.5398586727213137     
   683.99999999999534       -2.0672834803900990     
   684.79999999999529       -1.3423965027450122     
   685.59999999999525        5.1408767445693115E-003
   686.39999999999520        1.3806954473344968     
   687.19999999999516        2.0679867550660345     
   687.99999999999511        1.4921856982518182     
   688.79999999999507       0.19501210794500379     
   689.59999999999502       -1.2057867820769570     
   690.39999999999498       -2.0447972915908572     
   691.19999999999493       -1.6344886063641186     
   691.99999999999488      -0.39660556879144382     
   692.79999999999484        1.0221294564783043     
   693.59999999999479        1.9988263976220697     
   694.39999999999475        1.7635644136446436     
   695.19999999999470       0.59278827194508610     
   695.99999999999466      -0.83683278672417294     
   696.79999999999461       -1.9318161601035411     
   697.59999999999457       -1.8734232506372492     
   698.39999999999452      -0.77795040456824949     
   699.19999999999447       0.65397936395653322     
   699.99999999999443        1.8449375041591667     
   700.79999999999438        1.9599389333646677     
   701.59999999999434       0.95043393025030642     
   702.39999999999429      -0.47286324005876246     
   703.19999999999425       -1.7378257002733337     
   703.99999999999420       -2.0215412451433883     
   704.79999999999416       -1.1127175536026874     
   705.59999999999411       0.28932618795295251     
   706.39999999999407        1.6093311635074719     
   707.19999999999402        2.0583133488215077     
   707.99999999999397        1.2687897225605984     
   708.79999999999393       -9.9280340798044930E-002
   709.59999999999388       -1.4595485094053238     
   710.39999999999384       -2.0706647814416130     
   711.19999999999379       -1.4208144016313859     
   711.99999999999375       -9.8207549341748468E-002
   712.79999999999370        1.2914531597046326     
   713.59999999999366        2.0588822412483831     
   714.39999999999361        1.5673237150184920     
   715.19999999999357       0.29991071071990971     
   715.99999999999352       -1.1110500057716881     
   716.79999999999347       -2.0236694876105918     
   717.59999999999343       -1.7035505959001749     
   718.39999999999338      -0.49955141924181845     
   719.19999999999334       0.92577574845131161     
   719.99999999999329        1.9665595579787158     
   720.79999999999325        1.8233172180387291     
   721.59999999999320       0.69050525384875283     
   722.39999999999316      -0.74153272418276917     
   723.19999999999311       -1.8891797626316067     
   723.99999999999307       -1.9214053337854353     
   724.79999999999302      -0.86899615322798907     
   725.59999999999297       0.55995626472769389     
   726.39999999999293        1.7919324494109423     
   727.19999999999288        1.9950449129002863     
   727.99999999999284        1.0356961370465962     
   728.79999999999279      -0.37818792219252395     
   729.59999999999275       -1.6738356552522879     
   730.39999999999270       -2.0437007092045540     
   731.19999999999266       -1.1943051934924989     
   731.99999999999261       0.19163342869523547     
   732.79999999999256        1.5341190493886605     
   733.59999999999252        2.0677560717442267     
   734.39999999999247        1.3482196776451372     
   735.19999999999243        2.4259385903053765E-003
   735.99999999999238       -1.3742495155430243     
   736.79999999999234       -2.0675346112055908     
   737.59999999999229       -1.4978032416423817     
   738.39999999999225      -0.20274547579413071     
   739.19999999999220        1.1988670412804574     
   739.99999999999216        2.0434464675495652     
   740.79999999999211        1.6397148008261435     
   741.59999999999206       0.40426065059243554     
   742.39999999999202       -1.0150256626840448     
   743.19999999999197       -1.9966368684252804     
   743.99999999999193       -1.7681586741160338     
   744.79999999999188      -0.60010591104919930     
   745.59999999999184       0.82977578131186713     
   746.39999999999179        1.9288527338509114     
   747.19999999999175        1.8771832268576221     
   747.99999999999170       0.78478314474565525     
   748.79999999999166      -0.64703224122389313     
   749.59999999999161       -1.8412159737495155     
   750.39999999999156       -1.9627590330601263     
   751.19999999999152      -0.95681000575376496     
   751.99999999999147       0.46591169044337888     
   752.79999999999143        1.7333056180518984     
   753.59999999999138        2.0234033788593289     
   754.39999999999134        1.1187844757979586     
   755.19999999999129      -0.28218806250026107     
   755.99999999999125       -1.6039795035339477     
   756.79999999999120       -2.0592339176009431     
   757.59999999999116       -1.2746821475613066     
   758.39999999999111        9.1848126204016278E-002
   759.19999999999106        1.4534198595875649     
   759.99999999999102        2.0706558080538313     
   760.79999999999097        1.4265472628434535     
   761.59999999999093       0.10588587457572851     
   762.39999999999088       -1.2847263830058502     
   763.19999999999084       -2.0579581144368206     
   763.99999999999079       -1.5727669378807558     
   764.79999999999075      -0.30763792226625730     
   765.59999999999070        1.1039991823792226     
   766.39999999999065        2.0218741805519524     
   767.19999999999061        1.7084783791334788     
   767.99999999999056       0.50705929280837103     
   768.79999999999052      -0.91867626367734734     
   769.59999999999047       -1.9639622195367388     
   770.39999999999043       -1.8274981116376039     
   771.19999999999038      -0.69757860119003734     
   771.99999999999034       0.73453749787948097     
   772.79999999999029        1.8858251434062883     
   773.59999999999025        1.9246840336873503     
   774.39999999999020       0.87557806321009002     
   775.19999999999015      -0.55302893418515353     
   775.99999999999011       -1.7878029939403159     
   776.79999999999006       -1.9973664142278293     
   777.59999999999002       -1.0418908608541071     
   778.39999999998997       0.37116044565205231     
   779.19999999998993        1.6688840081475351     
   779.99999999998988        2.0450718784713686     
   780.79999999998984        1.2002706656323765     
   781.59999999998979      -0.18434704251527068     
   782.39999999998975       -1.5283494663837078     
   783.19999999998970       -2.0681930733721625     
   783.99999999998965       -1.3540369879147947     
   784.79999999998961       -1.0002427530189983E-002
   785.59999999998956        1.3677805184774723     
   786.39999999998952        2.0670473738082311     
   787.19999999998947        1.5034098555278326     
   787.99999999998943       0.21048083804381079     
   788.79999999998938       -1.1919348838654409     
   789.59999999998934       -2.0420622368288024     
   790.39999999998929       -1.6449212678209690     
   791.19999999998925      -0.41190724759429975     
   791.99999999998920        1.0079202113174077     
   792.79999999998915        1.9944166715949396     
   793.59999999998911        1.7727242044412410     
   794.39999999998906       0.60740663991831778     
   795.19999999998902      -0.82272309540408850     
   795.99999999998897       -1.9258604275122388     
   796.79999999998893       -1.8809084868964536     
   797.59999999998888      -0.79159678882839679     
   798.39999999998884       0.64008794494450916     
   799.19999999998879        1.8374648338762112     
