   0.0000000000000000      -0.64421332197048065     
  0.80000000000000004        1.7602261692574079     
   1.6000000000000001        2.4167730891460648     
   2.4000000000000004       0.54059624192762690     
   3.2000000000000002       -2.0034551003330208     
   4.0000000000000000       -2.6281252019397900     
   4.7999999999999998      -0.47938974618957841     
   5.5999999999999996        2.3512949888564139     
   6.3999999999999995        2.8667341636693155     
   7.1999999999999993       0.33408737446594294     
   7.9999999999999991       -2.7447613271228697     
   8.7999999999999989       -2.9478796942515002     
   9.5999999999999996      -0.12046110756082351     
   10.400000000000000        2.9898075217028421     
   11.200000000000001        2.8521603778251952     
   12.000000000000002       -3.7587165789867427E-003
   12.800000000000002       -2.9252446560414698     
   13.600000000000003       -2.8004280313607355     
   14.400000000000004      -0.20083209581003292     
   15.200000000000005        2.5006990272215917     
   16.000000000000004        2.8952339848068518     
   16.800000000000004       0.74829666713973886     
   17.600000000000005       -1.7748589921891753     
   18.400000000000006       -2.8923433537479850     
   19.200000000000006       -1.4146182424251124     
   20.000000000000007       0.83116640644200901     
   20.800000000000008        2.4945809028581607     
   21.600000000000009        2.1313298297784109     
   22.400000000000009       0.40142520773769408     
   23.200000000000010       -1.4965221738388501     
   24.000000000000011       -2.4691724300174620     
   24.800000000000011       -1.5657087455986520     
   25.600000000000012       0.26408435340232717     
   26.400000000000013        2.0497892198308514     
   27.200000000000014        2.3927098517850673     
   28.000000000000014       0.93452182482575163     
   28.800000000000015       -1.1648472982262048     
   29.600000000000016       -2.6336660167951953     
   30.400000000000016       -1.8552104070633693     
   31.200000000000017       0.24020730833038861     
   32.000000000000014        2.3342096170100715     
   32.800000000000011        2.5370315746202574     
   33.600000000000009       0.68096747173588490     
   34.400000000000006       -1.7043521413933655     
   35.200000000000003       -2.8798672556205762     
   36.000000000000000       -1.3979008258152104     
   36.799999999999997        1.0548250544113533     
   37.599999999999994        2.8472382168558559     
   38.399999999999991        1.9901379082215791     
   39.199999999999989      -0.26902244918572871     
   39.999999999999986       -2.4027523473425405     
   40.799999999999983       -2.5401661375684466     
   41.599999999999980      -0.69180009539756560     
   42.399999999999977        1.5867573283824159     
   43.199999999999974        2.7758490064876784     
   43.999999999999972        1.5384384515701022     
   44.799999999999969      -0.67663199461954382     
   45.599999999999966       -2.5252996529532474     
   46.399999999999963       -2.2651871708823625     
   47.199999999999960      -0.37873512159593581     
   47.999999999999957        1.7755079322209233     
   48.799999999999955        2.6948033731576135     
   49.599999999999952        1.3436117243168066     
   50.399999999999949      -0.86860656898452770     
   51.199999999999946       -2.6114012602623147     
   51.999999999999943       -2.1255543435048292     
   52.799999999999940      -0.13308171880640862     
   53.599999999999937        2.0183888779316010     
   54.399999999999935        2.6700270760925258     
   55.199999999999932        1.0949588782285613     
   55.999999999999929       -1.2034770397189984     
   56.799999999999926       -2.7647877262521865     
   57.599999999999923       -1.8599467677038470     
   58.399999999999920       0.32276285636722690     
   59.199999999999918        2.3846665569632872     
   59.999999999999915        2.4953923144571046     
   60.799999999999912       0.66295765414814567     
   61.599999999999909       -1.6191994607638647     
   62.399999999999906       -2.7920125916566660     
   63.199999999999903       -1.4968320345651471     
   63.999999999999901       0.78117146461230025     
   64.799999999999898        2.6275203654882500     
   65.599999999999895        2.2014224351075082     
   66.399999999999892       0.19586872066493699     
   67.199999999999889       -1.9828130932210901     
   67.999999999999886       -2.6922432947156327     
   68.799999999999883       -1.1472781257951385     
   69.599999999999881        1.1330765702820436     
   70.399999999999878        2.7280620945859622     
   71.199999999999875        1.9224394168325358     
   71.999999999999872      -0.19578152402339954     
   72.799999999999869       -2.2664328946552752     
   73.599999999999866       -2.5459257322436857     
   74.399999999999864      -0.81460024593688196     
   75.199999999999861        1.4514265067718215     
   75.999999999999858        2.7710882890784090     
   76.799999999999855        1.6456557756041514     
   77.599999999999852      -0.57261584965597279     
   78.399999999999849       -2.5107144144498026     
   79.199999999999847       -2.3412466292203860     
   79.999999999999844      -0.43144725494849445     
   80.799999999999841        1.7942179033013905     
   81.599999999999838        2.7484404132198952     
   82.399999999999835        1.3302469210338432     
   83.199999999999832      -0.95452092550655188     
   83.999999999999829       -2.6896716148803308     
   84.799999999999827       -2.0675957092643991     
   85.599999999999824        5.4136993095883490E-003
   86.399999999999821        2.1426472142326745     
   87.199999999999818        2.6308495210677232     
   87.999999999999815       0.97192015861617564     
   88.799999999999812       -1.3174048859324405     
   89.599999999999810       -2.7707150315804920     
   90.399999999999807       -1.7652937283677810     
   91.199999999999804       0.42540752931997527     
   91.999999999999801        2.4266171727532475     
   92.799999999999798        2.4312071569199643     
   93.599999999999795       0.58634506583244272     
   94.399999999999793       -1.6587947277077553     
   95.199999999999790       -2.7654823960992649     
   95.999999999999787       -1.4585539194305541     
   96.799999999999784       0.80115724030488922     
   97.599999999999781        2.6230217867236174     
   98.399999999999778        2.1838271533054838     
   99.199999999999775       0.18056695347830498     
   99.999999999999773       -1.9942744525868386     
   100.79999999999977       -2.6889096486644490     
   101.59999999999977       -1.1316480513226170     
   102.39999999999976        1.1579708844006213     
   103.19999999999976        2.7429256281521468     
   103.99999999999976        1.9012007046376755     
   104.79999999999976      -0.24027634027028366     
   105.59999999999975       -2.3078593334193487     
   106.39999999999975       -2.5293733290924587     
   107.19999999999975      -0.76387231582048187     
   107.99999999999974        1.5067389629573031     
   108.79999999999974        2.7785068577147785     
   109.59999999999974        1.5972009381496823     
   110.39999999999974      -0.63956670232517565     
   111.19999999999973       -2.5486779077393029     
   111.99999999999973       -2.2980735178257556     
   112.79999999999973      -0.35945679626259852     
   113.59999999999972        1.8513312786816909     
   114.39999999999972        2.7327719910823713     
   115.19999999999972        1.2759325728622348     
   115.99999999999972       -1.0077968013470484     
   116.79999999999971       -2.7025501832179897     
   117.59999999999971       -2.0248741642270751     
   118.39999999999971        6.2082447117367323E-002
   119.19999999999970        2.1805964647359946     
   119.99999999999970        2.6072394853521894     
   120.79999999999970       0.92590346787371591     
   121.59999999999970       -1.3577660398919418     
   122.39999999999969       -2.7727150576296644     
   123.19999999999969       -1.7295580880647798     
   123.99999999999969       0.47104958144110665     
   124.79999999999968        2.4543639236736099     
   125.59999999999968        2.4046222162996673     
   126.39999999999968       0.53875912885972554     
   127.19999999999968       -1.7012600783072387     
   127.99999999999967       -2.7617704947857646     
   128.79999999999967       -1.4188807114560207     
   129.59999999999968       0.84961350313203776     
   130.39999999999969        2.6454598207962632     
   131.19999999999970        2.1480788677061162     
   131.99999999999972       0.12266042452709192     
   132.79999999999973       -2.0410509613974477     
   133.59999999999974       -2.6724931801358220     
   134.39999999999975       -1.0828831467068107     
   135.19999999999976        1.2074022147702139     
   135.99999999999977        2.7530901799467253     
   136.79999999999978        1.8595629572445902     
   137.59999999999980      -0.29777345902663432     
   138.39999999999981       -2.3458665631274469     
   139.19999999999982       -2.5005576318185341     
   139.99999999999983      -0.71031607573699929     
   140.79999999999984        1.5530952222700034     
   141.59999999999985        2.7760330565125888     
   142.39999999999986        1.5553104729597527     
   143.19999999999987      -0.68935156649071549     
   143.99999999999989       -2.5730425591567876     
   144.79999999999990       -2.2639762640938126     
   145.59999999999991      -0.30511365915645117     
   146.39999999999992        1.8954499339336341     
   147.19999999999993        2.7210264098263575     
   147.99999999999994        1.2323669544534390     
   148.79999999999995       -1.0542701776121082     
   149.59999999999997       -2.7167184465649576     
   150.39999999999998       -1.9872315356447126     
   151.19999999999999       0.11738551184185342     
   152.00000000000000        2.2211807032542317     
   152.80000000000001        2.5847803806742524     
   153.60000000000002       0.87668910171460768     
   154.40000000000003       -1.4038099883969068     
   155.20000000000005       -2.7761018330077105     
   156.00000000000006       -1.6890254436208192     
   156.80000000000007       0.52364006474321378     
   157.60000000000008        2.4851166389527166     
   158.40000000000009        2.3727533091663435     
   159.20000000000010       0.48410664375799417     
   160.00000000000011       -1.7474625330366877     
   160.80000000000013       -2.7543883149592787     
   161.60000000000014       -1.3754939592427531     
   162.40000000000015       0.89855383073422135     
   163.20000000000016        2.6646308768214730     
   164.00000000000017        2.1108029972922013     
   164.80000000000018        6.5925801547828122E-002
   165.60000000000019       -2.0847451846583369     
   166.40000000000020       -2.6541560896565146     
   167.20000000000022       -1.0354953566022951     
   168.00000000000023        1.2537603513663498     
   168.80000000000024        2.7608219897467654     
   169.60000000000025        1.8199095246095673     
   170.40000000000026      -0.35170180498307690     
   171.20000000000027       -2.3809171927626336     
   172.00000000000028       -2.4722661967897990     
   172.80000000000030      -0.65820949485403668     
   173.60000000000031        1.5986645013652683     
   174.40000000000032        2.7731689025446693     
   175.20000000000033        1.5137764802898732     
   176.00000000000034      -0.73910034987642703     
   176.80000000000035       -2.5969522972303065     
   177.60000000000036       -2.2290655034568521     
   178.40000000000038      -0.24930294200567094     
   179.20000000000039        1.9406311713625795     
   180.00000000000040        2.7077800750374568     
   180.80000000000041        1.1871200014556562     
   181.60000000000042       -1.1016402601267634     
   182.40000000000043       -2.7296141896589958     
   183.20000000000044       -1.9483201711551827     
   184.00000000000045       0.17335385611243570     
   184.80000000000047        2.2609776762002092     
   185.60000000000048        2.5603519492935982     
   186.40000000000049       0.82629319659945533     
   187.20000000000050       -1.4497423023977374     
   188.00000000000051       -2.7776550329299807     
   188.80000000000052       -1.6482457856912298     
   189.60000000000053       0.57517390115911193     
   190.40000000000055        2.5138317013817009     
   191.20000000000056        2.3402217082553269     
   192.00000000000057       0.42958615289614688     
   192.80000000000058       -1.7930634282706683     
   193.60000000000059       -2.7457189767924910     
   194.40000000000060       -1.3321011876456887     
   195.20000000000061       0.94675485207865440     
   196.00000000000063        2.6823104273057012     
   196.80000000000064        2.0733276882280092     
   197.60000000000065        9.4337613619646099E-003
   198.40000000000066       -2.1277046861096811     
   199.20000000000067       -2.6344927207878692     
   200.00000000000068      -0.98747077880787515     
   200.80000000000069        1.3000541128453991     
   201.60000000000070        2.7671954530988239     
   202.40000000000072        1.7799318057636371     
   203.20000000000073      -0.40527034061265077     
   204.00000000000074       -2.4146801505677415     
   204.80000000000075       -2.4427774748653368     
   205.60000000000076      -0.60528106083320710     
   206.40000000000077        1.6444187678021662     
   207.20000000000078        2.7689094057563777     
   208.00000000000080        1.4717253932067211     
   208.80000000000081      -0.78853356233721161     
   209.60000000000082       -2.6193855082133721     
   210.40000000000083       -2.1933979268699506     
   211.20000000000084      -0.19315997822574182     
   212.00000000000085        1.9854537107494217     
   212.80000000000086        2.6929983493402396     
   213.60000000000088        1.1412731100137081     
   214.40000000000089       -1.1486568978761695     
   215.20000000000090       -2.7409271008127707     
   216.00000000000091       -1.9091591831729677     
   216.80000000000092       0.22877060670416371     
   217.60000000000093        2.2994173116211507     
   218.40000000000094        2.5346542108589043     
   219.20000000000095       0.77533330252302735     
   220.00000000000097       -1.4955508669382818     
   220.80000000000098       -2.7778251652699000     
   221.60000000000099       -1.6072531065586664     
   222.40000000000100       0.62612481578003942     
   223.20000000000101        2.5410538356953394     
   224.00000000000102        2.3068984323053741     
   224.80000000000103       0.37461349508142172     
   225.60000000000105       -1.8386095959697029     
   226.40000000000106       -2.7356719556581264     
   227.20000000000107       -1.2881740766035210     
   228.00000000000108       0.99468769422381076     
   228.80000000000109        2.6985368629185182     
   229.60000000000110        2.0353537701692854     
   230.40000000000111       -4.7019178350377722E-002
   231.20000000000113       -2.1698430116399670     
   232.00000000000114       -2.6133192287703566     
   232.80000000000115      -0.93871392962465539     
   233.60000000000116        1.3461956428481106     
   234.40000000000117        2.7720579888943755     
   235.20000000000118        1.7397198069395892     
   236.00000000000119      -0.45819333251209060     
   236.80000000000121       -2.4468909407188146     
   237.60000000000122       -2.4122843639882068     
   238.40000000000123      -0.55183546538141681     
   239.20000000000124        1.6901412487651182     
   240.00000000000125        2.7633066781022322     
   240.80000000000126        1.4293041558883830     
   241.60000000000127      -0.83755754553759876     
   242.40000000000128       -2.6403628529374039     
   243.20000000000130       -2.1571214011639972     
   244.00000000000131      -0.13680699897527981     
   244.80000000000132        2.0298474729966403     
   245.60000000000133        2.6767210835261905     
   246.40000000000134        1.0947760679366279     
   247.20000000000135       -1.1954288504199844     
   248.00000000000136       -2.7507176132134750     
   248.80000000000138       -1.8697178928557887     
   249.60000000000139       0.28368364283337777     
   250.40000000000140        2.3364964025509662     
   251.20000000000141        2.5077030497840305     
   252.00000000000142       0.72373240266676109     
   252.80000000000143       -1.5413262993950065     
   253.60000000000144       -2.7766122022857926     
   254.40000000000146       -1.5659676447502462     
   255.20000000000147       0.67655926739550321     
   256.00000000000148        2.5667828008180660     
   256.80000000000149        2.2728064082600485     
   257.60000000000150       0.31923055511911835     
   258.40000000000151       -1.8840155815842388     
   259.20000000000152       -2.7242027074242103     
   260.00000000000153       -1.2437000996545780     
   260.80000000000155        1.0423205541833407     
   261.60000000000156        2.7132693562709749     
   262.40000000000157        1.9969647482258592     
   263.20000000000158      -0.10327010439715867     
   264.00000000000159       -2.2109879806408936     
   264.80000000000160       -2.5906940900249693     
   265.60000000000161      -0.88926282005666213     
   266.40000000000163        1.3922006301530301     
   267.20000000000164        2.7754467207495668     
   268.00000000000165        1.6992836418174706     
   268.80000000000166      -0.51047955357517116     
   269.60000000000167       -2.4775567916339019     
   270.40000000000168       -2.3808567105622016     
   271.20000000000169      -0.49788845962551775     
   272.00000000000171        1.7358401368634064     
   272.80000000000172        2.7563583355309218     
   273.60000000000173        1.3864622151857351     
   274.40000000000174      -0.88622199931550960     
   275.20000000000175       -2.6598914412279147     
   276.00000000000176       -2.1202679284166650     
   276.80000000000177       -8.0310093203478594E-002
   277.60000000000178        2.0737005012157419     
   278.40000000000180        2.6589295570780052     
   279.20000000000181        1.0475973242516243     
   280.00000000000182       -1.2419778678562885     
   280.80000000000183       -2.7589803409852816     
   281.60000000000184       -1.8300230969993190     
   282.40000000000185       0.33802285120993814     
   283.20000000000186        2.3721298995421489     
   284.00000000000188        2.4795770821426606     
   284.80000000000189       0.67152901967190992     
   285.60000000000190       -1.5870781513032046     
   286.40000000000191       -2.7740376302219500     
   287.20000000000192       -1.5243683797570984     
   288.00000000000193       0.72651493578984794     
   288.80000000000194        2.5910369697724898     
   289.60000000000196        2.2379942620359605     
   290.40000000000197       0.26348359233168051     
   291.20000000000198       -1.9292132261418335     
   292.00000000000199       -2.7112842411814189     
   292.80000000000200       -1.1986421309135866     
   293.60000000000201        1.0896703321862171     
   294.40000000000202        2.7264949500459217     
   295.20000000000203        1.9582064961969639     
   296.00000000000205      -0.15921557916326168     
   296.80000000000206       -2.2510106341842651     
   297.60000000000207       -2.5666655887748981     
   298.40000000000208      -0.83912605234098758     
   299.20000000000209        1.4381035248664051     
   300.00000000000210        2.7773891362185843     
   300.80000000000211        1.6586094349189417     
   301.60000000000213      -0.56215359617948146     
   302.40000000000214       -2.5066845886096267     
   303.20000000000215       -2.3485529960802802     
   304.00000000000216      -0.44346678594890987     
   304.80000000000217        1.7814933278057459     
   305.60000000000218        2.7480483396782884     
   306.40000000000219        1.3431627794758949     
   307.20000000000221      -0.93454904882238621     
   308.00000000000222       -2.6779620573156118     
   308.80000000000223       -2.0828868200540613     
   309.60000000000224       -2.3767977966751008E-002
   310.40000000000225        2.1168786170920950     
   311.20000000000226        2.6396267433375913     
   312.00000000000227       0.99972349636341762     
   312.80000000000229       -1.2883273165732685     
   313.60000000000230       -2.7657240869785147     
   314.40000000000231       -1.7900945526186174     
   315.20000000000232       0.39174487325253882     
   316.00000000000233        2.4062638113271113     
   316.80000000000234        2.4503546782543073     
   317.60000000000235       0.61875509037534626     
   318.40000000000236       -1.6328169992731765     
   319.20000000000238       -2.7701165529574094     
   320.00000000000239       -1.4824246006659503     
   320.80000000000240       0.77603492045244815     
   321.60000000000241        2.6138325822725959     
   322.40000000000242        2.2025043213779143     
   323.20000000000243       0.20742445804968401     
   324.00000000000244       -1.9741191306993882     
   324.80000000000246       -2.6968884877538639     
   325.60000000000247       -1.1529640392312990     
   326.40000000000248        1.1367529905542098     
   327.20000000000249        2.7382006750251882     
   328.00000000000250        1.9191218248209452     
   328.80000000000251      -0.21475622893718094     
   329.60000000000252       -2.2897905102448943     
   330.40000000000254       -2.5412952922463385     
   331.20000000000255      -0.78832338731857932     
   332.00000000000256        1.4839337484133812     
   332.80000000000257        2.7779141956625137     
   333.60000000000258        1.6176791321889079     
   334.40000000000259      -0.61325031413987374     
   335.20000000000260       -2.5342906919224033     
   336.00000000000261       -2.3154264555347792     
   336.80000000000263      -0.38859881487482384     
   337.60000000000264        1.8270670268655984     
   338.40000000000265        2.7383542133853429     
   339.20000000000266        1.2993671958418340     
   340.00000000000267      -0.98255781706741052     
   340.80000000000268       -2.6945616153955729     
   341.60000000000269       -2.0450276621244954     
   342.40000000000271        3.2713784351667385E-002
   343.20000000000272        2.1592424756072623     
   344.00000000000273        2.6188292432783156     
   344.80000000000274       0.95114800586678139     
   345.60000000000275       -1.3345050146973712     
   346.40000000000276       -2.7709648960556361     
   347.20000000000277       -1.7499414029161562     
   348.00000000000279       0.44482887871974741     
   348.80000000000280        2.4388659471989960     
   349.60000000000281        2.4201106896800759     
   350.40000000000282       0.56544199040065246     
   351.20000000000283       -1.6785440369514411     
   352.00000000000284       -2.7648548991899009     
   352.80000000000285       -1.4401039163658798     
   353.60000000000286       0.82515628286368248     
   354.40000000000288        2.6351783267750046     
   355.20000000000289        2.1663804719708755     
   356.00000000000290       0.15111970105630723     
   356.80000000000291       -2.0186319834616713     
   357.60000000000292       -2.6809934388104470     
   358.40000000000293       -1.1066350439467898     
   359.20000000000294        1.1835859720699420     
   360.00000000000296        2.7483788571713581     
   360.80000000000297        1.8797481149600792     
   361.60000000000298      -0.26980579644629610     
   362.40000000000299       -2.3272246493846769     
   363.20000000000300       -2.5146541715027304     
   364.00000000000301      -0.73688044397154195     
   364.80000000000302        1.5297171341905913     
   365.60000000000304        2.7770495551062897     
   366.40000000000305        1.5764692053125020     
   367.20000000000306      -0.66381248023992834     
   368.00000000000307       -2.5603963925220343     
   368.80000000000308       -2.2815245011322496     
   369.60000000000309      -0.33331601650803311     
   370.40000000000310        1.8725140343414419     
   371.20000000000312        2.7272481458536664     
   372.00000000000313        1.2550358001752375     
   372.80000000000314       -1.0302646801157289     
   373.60000000000315       -2.7096741221221219     
   374.40000000000316       -2.0067398384776203     
   375.20000000000317        8.9025389146142775E-002
   376.00000000000318        2.2006516660835302     
   376.80000000000319        2.5965685582104800     
   377.60000000000321       0.90187287983665976     
   378.40000000000322       -1.3805411879754843     
   379.20000000000323       -2.7747251388083836     
   380.00000000000324       -1.7095632536551360     
   380.80000000000325       0.49727493550398738     
   381.60000000000326        2.4699237076959069     
   382.40000000000327        2.3889143048817441     
   383.20000000000329       0.51161947756852943     
   384.00000000000330       -1.7242507603486608     
   384.80000000000331       -2.7582491208058868     
   385.60000000000332       -1.3973719372533451     
   386.40000000000333       0.87390985466978388     
   387.20000000000334        2.6550751362580707     
   388.00000000000335        2.1296686037421280     
   388.80000000000337        9.4650203227159224E-002
   389.60000000000338       -2.0626345932938763     
   390.40000000000339       -2.6635862019539913     
   391.20000000000340       -1.0596307168127679     
   392.00000000000341        1.2301894854953097     
   392.80000000000342        2.7570285558906695     
   393.60000000000343        1.8401153661735969     
   394.40000000000344      -0.32429547773007861     
   395.20000000000346       -2.3632307803381236     
   396.00000000000347       -2.4868187727032991     
   396.80000000000348      -0.68482697620244748     
   397.60000000000349        1.5754735415573475     
   398.40000000000350        2.7748186356522146     
   399.20000000000351        1.5349524408819888     
   400.00000000000352      -0.71388527956098491     
   400.80000000000354       -2.5850228795057308     
   401.60000000000355       -2.2468910899695769     
   402.40000000000356      -0.27765705539351915     
   403.20000000000357        1.9177717150492599     
   404.00000000000358        2.7147001475096304     
   404.80000000000359        1.2101295640893721     
   405.60000000000360       -1.0776848185696541     
   406.40000000000362       -2.7232833935103757     
   407.20000000000363       -1.9680710034962758     
   408.00000000000364       0.14505820758551469     
   408.80000000000365        2.2409710537812408     
   409.60000000000366        2.5728906551453710     
   410.40000000000367       0.85190840745593910     
   411.20000000000368       -1.4264671290234539     
   412.00000000000369       -2.7770317127335469     
   412.80000000000371       -1.6689508658254124     
   413.60000000000372       0.54910141653584610     
   414.40000000000373        2.4994404272429471     
   415.20000000000374        2.3568275062325643     
   416.00000000000375       0.45731557534425904     
   416.80000000000376       -1.7699182428658971     
   417.60000000000377       -2.7502863941255304     
   418.40000000000379       -1.3541921579863256     
   419.20000000000380       0.92232052399495457     
   420.00000000000381        2.6735166615403441     
   420.80000000000382        2.0924166838628264     
   421.60000000000383        3.8109861255790634E-002
   422.40000000000384       -2.1059969174636799     
   423.20000000000385       -2.6446657815264656     
   424.00000000000387       -1.0119341885202284     
   424.80000000000388        1.2765870384062414     
   425.60000000000389        2.7641563944801599     
   426.40000000000390        1.8002448732135670     
   427.20000000000391      -0.37817689766440576     
   428.00000000000392       -2.3977489888263785     
   428.80000000000393       -2.4578672509632882     
   429.60000000000394      -0.63219476216698345     
   430.40000000000396        1.6212152124186949     
   431.20000000000397        2.7712382071477437     
   432.00000000000398        1.4930990410256570     
   432.80000000000399      -0.76351204891287372     
   433.60000000000400       -2.6081873715138464     
   434.40000000000401       -2.2115689949817559     
   435.20000000000402      -0.22167137475065912     
   436.00000000000404        1.9627605484152899     
   436.80000000000405        2.7006815146919210     
   437.60000000000406        1.1646119112523738     
   438.40000000000407       -1.1248336787125872     
   439.20000000000408       -2.7353756317634703     
   440.00000000000409       -1.9290653407496998     
   440.80000000000410       0.20071031842194720     
   441.60000000000412        2.2800766905885155     
   442.40000000000413        2.5478543272388361     
   443.20000000000414       0.80127244884214255     
   444.00000000000415       -1.4723131470737822     
   444.80000000000416       -2.7779135943558679     
   445.60000000000417       -1.6280875794927607     
   446.40000000000418       0.60034074166677831     
   447.20000000000420        2.5274306274008422     
   448.00000000000421        2.3239050214185508     
   448.80000000000422       0.40255803981198834     
   449.60000000000423       -1.8155160042929621     
   450.40000000000424       -2.7409458619123477     
   451.20000000000425       -1.3105261782330322     
   452.00000000000426       0.97040840018289298     
   452.80000000000427        2.6904908377552696     
   453.60000000000429        2.0546740884977135     
   454.40000000000430       -1.8397530277575402E-002
   455.20000000000431       -2.1485806951540325     
   456.00000000000432       -2.6242450549895544     
   456.80000000000433      -0.96353683451360839     
   457.60000000000434        1.3228055257255860     
   458.40000000000435        2.7697765687456828     
   459.20000000000437        1.7601483631123171     
   460.00000000000438      -0.43142354511308545     
   460.80000000000439       -2.4307416138940381     
   461.60000000000440       -2.4278755990925420     
   462.40000000000441      -0.57901553952942142     
   463.20000000000442        1.6669456575462192     
   464.00000000000443        2.7663165789398887     
   464.80000000000445        1.4508771406762442     
   465.60000000000446      -0.81273136207275254     
   466.40000000000447       -2.6299005129357047     
   467.20000000000448       -2.1756016955527886     
   468.00000000000449      -0.16542183047295778     
   468.80000000000450        2.0073836109331205     
   469.60000000000451        2.6851684336460067     
   470.40000000000452        1.1184506236529483     
   471.20000000000454       -1.1717282040547359     
   472.00000000000455       -2.7459416885946473     
   472.80000000000456       -1.8897617962915678     
   473.60000000000457       0.25589172564879403     
   474.40000000000458        2.3178608575992841     
   475.20000000000459        2.5215284899283379     
   476.00000000000460       0.74998924045113702     
   476.80000000000462       -1.5181062656480022     
   477.60000000000463       -2.7773990559611406     
   478.40000000000464       -1.5869510398685132     
   479.20000000000465       0.65103424634627971     
   480.00000000000466        2.5539148575114994     
   480.80000000000467        2.2901955120394559     
   481.60000000000468       0.34737716240595717     
   482.40000000000470       -1.8610004396354343     
   483.20000000000471       -2.7302007781544209     
   484.00000000000472       -1.2663344529929164     
   484.80000000000473        1.0181903919797037     
   485.60000000000474        2.7059821421834238     
   486.40000000000475        2.0164903972361108     
   487.20000000000476       -7.4762725622318893E-002
   488.00000000000477       -2.1902451682349144     
   488.80000000000479       -2.6023517443065955     
   489.60000000000480      -0.91443853286592258     
   490.40000000000481        1.3688746481463059     
   491.20000000000482        2.7739099880002209     
   492.00000000000483        1.7198278360818402     
   492.80000000000484      -0.48403035421594520     
   493.60000000000485       -2.4621913816672332     
   494.40000000000487       -2.3969146492281399     
   495.20000000000488      -0.52531954457254959     
   496.00000000000489        1.7126588972067258     
   496.80000000000490        2.7600526319620236     
   497.60000000000491        1.4082528692556202     
   498.40000000000492      -0.86157565691604376     
   499.20000000000493       -2.6501652137191316     
   500.00000000000495       -2.1390345280216319     
   500.80000000000496      -0.10898570824406129     
   501.60000000000497        2.0515275275415905     
   502.40000000000498        2.6681454067598898     
   503.20000000000499        1.0716195223669875     
   504.00000000000500       -1.2183878392178764     
   504.80000000000501       -2.7549788041277563     
   505.60000000000502       -1.8501923792047734     
   506.40000000000504       0.31052886189351425     
   507.20000000000505        2.3542358065942155     
   508.00000000000506        2.4939886455989462     
   508.80000000000507       0.69808768105524477     
   509.60000000000508       -1.5638680335774122     
   510.40000000000509       -2.7755128392665975     
   511.20000000000510       -1.5455148441667961     
   512.00000000000512       0.70122694799265450     
   512.80000000000507        2.5789147405766837     
   513.60000000000502        2.2557435944157098     
   514.40000000000498       0.29180942616838035     
   515.20000000000493       -1.9063129887638919     
   516.00000000000489       -2.7180213914901339     
   516.80000000000484       -1.2215776323726999     
   517.60000000000480        1.0656818363941198     
   518.40000000000475        2.7199741891941467     
   519.20000000000471        1.9779138649369532     
   520.00000000000466      -0.13087627239214195     
   520.80000000000462       -2.2308532825753118     
   521.60000000000457       -2.5790282566118252     
   522.40000000000452      -0.86464752262461175     
   523.20000000000448        1.4148256052055710     
   524.00000000000443        2.7765826138259491     
   524.80000000000439        1.6792761809390475     
   525.60000000000434      -0.53601140834898509     
   526.40000000000430       -2.4920980042247187     
   527.20000000000425       -2.3650482704035012     
   528.00000000000421      -0.47113515968963715     
   528.80000000000416        1.7583387386443661     
   529.60000000000412        2.7524358158010815     
   530.40000000000407        1.3651902538484224     
   531.20000000000402      -0.91007124493302349     
   532.00000000000398       -2.6689768586957956     
   532.80000000000393       -2.1019149697746808     
   533.60000000000389       -5.2453835487719758E-002
   534.40000000000384        2.0950651312749842     
   535.20000000000380        2.6496081976768799     
   536.00000000000375        1.0240997381827848     
   536.80000000000371       -1.2648352227551407     
   537.60000000000366       -2.7624916477183801     
   538.40000000000362       -1.8103806986239768     
   539.20000000000357       0.36456796452940576     
   540.00000000000352        2.3891358897064627     
   540.80000000000348        2.4653129172828896     
   541.60000000000343       0.64559924251990264     
   542.40000000000339       -1.6096127500600801     
   543.20000000000334       -2.7722736019650882     
   544.00000000000330       -1.5037497786446359     
   544.80000000000325       0.75096298830453900     
   545.60000000000321        2.6024488046939922     
   546.40000000000316        2.2205921396877142     
   547.20000000000312       0.23590123836620291     
   548.00000000000307       -1.9513785120459892     
   548.80000000000302       -2.7043783308295701     
   549.60000000000298       -1.1762183343919672     
   550.40000000000293        1.1128979875872076     
   551.20000000000289        2.7324523451259823     
   552.00000000000284        1.9389897226075314     
   552.80000000000280      -0.18663403488307084     
   553.60000000000275       -2.2702777322508969     
   554.40000000000271       -2.5543303477201622     
   555.20000000000266      -0.81417983528920423     
   556.00000000000261        1.4606891696477864     
   556.80000000000257        2.7778231500760655     
   557.60000000000252        1.6384784625057465     
   558.40000000000248      -0.58739602734883545     
   559.20000000000243       -2.5204736475576350     
   560.00000000000239       -2.3323329619376785     
   560.80000000000234      -0.41648999125035413     
   561.60000000000230        1.8039577642066078     
   562.40000000000225        2.7434471416729376     
   563.20000000000221        1.3216513277957607     
   564.00000000000216      -0.95823930703054949     
   564.80000000000211       -2.6863246402806591     
   565.60000000000207       -2.0642921365987710     
   566.40000000000202        4.0721267890919677E-003
   567.20000000000198        2.1378597378238355     
   568.00000000000193        2.6295660302461545     
   568.80000000000189       0.97588051449509527     
   569.60000000000184       -1.3110964169462342     
   570.40000000000180       -2.7684925417141013     
   571.20000000000175       -1.7703409538889849     
   572.00000000000171       0.41797694013067965     
   572.80000000000166        2.4225179104225676     
   573.60000000000161        2.4355781692764302     
   574.40000000000157       0.59255584420548768     
   575.20000000000152       -1.6553462220184048     
   576.00000000000148       -2.7676919273365685     
   576.80000000000143       -1.4616244827338469     
   577.60000000000139       0.80028233997633103     
   578.40000000000134        2.6245295292339872     
   579.20000000000130        2.1847843057998491     
   580.00000000000125       0.17971188420806561     
   580.80000000000121       -1.9961044752839769     
   581.60000000000116       -2.6892462051457144     
   582.40000000000111       -1.1302230632466286     
   583.20000000000107        1.1598553043358966     
   584.00000000000102        2.7434060934917888     
   584.80000000000098        1.8997584109285257     
   585.60000000000093      -0.24194253015439049     
   586.40000000000089       -2.3084062693188363     
   587.20000000000084       -2.5283246728649660     
   588.00000000000080      -0.76305823258910310     
   588.80000000000075        1.5064934163783121     
   589.60000000000070        2.7776603190356113     
   590.40000000000066        1.5974136050314882     
   591.20000000000061      -0.63822379056593337     
   592.00000000000057       -2.5473378198240972     
   592.80000000000052       -2.2988187569308511     
   593.60000000000048      -0.36141336332376239     
   594.40000000000043        1.8494758676022318     
   595.20000000000039        2.7330611100803415     
   596.00000000000034        1.2775967316871815     
   596.80000000000030       -1.0060974071308446     
   597.60000000000025       -2.7021936747847644     
   598.40000000000020       -2.0262156914791696     
   599.20000000000016        6.0483841480043044E-002
   600.00000000000011        2.1797706433829629     
   600.80000000000007        2.6080428295656537     
   601.60000000000002       0.92695957008285323     
   602.39999999999998       -1.3572005061727566     
   603.19999999999993       -2.7730008198418066     
   603.99999999999989       -1.7300775847502814     
   604.79999999999984       0.47074542787739504     
   605.59999999999980        2.4543596900331051     
   606.39999999999975        2.4048567663168692     
   607.19999999999970       0.53898818814648974     
   607.99999999999966       -1.7010649408378886     
   608.79999999999961       -2.7617691277857501     
   609.59999999999957       -1.4191056038076344     
   610.39999999999952       0.84921904563188977     
   611.19999999999948        2.6451618173665228     
   611.99999999999943        2.1483648968895044     
   612.79999999999939       0.12331499633286436     
   613.59999999999934       -2.0403814935910227     
   614.39999999999930       -2.6726071044743387     
   615.19999999999925       -1.0835639696127761     
   615.99999999999920        1.2065725167406232     
   616.79999999999916        2.7528309251740528     
   617.59999999999911        1.8602538500496659     
   618.39999999999907      -0.29672365212372176     
   619.19999999999902       -2.3451458101045644     
   619.99999999999898       -2.5010854301424392     
   620.79999999999893      -0.71131061780784144     
   621.59999999999889        1.5522614712100506     
   622.39999999999884        2.7761200158892549     
   623.19999999999879        1.5560560948271478     
   623.99999999999875      -0.68853925182090370     
   624.79999999999870       -2.5727123062434640     
   625.59999999999866       -2.2645510811551537     
   626.39999999999861      -0.30593982298598466     
   627.19999999999857        1.8948384543330730     
   627.99999999999852        2.7212484267605799     
   628.79999999999848        1.2329869111244842     
   629.59999999999843       -1.0536611326607850     
   630.39999999999839       -2.7165675437058585     
   631.19999999999834       -1.9877343814420532     
   631.99999999999829       0.11667138829872581     
   632.79999999999825        2.2206592651560388     
   633.59999999999820        2.5850773576006341     
   634.39999999999816       0.87734305893130626     
   635.19999999999811       -1.4031784711321302     
   635.99999999999807       -2.7760413585476376     
   636.79999999999802       -1.6895856925056667     
   637.59999999999798       0.52288296734362705     
   638.39999999999793        2.4846570245604251     
   639.19999999999789        2.3732144383278215     
   639.99999999999784       0.48492508432111303     
   640.79999999999779       -1.7467553842632813     
   641.59999999999775       -2.7544969904352992     
   642.39999999999770       -1.3761577061323178     
   643.19999999999766       0.89780090749255748     
   643.99999999999761        2.6643428757057803     
   644.79999999999757        2.1113808665418095     
   645.59999999999752        6.6798155970617223E-002
   646.39999999999748       -2.0840855531607954     
   647.19999999999743       -2.6544536939723518     
   647.99999999999739       -1.0362202355445163     
   648.79999999999734        1.2530714099867890     
   649.59999999999729        2.7607295699650178     
   650.39999999999725        1.8205018974179878     
   651.19999999999720      -0.35091837183943864     
   651.99999999999716       -2.3804249954198511     
   652.79999999999711       -2.4726904581111073     
   653.59999999999707      -0.65896801752606260     
   654.39999999999702        1.5980096109207689     
   655.19999999999698        2.7732226569347991     
   655.99999999999693        1.5143773449641773     
   656.79999999999688      -0.73838714414741391     
   657.59999999999684       -2.5966167531768045     
   658.39999999999679       -2.2295730369941640     
   659.19999999999675      -0.25011293544222757     
   659.99999999999670        1.9399747103715905     
   660.79999999999666        2.7079792865503589     
   661.59999999999661        1.1877838035323371     
   662.39999999999657       -1.1009456286558619     
   663.19999999999652       -2.7294309309680176     
   663.99999999999648       -1.9488943706985506     
   664.79999999999643       0.17252876276914320     
   665.59999999999638        2.2603952836241987     
   666.39999999999634        2.5607221741247548     
   667.19999999999629       0.82704511563243566     
   667.99999999999625       -1.4490614001448776     
   668.79999999999620       -2.7776424122194223     
   669.59999999999616       -1.6488521769316902     
   670.39999999999611       0.57441545424872609     
   671.19999999999607        2.5134193922616719     
   671.99999999999602        2.3407095161868829     
   672.79999999999598       0.43039415191321084     
   673.59999999999593       -1.7923931023997810     
   674.39999999999588       -2.7458585197025749     
   675.19999999999584       -1.3327432948756581     
   675.99999999999579       0.94605027737638347     
   676.79999999999575        2.6820632919156853     
   677.59999999999570        2.0738809988589137     
   678.39999999999566        1.0260620438192092E-002
   679.19999999999561       -2.1270819029198766     
   679.99999999999557       -2.6347916245176206     
   680.79999999999552      -0.98817899556592037     
   681.59999999999548        1.2993771883466008     
   682.39999999999543        2.7671124352898833     
   683.19999999999538        1.7805192015988311     
   683.99999999999534      -0.40448901818336469     
   684.79999999999529       -2.4141950000779877     
   685.59999999999525       -2.4432172815955058     
   686.39999999999520      -0.60606242288855805     
   687.19999999999516        1.6437458871922255     
   687.99999999999511        2.7689810216523645     
   688.79999999999507        1.4723465079268063     
   689.59999999999502      -0.78780872631860888     
   690.39999999999498       -2.6190653768190870     
   691.19999999999493       -2.1939275493335639     
   691.99999999999488      -0.19398851172512255     
   692.79999999999484        1.9847965241697436     
   693.59999999999479        2.6932269479970081     
   694.39999999999475        1.1419527497037751     
   695.19999999999470       -1.1479669380883391     
   695.99999999999466       -2.7407720744351689     
   696.79999999999461       -1.9097374824642936     
   697.59999999999457       0.22795930106600837     
   698.39999999999452        2.2988621877576532     
   699.19999999999447        2.5350414563461734     
   699.99999999999443       0.77608692453510342     
   700.79999999999438       -1.4948782728580805     
   701.59999999999434       -2.7778329684175138     
   702.39999999999429       -1.6078573527773483     
   703.19999999999425       0.62538036759273563     
   703.99999999999420        2.5406649310635414     
   704.79999999999416        2.3073935268891419     
   705.59999999999411       0.37542397696116092     
   706.39999999999407       -1.8379413697442746     
   707.19999999999402       -2.7358296385014276     
   707.99999999999397       -1.2888232738833787     
   708.79999999999393       0.99398548110519758     
   709.59999999999388        2.6983089865360688     
   710.39999999999384        2.0359149452217813     
   711.19999999999379       -4.6190512234980385E-002
   711.99999999999375       -2.1692302918219446     
   712.79999999999370       -2.6136410334346039     
   713.59999999999366      -0.93943580663036896     
   714.39999999999361        1.3455182471553193     
   715.19999999999357        2.7719971841184754     
   715.99999999999352        1.7403126692448450     
   716.79999999999347      -0.45741981656906883     
   717.59999999999343       -2.4464285428866934     
   718.39999999999338       -2.4127396591414310     
   719.19999999999334      -0.55262495621122443     
   719.99999999999329        1.6894692194348850     
   720.79999999999325        2.7633988372704379     
   721.59999999999320        1.4299307412725053     
   722.39999999999316      -0.83683962760101283     
   723.19999999999311       -2.6400650669179608     
   723.99999999999307       -2.1576589222719651     
   724.79999999999302      -0.13763650574638264     
   725.59999999999297        2.0291986440351990     
   726.39999999999293        2.6769712892896727     
   727.19999999999288        1.0954643194587645     
   727.99999999999284       -1.1947431276861042     
   728.79999999999279       -2.7505847956842970     
   729.59999999999275       -1.8702994476407615     
   730.39999999999270       0.28288059853656700     
   731.19999999999266        2.3359617242174462     
   731.99999999999261        2.5081078444221259     
   732.79999999999256       0.72449526209878656     
   733.59999999999252       -1.5406536688881880     
   734.39999999999247       -2.7766399036194738     
   735.19999999999243       -1.5665766843979965     
   735.99999999999238       0.67582148564424527     
   736.79999999999234        2.5664153017958000     
   737.59999999999229        2.2733128555578510     
   738.39999999999225       0.32004741925556202     
   739.19999999999220       -1.8833494429527762     
   739.99999999999216       -2.7243817223942659     
   740.79999999999211       -1.2443579942050160     
   741.59999999999206        1.0416224556242351     
   742.39999999999202        2.7130636793111553     
   743.19999999999197        1.9975318370287836     
   743.99999999999193      -0.10244521012998220     
   744.79999999999188       -2.2103910067051924     
   745.59999999999184       -2.5910369705106744     
   746.39999999999179      -0.88999470876308062     
   747.19999999999175        1.3915252319443849     
   747.99999999999170        2.7754074673565352     
   748.79999999999166        1.6998796885230898     
   749.59999999999161      -0.50971553222038368     
   750.39999999999156       -2.4771172249359852     
   751.19999999999152       -2.3813251324405442     
   751.99999999999147      -0.49868489972564123     
   752.79999999999143        1.7351686982638828     
   753.59999999999138        2.7564702764299085     
   754.39999999999134        1.3870951463140870     
   755.19999999999129      -0.88550919423062879     
   755.99999999999125       -2.6596149228924486     
   756.79999999999120       -2.1208135641075616     
   757.59999999999116       -8.1141104652392215E-002
   758.39999999999111        2.0730604614442276     
   759.19999999999106        2.6592020333671620     
   759.99999999999102        1.0482958052776734     
   760.79999999999097       -1.2412951536136902     
   761.59999999999093       -2.7588699135292263     
   762.39999999999088       -1.8306082970843303     
   763.19999999999084       0.33722850835007501     
   763.99999999999079        2.3716168748437876     
   764.79999999999075        2.4799986351297592     
   765.59999999999070       0.67230056829842821     
   766.39999999999065       -1.5864057543288705     
   767.19999999999061       -2.7740852525978714     
   767.99999999999056       -1.5249822639511394     
   768.79999999999052       0.72578389583295055     
   769.59999999999047        2.5906910559051237     
   770.39999999999043        2.2385109762448065     
   771.19999999999038       0.26430541361680371     
   771.99999999999034       -1.9285507611743808     
   772.79999999999029       -2.7114847637484378     
   773.59999999999025       -1.1993088373229830     
   774.39999999999020        1.0889763231267204     
   775.19999999999015        2.7263115306870072     
   775.99999999999011        1.9587786581059807     
   776.79999999999006      -0.15839595122982408     
   777.59999999999002       -2.2504310738088193     
   778.39999999998997       -2.5670286583499733     
   779.19999999998993      -0.83986788007358237     
   779.99999999998988        1.4374294021368081     
   780.79999999998984        2.7773709183057957     
   781.59999999998979        1.6592091000812303     
   782.39999999998975      -0.56139832589991134     
   783.19999999998970       -2.5062675103893901     
   783.99999999998965       -2.3490339037489667     
   784.79999999998961      -0.44427002584404596     
   785.59999999998956        1.7808227546293875     
   786.39999999998952        2.7481804468612081     
   787.19999999998947        1.3438027286801242     
   787.99999999998943      -0.93384104278676028     
   788.79999999998938       -2.6777070551015099     
   789.59999999998934       -2.0834398641104581     
   790.39999999998929       -2.4598912695153796E-002
   791.19999999998925        2.1162494984118543     
   791.99999999998920        2.6399213555428389     
   792.79999999998915        1.0004322627946560     
   793.59999999998911       -1.2876473481341824     
   794.39999999998906       -2.7656358932419165     
   795.19999999998902       -1.7906830935069160     
   795.99999999998897       0.39095981720179518     
   796.79999999998893        2.4057731214392479     
   797.59999999998888        2.4507917890512747     
   798.39999999998884       0.61953478526762629     
   799.19999999998879       -1.6321447686253125     
