   0.0000000000000000      -0.68909513063841721     
  0.80000000000000004      -0.47604830541921933     
   1.6000000000000001      -0.34987612399390283     
   2.4000000000000004      -0.47837932260643579     
   3.2000000000000002      -0.34783609792669024     
   4.0000000000000000       0.39587712749052384     
   4.7999999999999998        1.2149823298598386     
   5.5999999999999996        1.0645227723707027     
   6.3999999999999995      -0.19459319224045712     
   7.1999999999999993       -1.4839154019324403     
   7.9999999999999991       -1.3932631402309310     
   8.7999999999999989        5.7811878013333207E-002
   9.5999999999999996        1.4630832482207310     
   10.400000000000000        1.3987589497700070     
   11.200000000000001        3.2412455145927943E-002
   12.000000000000002       -1.1938153463351764     
   12.800000000000002       -1.1399247155229792     
   13.600000000000003      -0.10222241222027328     
   14.400000000000004       0.70449052643547738     
   15.200000000000005       0.59389226790589678     
   16.000000000000004        9.8085208000336932E-003
   16.800000000000004      -0.19043137119597786     
   17.600000000000005       0.15648762589970788     
   18.400000000000006       0.38870921646985668     
   19.200000000000006       -4.3558264173076511E-002
   20.000000000000007      -0.76619178769661855     
   20.800000000000008      -0.83332289986628993     
   21.600000000000009        5.5812058055517588E-002
   22.400000000000009        1.0688712268930378     
   23.200000000000010        1.0596414880837239     
   24.000000000000011       -3.9657992810727460E-002
   24.800000000000011       -1.1073627451671240     
   25.600000000000012       -1.0241649452711390     
   26.400000000000013        5.1198441160961172E-002
   27.200000000000014       0.93278928216672097     
   28.000000000000014       0.75148128662071811     
   28.800000000000015      -0.12061958744842494     
   29.600000000000016      -0.62575418251249149     
   30.400000000000016      -0.28428610724312736     
   31.200000000000017       0.31940272089422478     
   32.000000000000014       0.34428976004074174     
   32.800000000000011      -0.24161630460423433     
   33.600000000000009      -0.62684784130098170     
   34.400000000000006      -0.19443554181673811     
   35.200000000000003       0.64414138099062490     
   36.000000000000000       0.87418564338855476     
   36.799999999999997       0.11388612573075252     
   37.599999999999994      -0.85544443354471589     
   38.399999999999991      -0.94066950641650460     
   39.199999999999989       -2.3769626399701260E-002
   39.999999999999986       0.88742485195804088     
   40.799999999999983       0.80670658647186888     
   41.599999999999980      -0.10397305016717817     
   42.399999999999977      -0.77928381283518922     
   43.199999999999974      -0.50366098218675370     
   43.999999999999972       0.28843090547350936     
   44.799999999999969       0.60620377397324332     
   45.599999999999966       0.10375040169668970     
   46.399999999999963      -0.52990023673022013     
   47.199999999999960      -0.45000854986752165     
   47.999999999999957       0.28329720994510726     
   48.799999999999955       0.75898132723627709     
   49.599999999999952       0.32422028734363340     
   50.399999999999949      -0.57228223755884178     
   51.199999999999946      -0.87916761869995996     
   51.999999999999943      -0.18932274435274232     
   52.799999999999940       0.73502199632266485     
   53.599999999999937       0.84203330777156882     
   54.399999999999935        1.9888344357613441E-002
   55.199999999999932      -0.77716673566469130     
   55.999999999999929      -0.65355194199857236     
   56.799999999999926       0.18725783779455063     
   57.599999999999923       0.72859858658169951     
   58.399999999999920       0.35673154178291178     
   59.199999999999918      -0.42258006462085218     
   59.999999999999915      -0.63407309325483330     
   60.799999999999912       -1.9516229770495830E-002
   61.599999999999909       0.65035927378160308     
   62.399999999999906       0.51997501923384748     
   63.199999999999903      -0.28951815721848317     
   63.999999999999901      -0.80956583543579452     
   64.799999999999898      -0.37858182351548014     
   65.599999999999895       0.52726847835690704     
   66.399999999999892       0.85003760941437601     
   67.199999999999889       0.19592028156133490     
   67.999999999999886      -0.67646146615677316     
   68.799999999999883      -0.75743718720593900     
   69.599999999999881        2.6414757717284854E-002
   70.399999999999878       0.73848375619066919     
   71.199999999999875       0.55162833160877645     
   71.999999999999872      -0.27284213670006241     
   72.799999999999869      -0.72920246066686323     
   73.599999999999866      -0.27559565023821364     
   74.399999999999864       0.51506134871057419     
   75.199999999999861       0.66570469227225981     
   75.999999999999858       -1.9547470786039578E-002
   76.799999999999855      -0.71118007046336673     
   77.599999999999852      -0.55193228157463770     
   78.399999999999849       0.29070290173392954     
   79.199999999999847       0.81837728372905971     
   79.999999999999844       0.38404379732607136     
   80.799999999999841      -0.50931897817552563     
   81.599999999999838      -0.81197461939597526     
   82.399999999999835      -0.16597884021112785     
   83.199999999999832       0.65960094377121214     
   83.999999999999829       0.69350088020207323     
   84.799999999999827       -8.5503068943987848E-002
   85.599999999999824      -0.73697269349819305     
   86.399999999999821      -0.48681146016696708     
   87.199999999999818       0.34360650169534002     
   87.999999999999815       0.74412557177593086     
   88.799999999999812       0.22821809465245935     
   89.599999999999810      -0.57388521116498170     
   90.399999999999807      -0.68335446898999808     
   91.199999999999804        4.4665613063484044E-002
   91.999999999999801       0.73939688484540234     
   92.799999999999798       0.55458041930964119     
   93.599999999999795      -0.29998591183526180     
   94.399999999999793      -0.81129898130756284     
   95.199999999999790      -0.36234446590857144     
   95.999999999999787       0.51304847595028358     
   96.799999999999784       0.77815631393376816     
   97.599999999999781       0.12178077596534242     
   98.399999999999778      -0.66630204336467269     
   99.199999999999775      -0.64793244871525135     
   99.999999999999773       0.14208939047596836     
   100.79999999999977       0.74927971465326904     
   101.59999999999977       0.44329177188223751     
   102.39999999999976      -0.39785531360821219     
   103.19999999999976      -0.75650797076482479     
   103.99999999999976      -0.19399019415199126     
   104.79999999999976       0.61158030888329185     
   105.59999999999975       0.68550484325617334     
   106.39999999999975       -6.9534060123578989E-002
   107.19999999999975      -0.75264401177265516     
   107.99999999999974      -0.53882133649530539     
   108.79999999999974       0.31921741492226752     
   109.59999999999974       0.80094771304268386     
   110.39999999999974       0.32808951834034150     
   111.19999999999973      -0.53046589555476042     
   111.99999999999973      -0.75154476638596446     
   112.79999999999973       -7.4940453939846607E-002
   113.59999999999972       0.68330214409875301     
   114.39999999999972       0.61423073809346462     
   115.19999999999972      -0.19179158900800242     
   115.99999999999972      -0.76326082792526573     
   116.79999999999971      -0.40931744848125101     
   117.59999999999971       0.43991855077987035     
   118.39999999999971       0.76157279836838754     
   119.19999999999970       0.16260395200057409     
   119.99999999999970      -0.63798604505691181     
   120.79999999999970      -0.67602983914505077     
   121.59999999999970        9.8257256812073646E-002
   122.39999999999969       0.76027523062486779     
   123.19999999999969       0.51313129265950186     
   123.99999999999969      -0.34585230614373896     
   124.79999999999968      -0.79174884302963044     
   125.59999999999968      -0.28940242718070208     
   126.39999999999968       0.55464586861226994     
   127.19999999999968       0.73044816909107468     
   127.99999999999967        2.9911638766418669E-002
   128.79999999999967      -0.70282782317405801     
   129.59999999999968      -0.58634150504064630     
   130.39999999999969       0.23521616850737292     
   131.19999999999970       0.77415827757658939     
   131.99999999999972       0.37814119121088496     
   132.79999999999973      -0.47453610022376436     
   133.59999999999974      -0.75964429373086362     
   134.39999999999975      -0.13005644254072168     
   135.19999999999976       0.65903083688447517     
   135.99999999999977       0.65918501983691191     
   136.79999999999978      -0.13080969951605792     
   137.59999999999980      -0.76629046899612596     
   138.39999999999981      -0.48275233007750806     
   139.19999999999982       0.37663295980524270     
   139.99999999999983       0.78416856121820899     
   140.79999999999984       0.24995622096495640     
   141.59999999999985      -0.58098609851499117     
   142.39999999999986      -0.71215444116803983     
   143.19999999999987        1.2480689713761928E-002
   143.99999999999989       0.72120141447021713     
   144.79999999999990       0.56023906498704479     
   145.59999999999991      -0.27428251398958436     
   146.39999999999992      -0.78093158247361050     
   147.19999999999993      -0.34665067423070950     
   147.99999999999994       0.50504830859069894     
   148.79999999999995       0.75243629116542965     
   149.59999999999997        9.5453219387010346E-002
   150.39999999999998      -0.67764034720323396     
   151.19999999999999      -0.63804619480966851     
   152.00000000000000       0.16590127690798306     
   152.80000000000001       0.77183766820006772     
   153.60000000000002       0.45038351086188899     
   154.40000000000003      -0.40901307915082619     
   155.20000000000005      -0.77729108966843352     
   156.00000000000006      -0.21095466582216216     
   156.80000000000007       0.60697607471416404     
   157.60000000000008       0.69447497848386064     
   158.40000000000009       -5.2753178786398736E-002
   159.20000000000010      -0.73712155785956524     
   160.00000000000011      -0.53378283124437254     
   160.80000000000013       0.31067705406105606     
   161.60000000000014       0.78396669329829927     
   162.40000000000015       0.31379771532401579     
   163.20000000000016      -0.53332315902700345     
   164.00000000000017      -0.74154702874136946     
   164.80000000000018       -5.9119919633883855E-002
   165.60000000000019       0.69493133439844479     
   166.40000000000020       0.61441187786152973     
   167.20000000000022      -0.20221950999993799     
   168.00000000000023      -0.77683866096127796     
   168.80000000000024      -0.41715302934787601     
   169.60000000000025       0.44140710656489501     
   170.40000000000026       0.77005925832604394     
   171.20000000000027       0.17250677882766685     
   172.00000000000028      -0.63149497093113327     
   172.80000000000030      -0.67606977123452638     
   173.60000000000031        9.1639648649478822E-002
   174.40000000000032       0.75039586229088662     
   175.20000000000033       0.50607965800510324     
   176.00000000000034      -0.34546945136674068     
   176.80000000000035      -0.78395403046012135     
   177.60000000000036      -0.27949354176029373     
   178.40000000000038       0.56019460550037425     
   179.20000000000039       0.72805719328153884     
   180.00000000000040        2.1674462085516932E-002
   180.80000000000041      -0.71112044836985178     
   181.60000000000042      -0.58916412788803252     
   182.40000000000043       0.23881583775509951     
   183.20000000000044       0.78086205484639426     
   184.00000000000045       0.38339302780108886     
   184.80000000000047      -0.47298140706873137     
   185.60000000000048      -0.76170432216960515     
   186.40000000000049      -0.13438515632968362     
   187.20000000000050       0.65417070226109209     
   188.00000000000051       0.65628348689909222     
   188.80000000000052      -0.12968545698714751     
   189.60000000000053      -0.76121659092193117     
   190.40000000000055      -0.47690564358418441     
   191.20000000000056       0.37919133727759624     
   192.00000000000057       0.78146396036668220     
   192.80000000000058       0.24398798138326927     
   193.60000000000059      -0.58591107760302596     
   194.40000000000060      -0.71257157578945329     
   195.20000000000061        1.6338634414932329E-002
   196.00000000000063       0.72607411922277987     
   196.80000000000064       0.56265829294199443     
   197.60000000000065      -0.27511426724339783     
   198.40000000000066      -0.78349986084495471     
   199.20000000000067      -0.34911918157692201     
   200.00000000000068       0.50336273446246760     
   200.80000000000069       0.75178951653207404     
   201.60000000000070        9.6358840273153890E-002
   202.40000000000072      -0.67495627966912619     
   203.20000000000073      -0.63488465629193813     
   204.00000000000074       0.16718490267393105     
   204.80000000000075       0.76982633738599493     
   205.60000000000076       0.44632808732508034     
   206.40000000000077      -0.41202582387469644     
   207.20000000000078      -0.77685902296152520     
   208.00000000000080      -0.20758175507892518     
   208.80000000000081       0.61044992473296611     
   209.60000000000082       0.69537914981278004     
   210.40000000000083       -5.4535832785717386E-002
   211.20000000000084      -0.73958365206634191     
   212.00000000000085      -0.53500297205386071     
   212.80000000000086       0.31080134484233357     
   213.60000000000088       0.78447640445796063     
   214.40000000000089       0.31427303301195597     
   215.20000000000090      -0.53240986311775929     
   216.00000000000091      -0.74012195812990611     
   216.80000000000092       -5.8294254975434834E-002
   217.60000000000093       0.69390328029633985     
   218.40000000000094       0.61185753524910724     
   219.20000000000095      -0.20424001036052386     
   220.00000000000097      -0.77640377194970300     
   220.80000000000098      -0.41450403851964968     
   221.60000000000099       0.44397155223354079     
   222.40000000000100       0.77033310145651090     
   223.20000000000101       0.17052538350008650     
   224.00000000000102      -0.63369614616149605     
   224.80000000000103      -0.67659950225490317     
   225.60000000000105        9.2671938850105162E-002
   226.40000000000106       0.75147307230167182     
   227.20000000000107       0.50622094084544544     
   228.00000000000108      -0.34571328675674773     
   228.80000000000109      -0.78364202896362489     
   229.60000000000110      -0.27881790317998278     
   230.40000000000111       0.56007442854623657     
   231.20000000000113       0.72665210479045106     
   232.00000000000114        2.0155469745712251E-002
   232.80000000000115      -0.71106461929422327     
   233.60000000000116      -0.58727435957764207     
   234.40000000000117       0.24083734243987132     
   235.20000000000118       0.78105043064865232     
   236.00000000000119       0.38159332066291340     
   236.80000000000121      -0.47494908732709540     
   237.60000000000122      -0.76197648546293950     
   238.40000000000123      -0.13300458830151951     
   239.20000000000124       0.65552581265386012     
   240.00000000000125       0.65628013262977469     
   240.80000000000126      -0.13059115911154384     
   241.60000000000127      -0.76162316841631172     
   242.40000000000128      -0.47632463459666191     
   243.20000000000130       0.37975671228354918     
   244.00000000000131       0.78093379585551936     
   244.80000000000132       0.24276124050522252     
   245.60000000000133      -0.58633146797979940     
   246.40000000000134      -0.71140060729718502     
   247.20000000000135        1.8025698150229696E-002
   248.00000000000136       0.72646616220022475     
   248.80000000000138       0.56123105536347773     
   249.60000000000139      -0.27690670262622508     
   250.40000000000140      -0.78381189316537681     
   251.20000000000141      -0.34773233007972959     
   252.00000000000142       0.50485761509521365     
   252.80000000000143       0.75182867433906164     
   253.60000000000144        9.5155977780889356E-002
   254.40000000000146      -0.67583524139214834     
   255.20000000000147      -0.63444897729196525     
   256.00000000000148       0.16818522658336910     
   256.80000000000149       0.76996275550174886     
   257.60000000000150       0.44534266284682394     
   258.40000000000151      -0.41286380938941508     
   259.20000000000152      -0.77633832908230516     
   260.00000000000153      -0.20614804505623174     
   260.80000000000155       0.61115233204556274     
   261.60000000000156       0.69441596563790586     
   262.40000000000157       -5.6179438289094552E-002
   263.20000000000158      -0.74010781647600066     
   264.00000000000159      -0.53382167837934436     
   264.80000000000160       0.31235652476170683     
   265.60000000000161       0.78470279691378186     
   266.40000000000163       0.31303395491547947     
   267.20000000000164      -0.53359943299113799     
   268.00000000000165      -0.73991121196455234     
   268.80000000000166       -5.7086936713356407E-002
   269.60000000000167       0.69454487266261988     
   270.40000000000168       0.61113725124557594     
   271.20000000000169      -0.20536650883588337     
   272.00000000000171      -0.77645270876972905     
   272.80000000000172      -0.41332343736386135     
   273.60000000000173       0.44497165203305566     
   274.40000000000174       0.76986674753564144     
   275.20000000000175       0.16904763535630141     
   276.00000000000176      -0.63449872947279673     
   276.80000000000177      -0.67575445827067138     
   277.60000000000178        9.4218580764379056E-002
   278.40000000000180       0.75197320521762623     
   279.20000000000181       0.50513224397339174     
   280.00000000000182      -0.34709151017275530     
   280.80000000000183      -0.78372531015229718     
   281.60000000000184      -0.27759525195304602     
   282.40000000000185       0.56108730775072757     
   283.20000000000186       0.72624437237248030     
   284.00000000000188        1.8890620840193884E-002
   284.80000000000189      -0.71159434321123649     
   285.60000000000190      -0.58638629998128011     
   286.40000000000191       0.24205389958470680     
   287.20000000000192       0.78107272227240321     
   288.00000000000193       0.38033078842055201     
   288.80000000000194      -0.47601518349172989     
   289.60000000000196      -0.76154094418923901     
   290.40000000000197      -0.13154244814201321     
   291.20000000000198       0.65632502865245157     
   292.00000000000199       0.65547289964425015     
   292.80000000000200      -0.13205022841572511     
   293.60000000000201      -0.76203898508136558     
   294.40000000000202      -0.47524219083855990     
   295.20000000000203       0.38101960099406162     
   296.00000000000205       0.78087994088075063     
   296.80000000000206       0.24150501480552511     
   297.60000000000207      -0.58724447380993017     
   298.40000000000208      -0.71085381958564930     
   299.20000000000209        1.9345166071551234E-002
   300.00000000000210       0.72693644046848627     
   300.80000000000211       0.56024750304671844     
   301.60000000000213      -0.27816692307369795     
   302.40000000000214      -0.78381296005683987     
   303.20000000000215      -0.34643848367631924     
   304.00000000000216       0.50592653013666256     
   304.80000000000217       0.75138748498219732     
   305.60000000000218        9.3720835790608303E-002
   306.40000000000219      -0.67658240086484145     
   307.20000000000221      -0.63362743259590837     
   308.00000000000222       0.16958118182133308     
   308.80000000000223       0.77028121260262428     
   309.60000000000224       0.44422761182116521     
   310.40000000000225      -0.41405367635338319     
   311.20000000000226      -0.77617069609873657     
   312.00000000000227      -0.20484892025743984     
   312.80000000000229       0.61200246973036343     
   313.60000000000230       0.69377217259599044     
   314.40000000000231       -5.7533700461775639E-002
   315.20000000000232      -0.74053260070052684     
   316.00000000000233      -0.53278007929234372     
   316.80000000000234       0.31362416788430436     
   317.60000000000235       0.78466974591988325     
   318.40000000000236       0.31172604982486524     
   319.20000000000238      -0.53463650114381234     
   320.00000000000239      -0.73943565431113978     
   320.80000000000240       -5.5673218496742782E-002
   321.60000000000241       0.69522229929087986     
   322.40000000000242       0.61027445527729829     
   323.20000000000243      -0.20671989511920530     
   324.00000000000244      -0.77667887412092007     
   324.80000000000246      -0.41216395405706230     
   325.60000000000247       0.44611120531107407     
   326.40000000000248       0.76960693468567332     
   327.20000000000249       0.16771230980672702     
   328.00000000000250      -0.63529904110179225     
   328.80000000000251      -0.67503852580918133     
   329.60000000000252        9.5587806923966734E-002
   330.40000000000254       0.75235027820733413     
   331.20000000000255       0.50404888893957323     
   332.00000000000256      -0.34834356175935699     
   332.80000000000257      -0.78364378862932793     
   333.60000000000258      -0.27627621059852747     
   334.40000000000259       0.56207635588304250     
   335.20000000000260       0.72571732204819106     
   336.00000000000261        1.7490369050208510E-002
   336.80000000000263      -0.71219871400228985     
   337.60000000000264      -0.58547185319403994     
   338.40000000000265       0.24337684653989755     
   339.20000000000266       0.78121547940280400     
   340.00000000000267       0.37912766599018344     
   340.80000000000268      -0.47711345572393959     
   341.60000000000269      -0.76120363559865867     
   342.40000000000271      -0.13018135320798119     
   343.20000000000272       0.65707675980521429     
   344.00000000000273       0.65469746808726881     
   344.80000000000274      -0.13341966769671387     
   345.60000000000275      -0.76236170561548633     
   346.40000000000276      -0.47412285664999282     
   347.20000000000277       0.38224317872012942     
   348.00000000000279       0.78073970616817001     
   348.80000000000280       0.24017353674035369     
   349.60000000000281      -0.58817917666345021     
   350.40000000000282      -0.71026736927607159     
   351.20000000000283        2.0737189204666162E-002
   352.00000000000284       0.72746940239998614     
   352.80000000000285       0.55927989203959283     
   353.60000000000286      -0.27946437562616289     
   354.40000000000288      -0.78387958087378595     
   355.20000000000289      -0.34519696034431624     
   356.00000000000290       0.50698487728443342     
   356.80000000000291       0.75098108557041077     
   357.60000000000292        9.2343316423349253E-002
   358.40000000000293      -0.67728233304216823     
   359.20000000000294      -0.63279821445153106     
   360.00000000000296       0.17094114468657873     
   360.80000000000297       0.77054346835739640     
   361.60000000000298       0.44307400802698971     
   362.40000000000299      -0.41524202388396103     
   363.20000000000300      -0.77596607365536574     
   364.00000000000301      -0.20350381481154600     
   364.80000000000302       0.61288076490807608     
   365.60000000000304       0.69312411859702516     
   366.40000000000305       -5.8919317287002282E-002
   367.20000000000306      -0.74099646321891999     
   368.00000000000307      -0.53176168078490793     
   368.80000000000308       0.31489646808318938     
   369.60000000000309       0.78466480477243816     
   370.40000000000310       0.31045201656064075     
   371.20000000000312      -0.53565279198768900     
   372.00000000000313      -0.73896446491735079     
   372.80000000000314       -5.4286426480419037E-002
   373.60000000000315       0.69586637849352473     
   374.40000000000316       0.60939399625400426     
   375.20000000000317      -0.20806420984307439     
   376.00000000000318      -0.77687646416967526     
   376.80000000000319      -0.41097692632953631     
   377.60000000000321       0.44726063721227138     
   378.40000000000322       0.76933559747587599     
   379.20000000000323       0.16635376759510079     
   380.00000000000324      -0.63612017843207780     
   380.80000000000325      -0.67432959855217167     
   381.60000000000326        9.6966264941276026E-002
   382.40000000000327       0.75274656068640378     
   383.20000000000329       0.50298330826253501     
   384.00000000000330      -0.34958865082686574     
   384.80000000000331      -0.78356971762244598     
   385.60000000000332      -0.27497489273313036     
   386.40000000000333       0.56304733761002013     
   387.20000000000334       0.72518350427025280     
   388.00000000000335        1.6099605329649158E-002
   388.80000000000337      -0.71278345024840439     
   389.60000000000338      -0.58454167038055083     
   390.40000000000339       0.24470133105833336     
   391.20000000000340       0.78134599504130253     
   392.00000000000341       0.37790844106591198     
   392.80000000000342      -0.47822152459220274     
   393.60000000000343      -0.76086525458514553     
   394.40000000000344      -0.12881090969748121     
   395.20000000000346       0.65784005125837863     
   396.00000000000347       0.65392963930453019     
   396.80000000000348      -0.13478868564476154     
   397.60000000000349      -0.76269099310215771     
   398.40000000000350      -0.47301378278376588     
   399.20000000000351       0.38345801440668742     
   400.00000000000352       0.78059767301262262     
   400.80000000000354       0.23884931810324983     
   401.60000000000355      -0.58910156898657895     
   402.40000000000356      -0.70967223966901372     
   403.20000000000357        2.2127804981334931E-002
   404.00000000000358       0.72799216816054624     
   404.80000000000359       0.55830146493085797     
   405.60000000000360      -0.28076578312586720     
   406.40000000000362      -0.78394187029805340     
   407.20000000000363      -0.34394742031942538     
   408.00000000000364       0.50804947192192940     
   408.80000000000365       0.75057635686832469     
   409.60000000000366        9.0963433579318909E-002
   410.40000000000367      -0.67798680082733498     
   411.20000000000368      -0.63197384776067589     
   412.00000000000369       0.17229770214369600     
   412.80000000000371       0.77080570685684202     
   413.60000000000372       0.44192487253131219     
   414.40000000000373      -0.41642333082269578     
   415.20000000000374      -0.77575668556139021     
   416.00000000000375      -0.20216045515282777     
   416.80000000000376       0.61375163784516795     
   417.60000000000377       0.69246884117584018     
   418.40000000000379       -6.0306286184395375E-002
   419.20000000000380      -0.74145536875591145     
   420.00000000000381      -0.53073679165776189     
   420.80000000000382       0.31617189947132940     
   421.60000000000383       0.78465847682236300     
   422.40000000000384       0.30917459668719333     
   423.20000000000385      -0.53667179451350489     
   424.00000000000387      -0.73849454920731772     
   424.80000000000388       -5.2900086669836699E-002
   425.60000000000389       0.69651078387451248     
   426.40000000000390       0.60851551064913079     
   427.20000000000391      -0.20940502023594232     
   428.00000000000392      -0.77707129804536912     
   428.80000000000393      -0.40979090522120676     
   429.60000000000394       0.44840522940507288     
   430.40000000000396       0.76905933517214020     
   431.20000000000397       0.16499466860142220     
   432.00000000000398      -0.63693700021619437     
   432.80000000000399      -0.67361548198032306     
   433.60000000000400        9.8346354372474853E-002
   434.40000000000401       0.75314024064266827     
   435.20000000000402       0.50191408112860947     
   436.00000000000404      -0.35083528947632636     
   436.80000000000405      -0.78349480967796570     
   437.60000000000406      -0.27367239610518979     
   438.40000000000407       0.56401855646968768     
   439.20000000000408       0.72464976185360142     
   440.00000000000409        1.4710031618951791E-002
   440.80000000000410      -0.71336642995408184     
   441.60000000000412      -0.58361145919587620     
   442.40000000000413       0.24602307691437797     
   443.20000000000414       0.78147301346820419     
   444.00000000000415       0.37668855622927366     
   444.80000000000416      -0.47932640276530758     
   445.60000000000417      -0.76052269070203882     
   446.40000000000418      -0.12743931176782131     
   447.20000000000420       0.65860062385290730     
   448.00000000000421       0.65315822257773870     
   448.80000000000422      -0.13615874723411059     
   449.60000000000423      -0.76301843237600908     
   450.40000000000424      -0.47190261822272450     
   451.20000000000425       0.38467304129511681     
   452.00000000000426       0.78045447009793922     
   452.80000000000427       0.23752476042996307     
   453.60000000000429      -0.59002277805661585     
   454.40000000000430      -0.70907613482516596     
   455.20000000000431        2.3517306753620404E-002
   456.00000000000432       0.72851236268491248     
   456.80000000000433       0.55732191428855482     
   457.60000000000434      -0.28206521000604057     
   458.40000000000435      -0.78400075041766992     
   459.20000000000437      -0.34269663711455411     
   460.00000000000438       0.50911182563675605     
   460.80000000000439       0.75016824138975058     
   461.60000000000440        8.9582529497562957E-002
   462.40000000000441      -0.67868918297817560     
   463.20000000000442      -0.63114689463152596     
   464.00000000000443       0.17365459893553203     
   464.80000000000445       0.77106613219098019     
   465.60000000000446       0.44077436939064973     
   466.40000000000447      -0.41760392230904897     
   467.20000000000448      -0.77554564009860338     
   468.00000000000449      -0.20081696418152828     
   468.80000000000450       0.61462063782941867     
   469.60000000000451       0.69181192556556659     
   470.40000000000452       -6.1692402283638481E-002
   471.20000000000454      -0.74191150985334020     
   472.00000000000455      -0.52971032096351700     
   472.80000000000456       0.31744584083430838     
   473.60000000000457       0.78464905149846431     
   474.40000000000458       0.30789588811537449     
   475.20000000000459      -0.53768897728946730     
   476.00000000000460      -0.73802182775093317     
   476.80000000000462       -5.1513073610130355E-002
   477.60000000000463       0.69715323553607522     
   478.40000000000464       0.60763497684478351     
   479.20000000000465      -0.21074561097341282     
   480.00000000000466      -0.77726412295917147     
   480.80000000000467      -0.40860380034624583     
   481.60000000000468       0.44954858299848649     
   482.40000000000470       0.76878104106906275     
   483.20000000000471       0.16363542875104231     
   484.00000000000472      -0.63775167007552203     
   484.80000000000473      -0.67289940553153738     
   485.60000000000474        9.9725792054580209E-002
   486.40000000000475       0.75353120043760502     
   487.20000000000476       0.50084317559378444     
   488.00000000000477      -0.35208066538126204     
   488.80000000000479      -0.78341709133503523     
   489.60000000000480      -0.27236877502920698     
   490.40000000000481       0.56498806272127400     
   491.20000000000482       0.72411356715613939     
   492.00000000000483        1.3320126863728521E-002
   492.80000000000484      -0.71394738158043125     
   493.60000000000485      -0.58267945987292769     
   494.40000000000487       0.24734422429951075     
   495.20000000000488       0.78159781625024249     
   496.00000000000489       0.37546768593224722     
   496.80000000000490      -0.48042976589035458     
   497.60000000000491      -0.76017788101026906     
   498.40000000000492      -0.12606753729688081     
   499.20000000000493       0.65935895541623923     
   500.00000000000495       0.65238474781146660     
   500.80000000000496      -0.13752824286199461     
   501.60000000000497      -0.76334324638805162     
   502.40000000000498      -0.47078984684282027     
   503.20000000000499       0.38588685191625988     
   504.00000000000500       0.78030865353421608     
   504.80000000000501       0.23619929018068964     
   505.60000000000502      -0.59094222991781464     
   506.40000000000504      -0.70847777172101978     
   507.20000000000505        2.4906867632992435E-002
   508.00000000000506       0.72903040262432806     
   508.80000000000507       0.55634069974522282     
   509.60000000000508      -0.28336379573668269     
   510.40000000000509      -0.78405726874832637     
   511.20000000000510      -0.34144491477695560     
   512.00000000000512       0.51017251894373083     
   512.80000000000507       0.74975779293173317     
   513.60000000000502        8.8201452500865196E-002
   514.40000000000498      -0.67938930163755828     
   515.20000000000493      -0.63031790605559412     
   516.00000000000489       0.17501091928607126     
   516.80000000000484       0.77132400780320021     
   517.60000000000480       0.43962239085656507     
   518.40000000000475      -0.41878324422089630     
   519.20000000000471      -0.77533209754193277     
   520.00000000000466      -0.19947275734081937     
   520.80000000000462       0.61548778118489833     
   521.60000000000457       0.69115285744931720     
   522.40000000000452       -6.3078373784999586E-002
   523.20000000000448      -0.74236538204955782     
   524.00000000000443      -0.52868226035514165     
   524.80000000000439       0.31871878024608413     
   525.60000000000434       0.78463718349881484     
   526.40000000000430       0.30661629128867141     
   527.20000000000425      -0.53870441160324478     
   528.00000000000421      -0.73754676549192588     
   528.80000000000416       -5.0125938235064615E-002
   529.60000000000412       0.69779341197371247     
   530.40000000000407       0.60675248431965922     
   531.20000000000402      -0.21208555405930651     
   532.00000000000398      -0.77745444109855011     
   532.80000000000393      -0.40741536131381023     
   533.60000000000389       0.45069056982788308     
   534.40000000000384       0.76850031576385425     
   535.20000000000380       0.16227564072304668     
   536.00000000000375      -0.63856437665535215     
   536.80000000000371      -0.67218124412999458     
   537.60000000000366       0.10110492835617102     
   538.40000000000362       0.75391980671752079     
   539.20000000000357       0.49977074601217969     
   540.00000000000352      -0.35332491973345576     
   540.80000000000348      -0.78333689786723371     
   541.60000000000343      -0.27106433714923550     
   542.40000000000339       0.56595575125445252     
   543.20000000000334       0.72357506613856892     
   544.00000000000330        1.1930185290244255E-002
   544.80000000000325      -0.71452603857355901     
   545.60000000000321      -0.58174559737138010     
   546.40000000000316       0.24866462181955562     
   547.20000000000312       0.78172013054882916     
   548.00000000000307       0.37424561531066103     
   548.80000000000302      -0.48153165251096763     
   549.60000000000298      -0.75983068159545120     
   550.40000000000293      -0.12469535830221679     
   551.20000000000289       0.66011522800262967     
   552.00000000000284       0.65160924568246625     
   552.80000000000280      -0.13889730673806344     
   553.60000000000275      -0.76366565000097186     
   554.40000000000271      -0.46967562524798306     
   555.20000000000266       0.38709943851122913     
   556.00000000000261       0.78016035970020992     
   556.80000000000257       0.23487309406300627     
   557.60000000000252      -0.59185979760619090     
   558.40000000000248      -0.70787715656501060     
   559.20000000000243        2.6296359295624905E-002
   560.00000000000239       0.72954611944860648     
   560.80000000000234       0.55535772124978122     
   561.60000000000230      -0.28466151735480583     
   562.40000000000225      -0.78411130409249497     
   563.20000000000221      -0.34019211635495039     
   564.00000000000216       0.51123162788201204     
   564.80000000000211       0.74934498895418977     
   565.60000000000207        8.6820099612533563E-002
   566.40000000000202      -0.68008728036875377     
   567.20000000000198      -0.62948695067733496     
   568.00000000000193       0.17636668999829674     
   568.80000000000189       0.77157943662887229     
   569.60000000000184       0.43846904716899604     
   570.40000000000180      -0.41996124513761302     
   571.20000000000175      -0.77511609290887895     
   572.00000000000171      -0.19812792910449017     
   572.80000000000166       0.61635297249010357     
   573.60000000000161       0.69049160006761723     
   574.40000000000157       -6.4464160213152377E-002
   575.20000000000152      -0.74281689777479010     
   576.00000000000148      -0.52765253419745406     
   576.80000000000143       0.31999073927963007     
   577.60000000000139       0.78462283459788118     
   578.40000000000134       0.30533573591468821     
   579.20000000000130      -0.53971816056275834     
   580.00000000000125      -0.73706938372267339     
   580.80000000000121       -4.8738647968316062E-002
   581.60000000000116       0.69843138061771759     
   582.40000000000111       0.60586809282636489     
   583.20000000000107      -0.21342483449106486     
   584.00000000000102      -0.77764228997182394     
   584.80000000000098      -0.40622565177007131     
   585.60000000000093       0.45183113996900293     
   586.40000000000089       0.76821715347704322     
   587.20000000000084       0.16091534366495996     
   588.00000000000080      -0.63937506258062671     
   588.80000000000075      -0.67146096029919367     
   589.60000000000070       0.10248376031283901     
   590.40000000000066       0.75430602291823978     
   591.20000000000061       0.49869674844333345     
   592.00000000000057      -0.35456807975984372     
   592.80000000000052      -0.78325422790347698     
   593.60000000000048      -0.26975905499940522     
   594.40000000000043       0.56692166103495867     
   595.20000000000039       0.72303428725339103     
   596.00000000000034        1.0540206766767701E-002
   596.80000000000030      -0.71510243023903219     
   597.60000000000025      -0.58080991134157856     
   598.40000000000020       0.24998424522338125     
   599.20000000000016       0.78183996263720479     
   600.00000000000011       0.37302237571231478     
   600.80000000000007      -0.48263202740601940     
   601.60000000000002      -0.75948107667749487     
   602.39999999999998      -0.12332278664332286     
   603.19999999999993       0.66086941263789911     
   603.99999999999989       0.65083169089843129     
   604.79999999999984      -0.14026594680422177     
   605.59999999999980      -0.76398563302031886     
   606.39999999999975      -0.46855993363508597     
   607.19999999999970       0.38831082053831645     
   607.99999999999966       0.78000959894515387     
   608.79999999999961       0.23354616716243481     
   609.59999999999957      -0.59277550000989099     
   610.39999999999952      -0.70727431184709144     
   611.19999999999948        2.7685770766708862E-002
   611.99999999999943       0.73005952154351683     
   612.79999999999939       0.55437300124413136     
   613.59999999999934      -0.28595835401850112     
   614.39999999999930      -0.78416285145297993     
   615.19999999999925      -0.33893825513050146     
   615.99999999999920       0.51228913146197785     
   616.79999999999916       0.74892981604863973     
   617.59999999999911        8.5438472182359226E-002
   618.39999999999907      -0.68078310703725875     
   619.19999999999902      -0.62865401553415179     
   619.99999999999898       0.17772191859240705     
   620.79999999999893       0.77183241938533809     
   621.59999999999889       0.43731433300168188     
   622.39999999999884      -0.42113793511012931     
   623.19999999999879      -0.77489763718279625     
   623.99999999999875      -0.19678248412721411     
   624.79999999999870       0.61721621798937698     
   625.59999999999866       0.68982816792198820     
   626.39999999999861       -6.5849749301579275E-002
   627.19999999999857      -0.74326605617475594     
   627.99999999999852      -0.52662115393694220     
   628.79999999999848       0.32126170329601411     
   629.59999999999843       0.78460599806609510     
   630.39999999999839       0.30405422704434221     
   631.19999999999834      -0.54073021295452683     
   631.99999999999829      -0.73658967444111523     
   632.79999999999825       -4.7351201909744289E-002
   633.59999999999820       0.69906713757970429     
   634.39999999999816       0.60498179802067198     
   635.19999999999811      -0.21476345609885561     
   635.99999999999807      -0.77782767326657942     
   636.79999999999802      -0.40503467355088718     
   637.59999999999798       0.45297029648336284     
   638.39999999999793       0.76793156237005422     
   639.19999999999789       0.15955454498388821     
   639.99999999999784      -0.64018372762719422     
   640.79999999999779      -0.67073856246549901     
   641.59999999999775       0.10386227772078616     
   642.39999999999770       0.75468984537201744     
   643.19999999999766       0.49762118862037097     
   643.99999999999761      -0.35581013599792921     
   644.79999999999757      -0.78316907644758005     
   645.59999999999752      -0.26845293088894862     
   646.39999999999748       0.56788578633681241     
   647.19999999999743       0.72249122720492243     
   647.99999999999739        9.1501913112104205E-003
   648.79999999999734      -0.71567655587663259     
   649.59999999999729      -0.57987240233584625     
   650.39999999999725       0.25130309481372826     
   651.19999999999720       0.78195731593910278     
   651.99999999999716       0.37179797176971441     
   652.79999999999711      -0.48373088955595300     
   653.59999999999707      -0.75912907149412201     
   654.39999999999702      -0.12194982959807887     
   655.19999999999698       0.66162150653658702     
   655.99999999999693       0.65005208831017680     
   656.79999999999688      -0.14163415530810208     
   657.59999999999684      -0.76430319183471340     
   658.39999999999679      -0.46744277539796064     
   659.19999999999675       0.38952099184892230     
   659.99999999999670       0.77985636857941432     
   660.79999999999666       0.23221851154757789     
   661.59999999999661      -0.59368933396627765     
   662.39999999999657      -0.70666923737441167     
   663.19999999999652        2.9075100442156776E-002
   663.99999999999648       0.73057060895848469     
   664.79999999999643       0.55338654259797382     
   665.59999999999638      -0.28725430365170435     
   666.39999999999634      -0.78421191316679972     
   667.19999999999629      -0.33768333638974851     
   667.99999999999625       0.51334502675287141     
   668.79999999999620       0.74851227746332827     
   669.59999999999616        8.4056576538579120E-002
   670.39999999999611      -0.68147677832268672     
   671.19999999999607      -0.62781910380242334     
   671.99999999999602       0.17907659914721752     
   672.79999999999598       0.77208295343270139     
   673.59999999999593       0.43615825116978324     
   674.39999999999588      -0.42231330976126213     
   675.19999999999584      -0.77467672950651112     
   675.99999999999579      -0.19543642507122483     
   676.79999999999575       0.61807751546990797     
   677.59999999999570       0.68916256254079400     
   678.39999999999566       -6.7235138151260587E-002
   679.19999999999561      -0.74371285715076363     
   679.99999999999557      -0.52558812331529103     
   680.79999999999552       0.32253166893910101     
   681.59999999999548       0.78458667530954473     
   682.39999999999543       0.30277176979490583     
   683.19999999999538      -0.54174056522322023     
   683.99999999999534      -0.73610763986060623     
   684.79999999999529       -4.5963605483930636E-002
   685.59999999999525       0.69970067984326501     
   686.39999999999520       0.60409360253662048     
   687.19999999999516      -0.21610141406236993     
   687.99999999999511      -0.77801058935982104     
   688.79999999999507      -0.40384242962527750     
   689.59999999999502       0.45410803579550385     
   690.39999999999498       0.76764354277612301     
   691.19999999999493       0.15819324801241630     
   691.99999999999488      -0.64099036981195656     
   692.79999999999484      -0.67001405298948380     
   693.59999999999479       0.10524047687756122     
   694.39999999999475       0.75507127367542193     
   695.19999999999470       0.49654407049452376     
   695.99999999999466      -0.35705108456071089     
   696.79999999999461      -0.78308144437543237     
   697.59999999999457      -0.26714596958960590     
   698.39999999999452       0.56884812360810055     
   699.19999999999447       0.72194588783592928     
   699.99999999999443        7.7601437342840196E-003
   700.79999999999438      -0.71624841299834763     
   701.59999999999434      -0.57893307299669616     
   702.39999999999429       0.25262116633334741     
   703.19999999999425       0.78207218961806513     
   703.99999999999420       0.37057240680348025     
   704.79999999999416      -0.48482823568904998     
   705.59999999999411      -0.75877466707354735     
   706.39999999999407      -0.12057649099409018     
   707.19999999999402       0.66237150771670938     
   707.99999999999397       0.64927044064042028     
   708.79999999999393      -0.14300192814749846     
   709.59999999999388      -0.76461832585036071     
   710.39999999999384      -0.46632415446898001     
   711.19999999999379       0.39072994844388953     
   711.99999999999375       0.77970066929864912     
   712.79999999999370       0.23089013171172168     
   713.59999999999366      -0.59460129616796764     
   714.39999999999361      -0.70606193499066072     
   715.19999999999357        3.0464343853390696E-002
   715.99999999999352       0.73107937970594505     
   716.79999999999347       0.55239834816766320     
   717.59999999999343      -0.28854936224702044     
   718.39999999999338      -0.78425848894103511     
   719.19999999999334      -0.33642736377908644     
   719.99999999999329       0.51439931058603749     
   720.79999999999325       0.74809237462071809     
   721.59999999999320        8.2674416803536377E-002
   722.39999999999316      -0.68216829223617037     
   723.19999999999311      -0.62698221836466284     
   723.99999999999307       0.18043072741796762     
   724.79999999999302       0.77233103814867055     
   725.59999999999297       0.43500080555583914     
   726.39999999999293      -0.42348736517417668     
   727.19999999999288      -0.77445337062200892     
   727.99999999999284      -0.19408975626886482     
   728.79999999999279       0.61893686192137454     
   729.59999999999275       0.68849478593590863     
   730.39999999999270       -6.8620322454708171E-002
   731.19999999999266      -0.74415729912041539     
   731.99999999999261      -0.52455344543801763     
   732.79999999999256       0.32380063230477030     
   733.59999999999252       0.78456486640590017     
   734.39999999999247       0.30148836805010415     
   735.19999999999243      -0.54274921425755229     
   735.99999999999238      -0.73562328164712820     
   736.79999999999234       -4.4575862958641022E-002
   737.59999999999229       0.70033200547631080     
   738.39999999999225       0.60320350935484468     
   739.19999999999220      -0.21743870413134103     
   739.99999999999216      -0.77819103772741793     
   740.79999999999211      -0.40264892386096984     
   741.59999999999206       0.45524435414106035     
   742.39999999999202       0.76735309560202669     
   743.19999999999197       0.15683145701576817     
   743.99999999999193      -0.64179498640358290     
   744.79999999999188      -0.66928743410358293     
   745.59999999999184       0.10661835354125648     
   746.39999999999179       0.75545030656599865     
   747.19999999999175       0.49546539739141027     
   747.99999999999170      -0.35829092159929132     
   748.79999999999166      -0.78299133203677673     
   749.59999999999161      -0.26583817514015895     
   750.39999999999156       0.56980866981318690     
   751.19999999999152       0.72139827099586529     
   751.99999999999147        6.3700683594388741E-003
   752.79999999999143      -0.71681799979564120     
   753.59999999999138      -0.57799192640002184     
   754.39999999999134       0.25393845558742945     
   755.19999999999129       0.78218458332431440     
   755.99999999999125       0.36934568470716056     
   756.79999999999120      -0.48592406220764173     
   757.59999999999116      -0.75841786453520887     
   758.39999999999111      -0.11920277508436550     
   759.19999999999106       0.66311941369462823     
   759.99999999999102       0.64848675034211678     
   760.79999999999097      -0.14436926110800863     
   761.59999999999093      -0.76493103406940710     
   762.39999999999088      -0.46520407435210254     
   763.19999999999084       0.39193768652829875     
   763.99999999999079       0.77954250167763062     
   764.79999999999075       0.22956103179098997     
   765.59999999999070      -0.59551138368877732     
   766.39999999999065      -0.70545240671149756     
   767.19999999999061        3.1853496668842629E-002
   767.99999999999056       0.73158583214904693     
   768.79999999999052       0.55140842113624311     
   769.59999999999047      -0.28984352568851168     
   770.39999999999043      -0.78430257863792241     
   771.19999999999038      -0.33517034124450829     
   771.99999999999034       0.51545197952740374     
   772.79999999999029       0.74767010886429397     
   773.59999999999025        8.1291997242116998E-002
   774.39999999999020      -0.68285764651830705     
   775.19999999999015      -0.62614336187653163     
   775.99999999999011       0.18178429921128514     
   776.79999999999006       0.77257667277074582     
   777.59999999999002       0.43384199980594140     
   778.39999999998997      -0.42466009762524282     
   779.19999999998993      -0.77422756131156856     
   779.99999999998988      -0.19274248191775301     
   780.79999999998984       0.61979425455940584     
   781.59999999998979       0.68782484028977797     
   782.39999999998975       -7.0005297894592089E-002
   783.19999999998970      -0.74459938064812903     
   783.99999999998965      -0.52351712360655955     
   784.79999999998961       0.32506858936309357     
   785.59999999998956       0.78454057144361022     
   786.39999999998952       0.30020402582051164     
   787.19999999998947      -0.54375615678218547     
   787.99999999998943      -0.73513660136378811     
   788.79999999998938       -4.3187978616213263E-002
   789.59999999998934       0.70096111243105874     
   790.39999999998929       0.60231152131388921     
   791.19999999998925      -0.21877532214048923     
   791.99999999998920      -0.77836901782966106     
   792.79999999998915      -0.40145416002040607     
   793.59999999998911       0.45637924788750567     
   794.39999999998906       0.76706022183277112     
   795.19999999998902       0.15546917623273004     
   795.99999999998897      -0.64259757478255841     
   796.79999999998893      -0.66855870815970131     
   797.59999999998888       0.10799590341911058     
   798.39999999998884       0.75582694282386509     
   799.19999999998879       0.49438517273449040     
