   0.0000000000000000       0.33005618824493121     
  0.80000000000000004       -2.8231339749842099E-002
   1.6000000000000001      -0.78557396445923033     
   2.4000000000000004       -1.1646391185207232     
   3.2000000000000002      -0.41289598338441147     
   4.0000000000000000       0.78244123425513123     
   4.7999999999999998        1.1092125159280346     
   5.5999999999999996       0.41290493410016671     
   6.3999999999999995      -0.23116861829027102     
   7.1999999999999993      -0.30984975682614579     
   7.9999999999999991      -0.35583740010567200     
   8.7999999999999989      -0.63909940821346656     
   9.5999999999999996      -0.51673249350624650     
   10.400000000000000       0.33048120802534209     
   11.200000000000001        1.0252482970428489     
   12.000000000000002       0.65016377673528924     
   12.800000000000002      -0.27459033393604471     
   13.600000000000003      -0.62459164219623697     
   14.400000000000004      -0.31075985943802892     
   15.200000000000005      -0.13786618088158792     
   16.000000000000004      -0.27357974974855670     
   16.800000000000004       -5.9038423877689483E-002
   17.600000000000005       0.59819315078433166     
   18.400000000000006       0.79017298146616066     
   19.200000000000006        7.7073297745600788E-002
   20.000000000000007      -0.66855850023669239     
   20.800000000000008      -0.55854239983980392     
   21.600000000000009        1.5183592942410451E-003
   22.400000000000009       0.12858387722707953     
   23.200000000000010       -7.1697782761195983E-002
   24.000000000000011       0.11243526222537839     
   24.800000000000011       0.56096102008870963     
   25.600000000000012       0.42577067013489717     
   26.400000000000013      -0.33731255248162911     
   27.200000000000014      -0.72601175016803698     
   28.000000000000014      -0.24690933593474429     
   28.800000000000015       0.31298751293275673     
   29.600000000000016       0.22513139554018002     
   30.400000000000016       -6.8710496999808912E-002
   31.200000000000017       0.11423184008238105     
   32.000000000000014       0.42359092049170843     
   32.800000000000011       0.11448038787642750     
   33.600000000000009      -0.53437086969614556     
   34.400000000000006      -0.55529891543705701     
   35.200000000000003       0.10444175240634934     
   36.000000000000000       0.47302663813008661     
   36.799999999999997       0.13852058377238874     
   37.599999999999994      -0.16619144822558507     
   38.399999999999991        8.2549670177041623E-002
   39.199999999999989       0.30321673195470500     
   39.999999999999986       -9.0573299643150751E-002
   40.799999999999983      -0.55612687568693164     
   41.599999999999980      -0.28861034277614617     
   42.399999999999977       0.37045370078308182     
   43.199999999999974       0.45375106342984134     
   43.999999999999972       -5.2624553093965909E-002
   44.799999999999969      -0.25423118118471405     
   45.599999999999966        9.4562661605466780E-002
   46.399999999999963       0.22992010313807706     
   47.199999999999960      -0.20525720620482793     
   47.999999999999957      -0.47482524200277465     
   48.799999999999955       -2.4037203037979016E-002
   49.599999999999952       0.50133940029605739     
   50.399999999999949       0.29900011327840348     
   51.199999999999946      -0.25299948159970942     
   51.999999999999943      -0.26522821963554744     
   52.799999999999940       0.16211200127266545     
   53.599999999999937       0.18349377769316977     
   54.399999999999935      -0.26748358968522001     
   55.199999999999932      -0.35025392909985942     
   55.999999999999929       0.18523760256865796     
   56.799999999999926       0.50169245437292964     
   57.599999999999923        7.9759382803320733E-002
   58.399999999999920      -0.39070240458752370     
   59.199999999999918      -0.18379031279955391     
   59.999999999999915       0.25474056000572309     
   60.799999999999912       0.12993314100515418     
   61.599999999999909      -0.30636516909700195     
   62.399999999999906      -0.21607458895305953     
   63.199999999999903       0.32208849081371727     
   63.999999999999901       0.40552683552841529     
   64.799999999999898      -0.13754963770715800     
   65.599999999999895      -0.43081485857434160     
   66.399999999999892       -3.4565030566925448E-002
   67.199999999999889       0.32826740316378672     
   67.999999999999886        4.6735002921604429E-002
   68.799999999999883      -0.33080520693954463     
   69.599999999999881       -8.4581809304666355E-002
   70.399999999999878       0.39041323837564329     
   71.199999999999875       0.25421328997618081     
   71.999999999999872      -0.30649701040533534     
   72.799999999999869      -0.37332870588691536     
   73.599999999999866       0.13803344143975782     
   74.399999999999864       0.34714618792723362     
   75.199999999999861       -6.6915369951754677E-002
   75.999999999999858      -0.33319897384439418     
   76.799999999999855        4.2028801372969105E-002
   77.599999999999852       0.40116782267589474     
   78.399999999999849        8.3576064742810985E-002
   79.199999999999847      -0.40367536134002108     
   79.999999999999844      -0.24230597792895964     
   80.799999999999841       0.28881688797731991     
   81.599999999999838       0.29632966266078276     
   82.399999999999835      -0.19264176887596501     
   83.199999999999832      -0.30026565166165781     
   83.999999999999829       0.16126517168257670     
   84.799999999999827       0.36415082243041552     
   85.599999999999824       -8.0171075527266600E-002
   86.399999999999821      -0.42470694887059646     
   87.199999999999818       -7.2634932614333680E-002
   87.999999999999815       0.38427452744682061     
   88.799999999999812       0.18284347335151069     
   89.599999999999810      -0.30244562616104753     
   90.399999999999807      -0.22386793965297441     
   91.199999999999804       0.26495618657901027     
   91.999999999999801       0.28651950009914318     
   92.799999999999798      -0.21914840579875394     
   93.599999999999795      -0.37768197066126286     
   94.399999999999793       0.10063688282685090     
   95.199999999999790       0.40780600196397904     
   95.999999999999787        3.0050518252010050E-002
   96.799999999999784      -0.36953905158320388     
   97.599999999999781      -0.10729464257192245     
   98.399999999999778       0.33969635318397645     
   99.199999999999775       0.17548657834558351     
   99.999999999999773      -0.32086032227542638     
   100.79999999999977      -0.27744924809643579     
   101.59999999999977       0.24855424790316716     
   102.39999999999976       0.35941664452556216     
   103.19999999999976      -0.13109352080365572     
   103.99999999999976      -0.37653615555712294     
   104.79999999999976        3.4236150925148645E-002
   105.59999999999975       0.37118462294451648     
   106.39999999999975        4.1576918707597943E-002
   107.19999999999975      -0.37621381733731124     
   107.99999999999974      -0.14214364008959382     
   108.79999999999974       0.35074850782706923     
   109.59999999999974       0.25211772843218216     
   110.39999999999974      -0.27025765093737775     
   111.19999999999973      -0.31952236310378224     
   111.99999999999973       0.17746872747707088     
   112.79999999999973       0.34966967937078103     
   113.59999999999972       -9.9905125486955348E-002
   114.39999999999972      -0.37943957679592938     
   115.19999999999972        8.5776821957024851E-003
   115.99999999999972       0.39571437103353352     
   116.79999999999971       0.10707157765520575     
   117.59999999999971      -0.36361840359793712     
   118.39999999999971      -0.20798407345531378     
   119.19999999999970       0.29707627918841217     
   119.99999999999970       0.27418801088995243     
   120.79999999999970      -0.22989626362077559     
   121.59999999999970      -0.32954214780758173     
   122.39999999999969       0.15459686699725905     
   123.19999999999969       0.38021800098962188     
   123.99999999999969       -5.1074918941120928E-002
   124.79999999999968      -0.39703724936103757     
   125.59999999999968       -6.1560330689100939E-002
   126.39999999999968       0.37152928370158006     
   127.19999999999968       0.15407455399100844     
   127.99999999999967      -0.32865436543677129     
   128.79999999999967      -0.23207045470696436     
   129.59999999999968       0.27655912648355535     
   130.39999999999969       0.30866913867946755     
   131.19999999999970      -0.19794520726980791     
   131.99999999999972      -0.36700066095869349     
   132.79999999999973        9.4742546846303510E-002
   133.59999999999974       0.38741870444553850     
   134.39999999999975        7.4607829406475035E-003
   135.19999999999976      -0.37971867583352592     
   135.99999999999977       -9.9761381857879861E-002
   136.79999999999978       0.35771760984012346     
   137.59999999999980       0.19246177464763325     
   138.39999999999981      -0.31227842464910971     
   139.19999999999982      -0.28001457428991966     
   139.99999999999983       0.23538638365470704     
   140.79999999999984       0.34171687206862145     
   141.59999999999985      -0.14231100300114663     
   142.39999999999986      -0.37348484671206889     
   143.19999999999987        4.8620555795146070E-002
   143.99999999999989       0.38619324295925056     
   144.79999999999990        4.8754704926923520E-002
   145.59999999999991      -0.37813174121139004     
   146.39999999999992      -0.15085219120661564     
   147.19999999999993       0.33838844132374646     
   147.99999999999994       0.24194493480312132     
   148.79999999999995      -0.27111252128092966     
   149.59999999999997      -0.30953564490949070     
   150.39999999999998       0.19096327956019388     
   151.19999999999999       0.35712120493044408     
   152.00000000000000      -0.10153859398783366     
   152.80000000000001      -0.38654484768747127     
   153.60000000000002        7.9551451128423434E-005
   154.40000000000003       0.38832325848017996     
   155.20000000000005       0.10440207977779226     
   156.00000000000006      -0.35828420380143333     
   156.80000000000007      -0.19712437008163924     
   157.60000000000008       0.30536674126358204     
   158.40000000000009       0.27407775936494816     
   159.20000000000010      -0.23640571188276871     
   160.00000000000011      -0.33666359432615395     
   160.80000000000013       0.14981783690962025     
   161.60000000000014       0.37816017679786534     
   162.40000000000015       -4.8974395275167226E-002
   163.20000000000016      -0.38997548555523837     
   164.00000000000017       -5.3612167843697045E-002
   164.80000000000018       0.37381680780115817     
   165.60000000000019       0.14908809977008325     
   166.40000000000020      -0.33578673380450852     
   167.20000000000022      -0.23608026908145488     
   168.00000000000023       0.27600821870024406     
   168.80000000000024       0.31001828543672233     
   169.60000000000025      -0.19428983816015793     
   170.40000000000026      -0.36121721346698343     
   171.20000000000027        9.8607656705948510E-002
   172.00000000000028       0.38522302831895089     
   172.80000000000030        9.3207070268369607E-004
   173.60000000000031      -0.38456583367679964     
   174.40000000000032       -9.9937201385654040E-002
   175.20000000000033       0.35993353875604345     
   176.00000000000034       0.19474394517451993     
   176.80000000000035      -0.30932186979452342     
   177.60000000000036      -0.27661758090331007     
   178.40000000000038       0.23585372257944087     
   179.20000000000039       0.33736732088839316     
   180.00000000000040      -0.14781178495499575     
   180.80000000000041      -0.37498855781071216     
   181.60000000000042        5.1263193363373760E-002
   182.40000000000043       0.38909102643287746     
   183.20000000000044        5.0169687732297297E-002
   184.00000000000045      -0.37670726060491733     
   184.80000000000047      -0.14952038922072625     
   185.60000000000048       0.33690778562196533     
   186.40000000000049       0.23743968528754184     
   187.20000000000050      -0.27432313576755857     
   188.00000000000051      -0.30813432094109955     
   188.80000000000052       0.19469689812009222     
   189.60000000000053       0.35903764917393843     
   190.40000000000055      -0.10165651232018558     
   191.20000000000056      -0.38634956940719045     
   192.00000000000057        2.8970529010891033E-004
   192.80000000000058       0.38622726956303077     
   193.60000000000059       0.10089239617794843     
   194.40000000000060      -0.35911009993425080     
   195.20000000000061      -0.19402460928231635     
   196.00000000000063       0.30861923957446258     
   196.80000000000064       0.27425432941986050     
   197.60000000000065      -0.23774611849593397     
   198.40000000000066      -0.33687654435039005     
   199.20000000000067       0.14977858673216865     
   200.00000000000068       0.37622870135238173     
   200.80000000000069       -5.1161797076048787E-002
   201.60000000000070      -0.38901391032206661     
   202.40000000000072       -5.0102254912759825E-002
   203.20000000000073       0.37564124983694880     
   204.00000000000074       0.14763941461304303     
   204.80000000000075      -0.33753098496824524     
   205.60000000000076      -0.23594165118868732     
   206.40000000000077       0.27615940384587051     
   207.20000000000078       0.30846358420077929     
   208.00000000000080      -0.19534131221842471     
   208.80000000000081      -0.35926241778369372     
   209.60000000000082       0.10157858493457622     
   210.40000000000083       0.38537422032520607     
   211.20000000000084       -1.4814095432066909E-003
   212.00000000000085      -0.38587137654361731     
   212.80000000000086       -9.9079350242589237E-002
   213.60000000000088       0.36025516245686540     
   214.40000000000089       0.19343888569399467     
   215.20000000000090      -0.30958636110859616     
   216.00000000000091      -0.27433463725284540     
   216.80000000000092       0.23780156649578749     
   217.60000000000093       0.33612385970349928     
   218.40000000000094      -0.15037217306987194     
   219.20000000000095      -0.37531276562386962     
   220.00000000000097        5.2761125307769996E-002
   220.80000000000098       0.38928553352509737     
   221.60000000000099        4.8919798037821816E-002
   222.40000000000100      -0.37646071943147158     
   223.20000000000101      -0.14732819744616743     
   224.00000000000102       0.33773628229697700     
   224.80000000000103       0.23533844017620026     
   225.60000000000105      -0.27634863011093919     
   226.40000000000106      -0.30734659022756949     
   227.20000000000107       0.19644510236403667     
   228.00000000000108       0.35877252906045504     
   228.80000000000109      -0.10292731465348615     
   229.60000000000110      -0.38571727551391094     
   230.40000000000111        2.1834312247266952E-003
   231.20000000000113       0.38607059073151145     
   232.00000000000114        9.8499928017825256E-002
   232.80000000000115      -0.36019788366256528     
   233.60000000000116      -0.19234636750241696     
   234.40000000000117       0.31012567281034464     
   235.20000000000118       0.27334861608106703     
   236.00000000000119      -0.23894005823730841     
   236.80000000000121      -0.33587861156049431     
   237.60000000000122       0.15127934351623185     
   238.40000000000123       0.37530976133643296     
   239.20000000000124       -5.3383693203726157E-002
   240.00000000000125      -0.38905184173094448     
   240.80000000000126       -4.7958476593012722E-002
   241.60000000000127       0.37649535155583530     
   242.40000000000128       0.14613885911716701     
   243.20000000000130      -0.33842807607811304     
   244.00000000000131      -0.23458865803270701     
   244.80000000000132       0.27720045558294681     
   245.60000000000133       0.30701383918585456     
   246.40000000000134      -0.19707843766105271     
   247.20000000000135      -0.35836428698179379     
   248.00000000000136       0.10371537157363347     
   248.80000000000138       0.38535620113758462     
   249.60000000000139       -3.3326197709271366E-003
   250.40000000000140      -0.38623233421734510     
   251.20000000000141       -9.7450471711877096E-002
   252.00000000000142       0.36076151237463550     
   252.80000000000143       0.19167605651263558     
   253.60000000000144      -0.31065930221319599     
   254.40000000000146      -0.27275243168982455     
   255.20000000000147       0.23952667022001328     
   256.00000000000148       0.33523335216099626     
   256.80000000000149      -0.15222025634553854     
   257.60000000000150      -0.37497980280110976     
   258.40000000000151        5.4490315792231736E-002
   259.20000000000152       0.38918668726093608     
   260.00000000000153        4.7055649878741557E-002
   260.80000000000155      -0.37679450308987644     
   261.60000000000156      -0.14537394766447778     
   262.40000000000157       0.33877474804013341     
   263.20000000000158       0.23376059353802703     
   264.00000000000159      -0.27783394761481894     
   264.80000000000160      -0.30630653225806692     
   265.60000000000161       0.19802590144043286     
   266.40000000000163       0.35804324861770476     
   267.20000000000164      -0.10467612708820184     
   268.00000000000165      -0.38531813416882976     
   268.80000000000166        4.1930212198519889E-003
   269.60000000000167       0.38629430292131495     
   270.40000000000168        9.6536959904564346E-002
   271.20000000000169      -0.36104032867312363     
   272.00000000000171      -0.19074088201815925     
   272.80000000000172       0.31129294268539537     
   273.60000000000173       0.27204884519437988     
   274.40000000000174      -0.24035578878208252     
   275.20000000000175      -0.33482593191079207     
   276.00000000000176       0.15305630646989848     
   276.80000000000177       0.37472768552677194     
   277.60000000000178       -5.5386987380401931E-002
   278.40000000000180      -0.38910199151384667     
   279.20000000000181       -4.6048466653856313E-002
   280.00000000000182       0.37703245465907315     
   280.80000000000183       0.14442867588127706     
   281.60000000000184      -0.33931473476672536     
   282.40000000000185      -0.23303374267228261     
   283.20000000000186       0.27850682721661657     
   284.00000000000188       0.30575052872349512     
   284.80000000000189      -0.19879719155070324     
   285.60000000000190      -0.35762022214785577     
   286.40000000000191       0.10560994532430773     
   287.20000000000192       0.38514748985537239     
   288.00000000000193       -5.2095636038800852E-003
   288.80000000000194      -0.38644957800393126     
   289.60000000000196       -9.5608689920427203E-002
   290.40000000000197       0.36142685027698052     
   291.20000000000198       0.18994366127214946     
   292.00000000000199      -0.31183391638218461     
   292.80000000000200      -0.27134806827979463     
   293.60000000000201       0.24109140485819114     
   294.40000000000202       0.33429281402247568     
   295.20000000000203      -0.15397682804320018     
   296.00000000000205      -0.37447629237211427     
   296.80000000000206        5.6359719670481090E-002
   297.60000000000207       0.38912431696601563     
   298.40000000000208        4.5120968449130106E-002
   299.20000000000209      -0.37725930209934966     
   300.00000000000210      -0.14354548297792741     
   300.80000000000211       0.33975632113397036     
   301.60000000000213       0.23223094548421547     
   302.40000000000214      -0.27919116169703956     
   303.20000000000215      -0.30514111956797635     
   304.00000000000216       0.19965160833655221     
   304.80000000000217       0.35726401366045496     
   305.60000000000218      -0.10652665311214232     
   306.40000000000219      -0.38501626276378365     
   307.20000000000221        6.1524643961955450E-003
   308.00000000000222       0.38653898227032873     
   308.80000000000223        9.4660988359955345E-002
   309.60000000000224      -0.36177769394420045     
   310.40000000000225      -0.18908118898958173     
   311.20000000000226       0.31243099132620711     
   312.00000000000227       0.27066604342270811     
   312.80000000000229      -0.24185183723043729     
   313.60000000000230      -0.33381329145553457     
   314.40000000000231       0.15484365177393528     
   315.20000000000232       0.37420132233610515     
   316.00000000000233       -5.7311899955058254E-002
   316.80000000000234      -0.38909610510774156     
   317.60000000000235       -4.4145377602614944E-002
   318.40000000000236       0.37750534867955549     
   319.20000000000238       0.14264631578822140     
   320.00000000000239      -0.34023721310879118     
   320.80000000000240      -0.23146996409360934     
   321.60000000000241       0.27985243886830979     
   322.40000000000242       0.30454071416746520     
   323.20000000000243      -0.20046943513553095     
   324.00000000000244      -0.35686662906685596     
   324.80000000000246       0.10746358338848033     
   325.60000000000247       0.38487520977383061     
   326.40000000000248       -7.1253746972614884E-003
   327.20000000000249      -0.38666095647994525     
   328.00000000000250       -9.3732928610997246E-002
   328.80000000000251       0.36213096532171651     
   329.60000000000252       0.18824298731153902     
   330.40000000000254      -0.31299498136130377     
   331.20000000000255      -0.26996295356125571     
   332.00000000000256       0.24260842813687328     
   332.80000000000257       0.33331027210935271     
   333.60000000000258      -0.15573718937493591     
   334.40000000000259      -0.37394246411358800     
   335.20000000000260        5.8264214841726392E-002
   336.00000000000261       0.38908346711597519     
   336.80000000000263        4.3194011824038148E-002
   337.60000000000264      -0.37773175942263981     
   338.40000000000265      -0.14174527885804733     
   339.20000000000266       0.34070108069562344     
   340.00000000000267       0.23068591644375666     
   340.80000000000268      -0.28052813924203468     
   341.60000000000269      -0.30394056432667932     
   342.40000000000271       0.20129831013824390     
   343.20000000000272       0.35648611592532348     
   344.00000000000273      -0.10838488701418009     
   344.80000000000274      -0.38472881890861271     
   345.60000000000275        8.0882480888916364E-003
   346.40000000000276       0.38676381784154568     
   347.20000000000277        9.2790475600059763E-002
   348.00000000000279      -0.36248556848131536     
   348.80000000000280      -0.18739558826003130     
   349.60000000000281       0.31357164790713099     
   350.40000000000282       0.26927091674875958     
   351.20000000000283      -0.24335956273327386     
   352.00000000000284      -0.33281159776001551     
   352.80000000000285       0.15661709694515058     
   353.60000000000286       0.37366966104242549     
   354.40000000000288       -5.9220402056340604E-002
   355.20000000000289      -0.38906341281587015     
   356.00000000000290       -4.2231424420041630E-002
   356.80000000000291       0.37796643547900871     
   357.60000000000292       0.14084775831035651     
   358.40000000000293      -0.34116670657809006     
   359.20000000000294      -0.22990990379064374     
   360.00000000000296       0.28119254083558293     
   360.80000000000297       0.30333410680889544     
   361.60000000000298      -0.20212308664269180     
   362.40000000000299      -0.35609527337224661     
   363.20000000000300       0.10931414594192596     
   364.00000000000301       0.38458444772664702     
   364.80000000000302       -9.0530989575974274E-003
   365.60000000000304      -0.38687125841620390     
   366.40000000000305       -9.1855202082017029E-002
   367.20000000000306       0.36283366949077411     
   368.00000000000307       0.18654838406575847     
   368.80000000000308      -0.31414047258068933     
   369.60000000000309      -0.26857027731406474     
   370.40000000000310       0.24411331211678161     
   371.20000000000312       0.33231007681418556     
   372.00000000000313      -0.15750103301558349     
   372.80000000000314      -0.37340075783296012     
   373.60000000000315        6.0172303569267505E-002
   374.40000000000316       0.38904131873935621     
   375.20000000000317        4.1272767608638683E-002
   376.00000000000318      -0.37819327282854526     
   376.80000000000319      -0.13994566107778242     
   377.60000000000321       0.34163022846354929     
   378.40000000000322       0.22912898348983057     
   379.20000000000323      -0.28186009005254087     
   380.00000000000324      -0.30272927365448560     
   380.80000000000325       0.20294635173490788     
   381.60000000000326       0.35570513367090084     
   382.40000000000327      -0.11023843948191708     
   383.20000000000329      -0.38443444528090803     
   384.00000000000330        1.0018376702678855E-002
   384.80000000000331       0.38697393185769918     
   385.60000000000332        9.0915598519311636E-002
   386.40000000000333      -0.36318256020080913     
   387.20000000000334      -0.18570068354747610     
   388.00000000000335       0.31470930923649970     
   388.80000000000337       0.26787128616214795     
   389.60000000000338      -0.24486278373747117     
   390.40000000000339      -0.33180574116756190     
   391.20000000000340       0.15838244261956813     
   392.00000000000341       0.37312666761443675     
   392.80000000000342       -6.1126376713291686E-002
   393.60000000000343      -0.38901766938846338     
   394.40000000000344       -4.0312630945346706E-002
   395.20000000000346       0.37842029244816233     
   396.00000000000347       0.13904502903720775     
   396.80000000000348      -0.34209076780343783     
   397.60000000000349      -0.22834760752504210     
   398.40000000000350       0.28252374026200266     
   399.20000000000351       0.30212045989163688     
   400.00000000000352      -0.20376927249291948     
   400.80000000000354      -0.35531207553532712     
   401.60000000000355       0.11116391682637355     
   402.40000000000356       0.38428398996421226     
   403.20000000000357       -1.0982683615156197E-002
   404.00000000000358      -0.38707475903741773     
   404.80000000000359       -8.9977034596240235E-002
   405.60000000000360       0.36352749247854949     
   406.40000000000362       0.18485094671041719     
   407.20000000000363      -0.31527583578617785     
   408.00000000000364      -0.26716928326772177     
   408.80000000000365       0.24561229747602692     
   409.60000000000366       0.33130023227097571     
   410.40000000000367      -0.15926312266743614     
   411.20000000000368      -0.37285143555834632     
   412.00000000000369        6.2078690719714003E-002
   412.80000000000371       0.38899078574027790     
   413.60000000000372        3.9352386241940374E-002
   414.40000000000373      -0.37864400528968800     
   415.20000000000374      -0.13814231422259296     
   416.00000000000375       0.34255000179000994     
   416.80000000000376       0.22756477752307230     
   417.60000000000377      -0.28318647624146981     
   418.40000000000379      -0.30151087777770652     
   419.20000000000380       0.20459019047224675     
   420.00000000000381       0.35491680784302204     
   420.80000000000382      -0.11208802630764181     
   421.60000000000383      -0.38413019793788372     
   422.40000000000384        1.1947622348139064E-002
   423.20000000000385       0.38717327454468053     
   424.00000000000387        8.9037357422364627E-002
   424.80000000000388      -0.36387104374119256     
   425.60000000000389      -0.18400072910985721     
   426.40000000000390       0.31584031569318721     
   427.20000000000391       0.26646609621521677     
   428.00000000000392      -0.24635955417036315     
   428.80000000000393      -0.33079207369312724     
   429.60000000000394       0.16014296244870274     
   430.40000000000396       0.37257353042943775     
   431.20000000000397       -6.3031273354376083E-002
   432.00000000000398      -0.38896206547609624     
   432.80000000000399       -3.8392064288599426E-002
   433.60000000000400       0.37886568972095408     
   434.40000000000401       0.13723932065310435     
   435.20000000000402      -0.34300661973440627     
   436.00000000000404      -0.22678037156468517     
   436.80000000000405       0.28384723590553923     
   437.60000000000406       0.30089894394252398     
   438.40000000000407      -0.20541031599005827     
   439.20000000000408      -0.35451953611539233     
   440.00000000000409       0.11301162747870674     
   440.80000000000410       0.38397446596563350     
   441.60000000000412       -1.2912062744902919E-002
   442.40000000000413      -0.38726921977370488     
   443.20000000000414       -8.8097272754950495E-002
   444.00000000000415       0.36421199056229248     
   444.80000000000416       0.18314899966228576     
   445.60000000000417      -0.31640304182673246     
   446.40000000000418      -0.26576116914696596     
   447.20000000000420       0.24710561181923879     
   448.00000000000421       0.33028221977788796     
   448.80000000000422      -0.16102163434326311     
   449.60000000000423      -0.37229339675265211     
   450.40000000000424        6.3983198378993078E-002
   451.20000000000425       0.38893064071494193     
   452.00000000000426        3.7431332660836591E-002
   452.80000000000427      -0.37908500053388300     
   453.60000000000429      -0.13633525901241217     
   454.40000000000430       0.34346140600516767     
   455.20000000000431       0.22599474052647728     
   456.00000000000432      -0.28450627502387615     
   456.80000000000433      -0.30028534690827818     
   457.60000000000434       0.20622893383867852     
   458.40000000000435       0.35411991681400490     
   459.20000000000437      -0.11393452574592999     
   460.00000000000438      -0.38381620736513655     
   460.80000000000439        1.3876637518320412E-002
   461.60000000000440       0.38736293352642354     
   462.40000000000441        8.7156656417982925E-002
   463.20000000000442      -0.36455083211021949     
   464.00000000000443      -0.18229633672574946     
   464.80000000000445       0.31696368255454793     
   465.60000000000446       0.26505458834566109     
   466.40000000000447      -0.24785004132819677     
   467.20000000000448      -0.32977016076931420     
   468.00000000000449       0.16189944702595960     
   468.80000000000450       0.37201099271636373     
   469.60000000000451       -6.4934817013499069E-002
   470.40000000000452      -0.38889696872871921     
   471.20000000000454       -3.6470495680627990E-002
   472.00000000000455       0.37930194941694895     
   472.80000000000456       0.13543043349999645     
   473.60000000000457      -0.34391395261353180     
   474.40000000000458      -0.22520760751150815     
   475.20000000000459       0.28516360070249369     
   476.00000000000460       0.29966984201496255     
   476.80000000000462      -0.20704639635479744     
   477.60000000000463      -0.35371821648097918     
   478.40000000000464       0.11485668516657166     
   479.20000000000465       0.38365562849761736     
   480.00000000000466       -1.4841026639438482E-002
   480.80000000000467      -0.38745416971027441     
   481.60000000000468       -8.6215469133303357E-002
   482.40000000000470       0.36488739811000992     
   483.20000000000471       0.18144247005856834     
   484.00000000000472      -0.31752246091942943     
   484.80000000000473      -0.26434641413193671     
   485.60000000000474       0.24859297400359015     
   486.40000000000475       0.32925614093531363     
   487.20000000000476      -0.16277618730354237     
   488.00000000000477      -0.37172625675089677     
   488.80000000000479        6.5886015310990254E-002
   489.60000000000480       0.38886083952694228     
   490.40000000000481        3.5509369231365828E-002
   491.20000000000482      -0.37951660278709276     
   492.00000000000483      -0.13452476509387440     
   492.80000000000484       0.34436443894679586     
   493.60000000000485       0.22441915066380849     
   494.40000000000487      -0.28581913878267873     
   495.20000000000488      -0.29905249806744838     
   496.00000000000489       0.20786254153588113     
   496.80000000000490       0.35331428021384309     
   497.60000000000491      -0.11577817101751936     
   498.40000000000492      -0.38349268158542466     
   499.20000000000493        1.5805358850700835E-002
   500.00000000000495       0.38754306991260956     
   500.80000000000496        8.5273787279144697E-002
   501.60000000000497      -0.36522172170245948     
   502.40000000000498      -0.18058752006570239     
   503.20000000000499       0.31807924577352620     
   504.00000000000500       0.26363658165399617     
   504.80000000000501      -0.24933438134205954     
   505.60000000000502      -0.32874006534766037     
   506.40000000000504       0.16365196398985676     
   507.20000000000505       0.37143925757588880     
   508.00000000000506       -6.6836802034544673E-002
   508.80000000000507      -0.38882233651207732     
   509.60000000000508       -3.4548061033648658E-002
   510.40000000000509       0.37972889533273985     
   511.20000000000510       0.13361826636579455     
   512.00000000000512      -0.34481279216064947     
   512.80000000000507      -0.22362928426243814     
   513.60000000000502       0.28647294570958559     
   514.40000000000498       0.29843331793803868     
   515.20000000000493      -0.20867742286424279     
   516.00000000000489      -0.35290819090981906     
   516.80000000000484       0.11669892088513678     
   517.60000000000480       0.38332736391864458     
   518.40000000000475       -1.6769579818426306E-002
   519.20000000000471      -0.38762956251104297     
   520.00000000000466       -8.4331563623505856E-002
   520.80000000000462       0.36555380803346776     
   521.60000000000457       0.17973145225602161     
   522.40000000000452      -0.31863409611812454     
   523.20000000000448      -0.26292514462064359     
   524.00000000000443       0.25007424890313340     
   524.80000000000439       0.32822196963696493     
   525.60000000000434      -0.16452671713158096     
   526.40000000000430      -0.37114995137863460     
   527.20000000000425        6.7787183232440540E-002
   528.00000000000421       0.38878143369711882     
   528.80000000000416        3.3586529422827527E-002
   529.60000000000412      -0.37993886754135781     
   530.40000000000407      -0.13271095619779918     
   531.20000000000402       0.34525903033211447     
   532.00000000000398       0.22283805457066072     
   532.80000000000393      -0.28712497933003944     
   533.60000000000389      -0.29781229129063819     
   534.40000000000384       0.20949101908529150     
   535.20000000000380       0.35249991519253587     
   536.00000000000375      -0.11761896375001268     
   536.80000000000371      -0.38315969108749010     
   537.60000000000366        1.7733695994097964E-002
   538.40000000000362       0.38771367792012323     
   539.20000000000357        8.3388835317990906E-002
   540.00000000000352      -0.36588364039224086     
   540.80000000000348      -0.17887428104700298     
   541.60000000000343       0.31918698195908518     
   542.40000000000339       0.26221207912614880     
   543.20000000000334      -0.25081258659066014     
   544.00000000000330      -0.32770185054487311     
   544.80000000000325       0.16540046403141018     
   545.60000000000321       0.37085836540893236     
   546.40000000000316       -6.8737139014572346E-002
   547.20000000000312      -0.38873813560472187     
   548.00000000000307       -3.2624799532120552E-002
   548.80000000000302       0.38014649528479616     
   549.60000000000298       0.13180282662109263     
   550.40000000000293      -0.34570314817013326     
   551.20000000000289      -0.22204545024625780     
   552.00000000000284       0.28777525594717424     
   552.80000000000280       0.29718943493871952     
   553.60000000000275      -0.21030332630764548     
   554.40000000000271      -0.35208946924153989     
   555.20000000000266       0.11853827597289812     
   556.00000000000261       0.38298965183621470     
   556.80000000000257       -1.8697701532161770E-002
   557.60000000000252      -0.38779540416999020     
   558.40000000000248       -8.2445592248662602E-002
   559.20000000000243       0.36621122822324159     
   560.00000000000239       0.17801601272884160     
   560.80000000000234      -0.31973790935333340     
   561.60000000000230      -0.26149740363890028     
   562.40000000000225       0.25154937918915976     
   563.20000000000221       0.32717970960212073     
   564.00000000000216      -0.16627319158843534     
   564.80000000000211      -0.37056448908989292     
   565.60000000000207        6.9686673444853020E-002
   566.40000000000202       0.38869244466344627     
   567.20000000000198        3.1662870997900494E-002
   568.00000000000193      -0.38035178808405529     
   568.80000000000189      -0.13089389235684465     
   569.60000000000184       0.34614514038822719     
   570.40000000000180       0.22125148122386251     
   571.20000000000175      -0.28842376214033838     
   572.00000000000171      -0.29656474436695368     
   572.80000000000166       0.21111434233496296     
   573.60000000000161       0.35167685160885637     
   574.40000000000157      -0.11945686009068207     
   575.20000000000152      -0.38281725484284707     
   576.00000000000148        1.9661587583674256E-002
   576.80000000000143       0.38787474382431020     
   577.60000000000139        8.1501847282104745E-002
   578.40000000000134      -0.36653656254130579     
   579.20000000000130      -0.17715664959928226     
   580.00000000000125       0.32028687255803934     
   580.80000000000121       0.26078111650614411     
   581.60000000000116      -0.25228462845513966     
   582.40000000000111      -0.32665555305642202     
   583.20000000000107       0.16714489617832334     
   584.00000000000102       0.37026832944489341     
   584.80000000000098       -7.0635775057109274E-002
   585.60000000000093      -0.38864435815897486     
   586.40000000000089       -3.0700750930366671E-002
   587.20000000000084       0.38055474018554425     
   588.00000000000080       0.12998415394891805     
   588.80000000000075      -0.34658500712852053     
   589.60000000000070      -0.22045615165280319     
   590.40000000000066       0.28907049771193649     
   591.20000000000061       0.29593822797952640     
   592.00000000000057      -0.21192405944688497     
   592.80000000000052      -0.35126206526017906     
   593.60000000000048       0.12037470728823035     
   594.40000000000043       0.38264249710573589     
   595.20000000000039       -2.0625350845943413E-002
   596.00000000000034      -0.38795169621628506     
   596.80000000000030       -8.0557603564560765E-002
   597.60000000000025       0.36685964490895595     
   598.40000000000020       0.17629619943980648     
   599.20000000000016      -0.32083386812443115     
   600.00000000000011      -0.26006322438422214     
   600.80000000000007       0.25301832671699476     
   601.60000000000002       0.32612938183409057     
   602.39999999999998      -0.16801557270303241     
   603.19999999999993      -0.36996988645466816     
   603.99999999999989        7.1584440811779226E-002
   604.79999999999984       0.38859387851663790     
   605.59999999999980        2.9738445620931808E-002
   606.39999999999975      -0.38075535181462833     
   607.19999999999970      -0.12907361944878687     
   607.99999999999966       0.34702274367873481     
   608.79999999999961       0.21965946597953265     
   609.59999999999957      -0.28971545747496319     
   610.39999999999952      -0.29530988752374782     
   611.19999999999948       0.21273247451408733     
   611.99999999999943       0.35084511329997337     
   612.79999999999939      -0.12129181291068419     
   613.59999999999934      -0.38246538154400955     
   614.39999999999930        2.1588983726225697E-002
   615.19999999999925       0.38802626025259490     
   615.99999999999920        7.9612867671665977E-002
   616.79999999999916      -0.36718047169812534     
   617.59999999999911      -0.17543466603930355     
   618.39999999999907       0.32137889329617852     
   619.19999999999902       0.25934373113479886     
   619.99999999999898      -0.25375047087336894     
   620.79999999999893      -0.32560120058127995     
   621.59999999999889       0.16888521521069433     
   622.39999999999884       0.36966916239081560     
   623.19999999999879       -7.2532663691728116E-002
   623.99999999999875      -0.38854100476235265     
   624.79999999999870       -2.8775960370373055E-002
   625.59999999999866       0.38095362138524547     
   626.39999999999861       0.12816229344803431     
   627.19999999999857      -0.34745834846249263     
   627.99999999999852      -0.21886142973929720     
   628.79999999999848       0.29035863769212000     
   629.59999999999843       0.29467972776729390     
   630.39999999999839      -0.21353958157442332     
   631.19999999999834      -0.35042599771584360     
   631.99999999999829       0.12220817119870170     
   632.79999999999825       0.38228590848689475     
   633.59999999999820       -2.2552481207726571E-002
   634.39999999999816      -0.38809843600204019     
   635.19999999999811       -7.8667645350491977E-002
   635.99999999999807       0.36749904153653967     
   636.79999999999802       0.17457205552149968     
   637.59999999999798      -0.32192194418916420     
   638.39999999999793      -0.25862264123113121     
   639.19999999999789       0.25448105591510084     
   639.99999999999784       0.32507101185769050     
   640.79999999999779      -0.16975381887151048     
   641.59999999999775      -0.36936615912500914     
   642.39999999999770        7.3480438312396479E-002
   643.19999999999766       0.38848573782087986     
   643.99999999999761        2.7813301561622594E-002
   644.79999999999757      -0.38114954758719749     
   645.59999999999752      -0.12725018192213489     
   646.39999999999748       0.34789181823453025     
   647.19999999999743       0.21806204743724367     
   647.99999999999739      -0.29100003449983414     
   648.79999999999734      -0.29404775232626812     
   649.59999999999729       0.21434537616766070     
   650.39999999999725       0.35000472149640122     
   651.19999999999720      -0.12312377643346678     
   651.99999999999716      -0.38210407925391232     
   652.79999999999711        2.3515836952177460E-002
   653.59999999999707       0.38816822261874112     
   654.39999999999702        7.7721942305954361E-002
   655.19999999999698      -0.36781535225368134     
   655.99999999999693      -0.17370837284852539     
   656.79999999999688       0.32246301779829956     
   657.59999999999684       0.25789995926399489     
   658.39999999999679      -0.25521007751115199     
   659.19999999999675      -0.32453881926499573     
   659.99999999999670       0.17062137805798855     
   660.79999999999666       0.36906087838893042     
   661.59999999999661       -7.4427758747671324E-002
   662.39999999999657      -0.38842807772794863     
   663.19999999999652       -2.6850474835842797E-002
   663.99999999999648       0.38134312931180725     
   664.79999999999643       0.12633729041261044     
   665.59999999999638      -0.34832315055215202     
   666.39999999999634      -0.21726132427034375     
   667.19999999999629       0.29163964383568386     
   667.99999999999625       0.29341396517755958     
   668.79999999999620      -0.21514985315562274     
   669.59999999999616      -0.34958128701762481     
   670.39999999999611       0.12403862312504310     
   671.19999999999607       0.38191989490465472     
   671.99999999999602       -2.4479045215475170E-002
   672.79999999999598      -0.38823561984153060     
   673.59999999999593       -7.6775764478429653E-002
   674.39999999999588       0.36812940190409460     
   675.19999999999584       0.17284362350040583     
   675.99999999999579      -0.32300211061455281     
   676.79999999999575      -0.25717568959783244     
   677.59999999999570       0.25593753118248008     
   678.39999999999566       0.32400462597757929     
   679.19999999999561      -0.17148788761390621     
   679.99999999999557      -0.36875332216315870     
   680.79999999999552        7.5374619186771241E-002
   681.59999999999548       0.38836802491104111     
   682.39999999999543        2.5887486252807179E-002
   683.19999999999538      -0.38153436523585482     
   683.99999999999534      -0.12542362454098599     
   684.79999999999529       0.34875234266459337     
   685.59999999999525       0.21645926506924212     
   686.39999999999520      -0.29227746186823739     
   687.19999999999516      -0.29277837026397252     
   687.99999999999511       0.21595300767931663     
   688.79999999999507       0.34915569700347077     
   689.59999999999502      -0.12495270557845378     
   690.39999999999498      -0.38173335653478296     
   691.19999999999493        2.5442100027196601E-002
   691.99999999999488       0.38830062712655067     
   692.79999999999484        7.5829117612201347E-002
   693.59999999999479      -0.36844118855395497     
   694.39999999999475      -0.17197781277407351     
   695.19999999999470       0.32353921940406472     
   695.99999999999466       0.25644983679430378     
   696.79999999999461      -0.25666341244647373     
   697.59999999999457      -0.32346843533962766     
   698.39999999999452       0.17235334215753317     
   699.19999999999447       0.36844349226723760     
   699.99999999999443       -7.6321013846595898E-002
   700.79999999999438      -0.38830557968262547     
   701.59999999999434       -2.4924341669306738E-002
   702.39999999999429       0.38172325421295106     
   703.19999999999425       0.12450918996698285     
   703.99999999999420      -0.34917939193997721     
   704.79999999999416      -0.21565587485112875     
   705.59999999999411       0.29291348462758288     
   706.39999999999407       0.29214097149955182     
   707.19999999999402      -0.21675483480277630     
   707.99999999999397      -0.34872795403569001     
   708.79999999999393       0.12586601824019389     
   709.59999999999388       0.38154446529907105     
   710.39999999999384       -2.6404995485043714E-002
   711.19999999999379      -0.38836324408012890     
   711.99999999999375       -7.4882007579301801E-002
   712.79999999999370       0.36875071023606876     
   713.59999999999366       0.17111094602483817     
   714.39999999999361      -0.32407434082766484     
   715.19999999999357      -0.25572240531079060     
   715.99999999999352       0.25738771687829254     
   716.79999999999347       0.32293025066801306     
   717.59999999999343      -0.17321773641477484     
   718.39999999999338      -0.36813139063842004     
   719.19999999999334        7.7266936898748195E-002
   719.99999999999329       0.38824074239967377     
   720.79999999999325        2.3961047029525839E-002
   721.59999999999320      -0.38190979501798827     
   722.39999999999316      -0.12359399230734192     
   723.19999999999311       0.34960429573835139     
   723.99999999999307       0.21485115856758391     
   724.79999999999302      -0.29354770823794213     
   725.59999999999297      -0.29150177285595341     
   726.39999999999293       0.21755532961185803     
   727.19999999999288       0.34829806077210168     
   727.99999999999284      -0.12677855548709499     
   728.79999999999279      -0.38135322232202917     
   729.59999999999275        2.7367725680195298E-002
   730.39999999999270       0.38842347027038876     
   731.19999999999266        7.3934440187963413E-002
   731.99999999999261      -0.36905796503986604     
   732.79999999999256      -0.17024302861133478     
   733.59999999999252       0.32460747160287517     
   734.39999999999247       0.25499339967362838     
   735.19999999999243      -0.25811044002237044     
   735.99999999999238      -0.32239007529155495     
   736.79999999999234       0.17408106508078441     
   737.59999999999229       0.36781701917580911     
   738.39999999999225       -7.8212382555363946E-002
   739.19999999999220      -0.38817351343733730     
   739.99999999999216       -2.2997608247823043E-002
   740.79999999999211       0.38209398648617876     
   741.59999999999206       0.12267803721821696     
   742.39999999999202      -0.35002705142714974     
   743.19999999999197      -0.21404512120313479     
   743.99999999999193       0.29418012879411692     
   744.79999999999188       0.29086077828339402     
   745.59999999999184      -0.21835448720803968     
   746.39999999999179      -0.34786601986390647     
   747.19999999999175       0.12769031173613832     
   747.99999999999170       0.38115962877311271     
   748.79999999999166       -2.8330284696324481E-002
   749.59999999999161      -0.38848130529651587     
   750.39999999999156       -7.2986421280028579E-002
   751.19999999999152       0.36936295104084621     
   751.99999999999147       0.16937406588927231     
   752.79999999999143      -0.32513860844613363     
   753.59999999999138      -0.25426282439189668     
   754.39999999999134       0.25883157745781166     
   755.19999999999129       0.32184791256109235     
   755.99999999999125      -0.17494332286735836     
   756.79999999999120      -0.36750037981581296     
   757.59999999999116        7.9157345009096214E-002
   758.39999999999111       0.38810389317585597     
   759.19999999999106        2.2034031246729813E-002
   759.99999999999102      -0.38227582744734445     
   760.79999999999097      -0.12176133033978537     
   761.59999999999093       0.35044765639679581     
   762.39999999999088       0.21323776774512612     
   763.19999999999084      -0.29481074241879146     
   763.99999999999079      -0.29021799176189789     
   764.79999999999075       0.21915230269105357     
   765.59999999999070       0.34743183397940913     
   766.39999999999065      -0.12860128139453281     
   767.19999999999061      -0.38096368581961504     
   767.99999999999056        2.9292666627724673E-002
   768.79999999999052       0.38853674876988398     
   769.59999999999047        7.2037956687417859E-002
   770.39999999999043      -0.36966566634329451     
   771.19999999999038      -0.16850406322954456     
   771.99999999999034       0.32566774808738885     
   772.79999999999029       0.25353068399469919     
   773.59999999999025      -0.25955112476027825     
   774.39999999999020      -0.32130376583150272     
   775.19999999999015       0.17580450449246343     
   775.99999999999011       0.36718147450054661     
   776.79999999999006       -8.0101818467209540E-002
   777.59999999999002      -0.38803188201841138     
   778.39999999998997       -2.1070321950001192E-002
   779.19999999998993       0.38245531675274269     
   779.99999999998988       0.12084387732707963     
   780.79999999998984      -0.35086610804293727     
   781.59999999998979      -0.21242910318777536     
   782.39999999998975       0.29543954523964083     
   783.19999999998970       0.28957341727326857     
   783.99999999998965      -0.21994877117600486     
   784.79999999998961      -0.34699550580163685     
   785.59999999998956       0.12951145887945270     
   786.39999999998952       0.38076539465177284     
   787.19999999998947       -3.0254865563434707E-002
   787.99999999998943      -0.38858980031518187     
   788.79999999998938       -7.1089052248664963E-002
   789.59999999998934       0.36996610905829869     
   790.39999999998929       0.16763302600352886     
   791.19999999998925      -0.32619488727034768     
   791.99999999998920      -0.25279698301773346     
   792.79999999998915       0.26026907752101813     
   793.59999999998911       0.32075763847538208     
   794.39999999998906      -0.17666460467867062     
   795.19999999998902      -0.36686030518859303     
   795.99999999998897        8.1045797134809194E-002
   796.79999999998893       0.38795748037791850     
   797.59999999998888        2.0106486279801439E-002
   798.39999999998884      -0.38263245326626971     
   799.19999999998879      -0.11992568383484370     
