   0.0000000000000000       0.42448115435968004     
  0.80000000000000004       0.78123706779923019     
   1.6000000000000001       0.31163018421674787     
   2.4000000000000004      -0.71648248495520339     
   3.2000000000000002       -1.1897510504993094     
   4.0000000000000000      -0.45278286865005346     
   4.7999999999999998       0.77077231016025416     
   5.5999999999999996        1.1958733585362582     
   6.3999999999999995       0.40884238221526759     
   7.1999999999999993      -0.63688002755936068     
   7.9999999999999991      -0.84878230449628322     
   8.7999999999999989      -0.19585655511257094     
   9.5999999999999996       0.38406121649402658     
   10.400000000000000       0.25022646251903963     
   11.200000000000001      -0.20968340111026401     
   12.000000000000002      -0.20210164805233716     
   12.800000000000002       0.35007984089844196     
   13.600000000000003       0.66322959677828053     
   14.400000000000004       0.14527682522402263     
   15.200000000000005      -0.73127138063287733     
   16.000000000000004      -0.91125423351755941     
   16.800000000000004       -8.5377098390923223E-002
   17.600000000000005       0.85900463488692591     
   18.400000000000006       0.86398185559980178     
   19.200000000000006       -2.6706012574421401E-002
   20.000000000000007      -0.75612656195723005     
   20.800000000000008      -0.55043997362344732     
   21.600000000000009       0.19308513684690498     
   22.400000000000009       0.49881220707652524     
   23.200000000000010        6.1542802948436004E-002
   24.000000000000011      -0.42262456510613444     
   24.800000000000011      -0.22432801712181796     
   25.600000000000012       0.43088899863494057     
   26.400000000000013       0.63514559432392603     
   27.200000000000014        3.2995913030003932E-003
   28.000000000000014      -0.76066086626537643     
   28.800000000000015      -0.69509935697003411     
   29.600000000000016       0.18090638224262856     
   30.400000000000016       0.85908713974501760     
   31.200000000000017       0.55125652725434127     
   32.000000000000014      -0.33309273450010568     
   32.800000000000011      -0.73298240415349802     
   33.600000000000009      -0.23478686377057345     
   34.400000000000006       0.45294815726568249     
   35.200000000000003       0.45238127741489242     
   36.000000000000000      -0.17496381075571565     
   36.799999999999997      -0.54491323897584887     
   37.599999999999994      -0.12498770946395354     
   38.399999999999991       0.55368258414861937     
   39.199999999999989       0.57102213107312261     
   39.999999999999986      -0.17130815177556591     
   40.799999999999983      -0.78085097283769844     
   41.599999999999980      -0.47532682506144047     
   42.399999999999977       0.40102391442247792     
   43.199999999999974       0.79822777228078223     
   43.999999999999972       0.25044957330393314     
   44.799999999999969      -0.54264933206375909     
   45.599999999999966      -0.61696596044252017     
   46.399999999999963        6.2737359217739375E-002
   47.199999999999960       0.59294629270924104     
   47.999999999999957       0.30359313702993140     
   48.799999999999955      -0.39450862274495047     
   49.599999999999952      -0.56090554948578608     
   50.399999999999949        4.8859164249856146E-002
   51.199999999999946       0.65338492188561448     
   51.999999999999943       0.44277072984092619     
   52.799999999999940      -0.35922847494343185     
   53.599999999999937      -0.75797499805650426     
   54.399999999999935      -0.23584368843954640     
   55.199999999999932       0.57247634489903543     
   55.999999999999929       0.67603535920393187     
   56.799999999999926       -3.4627149923206924E-002
   57.599999999999923      -0.65969623178123682     
   58.399999999999920      -0.43249217583866789     
   59.199999999999918       0.32038196820558223     
   59.999999999999915       0.62187653109389840     
   60.799999999999912        9.4615909284647914E-002
   61.599999999999909      -0.56158154953082129     
   62.399999999999906      -0.47948598788671193     
   63.199999999999903       0.25202685642417944     
   63.999999999999901       0.69443274085881257     
   64.799999999999898       0.25681953272267316     
   65.599999999999895      -0.52871312811221860     
   66.399999999999892      -0.67377038629165953     
   67.199999999999889        1.4322275334645140E-002
   67.999999999999886       0.68004404746900138     
   68.799999999999883       0.49647072056596336     
   69.599999999999881      -0.28923719968982037     
   70.399999999999878      -0.68373888702679420     
   71.199999999999875      -0.20301936245572261     
   71.999999999999872       0.51811058852301239     
   72.799999999999869       0.55210086191704966     
   73.599999999999866      -0.13722953044558228     
   74.399999999999864      -0.65403809045001349     
   75.199999999999861      -0.32035778597594106     
   75.999999999999858       0.44511516169656912     
   76.799999999999855       0.66052474141349748     
   77.599999999999852        3.4179415807903291E-002
   78.399999999999849      -0.65081115695468472     
   79.199999999999847      -0.52574663394104326     
   79.999999999999844       0.25474845934969348     
   80.799999999999841       0.71092778384821975     
   81.599999999999838       0.27283879653255516     
   82.399999999999835      -0.49396935138183928     
   83.199999999999832      -0.61877238099552512     
   83.999999999999829        4.4828659893855094E-002
   84.799999999999827       0.63918126416755128     
   85.599999999999824       0.40188024302772468     
   86.399999999999821      -0.35776973988231048     
   87.199999999999818      -0.66104794108266285     
   87.999999999999815      -0.10990804433062218     
   88.799999999999812       0.59581530938573557     
   89.599999999999810       0.55045105806943362     
   90.399999999999807      -0.19766838066533043     
   91.199999999999804      -0.70454300280453797     
   91.999999999999801      -0.32437064522143388     
   92.799999999999798       0.46113527734415760     
   93.599999999999795       0.66038477240493898     
   94.399999999999793        2.6327773175297775E-002
   95.199999999999790      -0.63027161523707587     
   95.999999999999787      -0.47628363906543303     
   96.799999999999784       0.28266539378711353     
   97.599999999999781       0.67357169622201218     
   98.399999999999778       0.19535142841250097     
   99.199999999999775      -0.53711700789648464     
   99.999999999999773      -0.58305993770379461     
   100.79999999999977       0.12171352940813629     
   101.59999999999977       0.68046478412754074     
   102.39999999999976       0.37519548430814575     
   103.19999999999976      -0.40964111371212242     
   103.99999999999976      -0.67933353933367657     
   104.79999999999976       -8.9598759423478835E-002
   105.59999999999975       0.61050184040012923     
   106.39999999999975       0.53346810295556280     
   107.19999999999975      -0.21723663661342885     
   107.99999999999974      -0.68502938756846588     
   108.79999999999974      -0.27536434866902398     
   109.59999999999974       0.48303297798082451     
   110.39999999999974       0.62037416768602416     
   111.19999999999973       -3.9045685017221832E-002
   111.99999999999973      -0.65174168406499866     
   112.79999999999973      -0.43100604362442307     
   113.59999999999972       0.34355145787200581     
   114.39999999999972       0.68569532350468143     
   115.19999999999972       0.15496375125987405     
   115.99999999999972      -0.57487454439659591     
   116.79999999999971      -0.57579009657317193     
   117.59999999999971       0.15287967267993796     
   118.39999999999971       0.68538290172615979     
   119.19999999999970       0.34465159120250116     
   119.99999999999970      -0.43092825973378696     
   120.79999999999970      -0.65368279653066175     
   121.59999999999970       -4.1141587059229101E-002
   122.39999999999969       0.62241726541739495     
   123.19999999999969       0.48838429736986311     
   123.99999999999969      -0.27109446264084092     
   124.79999999999968      -0.68681435467951024     
   125.59999999999968      -0.22453156627841592     
   126.39999999999968       0.52680142512265848     
   127.19999999999968       0.60931799749935589     
   127.99999999999967       -8.4106734307291986E-002
   128.79999999999967      -0.67215427335696865     
   129.59999999999968      -0.40503440040933569     
   130.39999999999969       0.37535791555457221     
   131.19999999999970       0.67693299345560343     
   131.99999999999972       0.11604582965029098     
   132.79999999999973      -0.59019961221517447     
   133.59999999999974      -0.54144546502526525     
   134.39999999999975       0.19786275817319399     
   135.19999999999976       0.68432548995980547     
   135.99999999999977       0.29518331747056137     
   136.79999999999978      -0.47165040557755322     
   137.59999999999980      -0.63785920594351930     
   138.39999999999981        1.0568292554610670E-002
   139.19999999999982       0.64779264150801275     
   139.99999999999983       0.45993041554983732     
   140.79999999999984      -0.31339846939143584     
   141.59999999999985      -0.68881749015978366     
   142.39999999999986      -0.18687184718479599     
   143.19999999999987       0.55163810551500636     
   143.99999999999989       0.58641614545035903     
   144.79999999999990      -0.12537599983146608     
   145.59999999999991      -0.67630036334945998     
   146.39999999999992      -0.36285134851985335     
   147.19999999999993       0.41276960460173884     
   147.99999999999994       0.66168824748456778     
   148.79999999999995        6.5111132363458557E-002
   149.59999999999997      -0.61559478919747801     
   150.39999999999998      -0.51101505298497507     
   151.19999999999999       0.24543991621151817     
   152.00000000000000       0.69084203315491610     
   152.80000000000001       0.25535928510199324     
   153.60000000000002      -0.50517776126150649     
   154.40000000000003      -0.62245273424802106     
   155.20000000000005        5.2942108743449401E-002
   156.00000000000006       0.66046237842028099     
   156.80000000000007       0.42504090568928327     
   157.60000000000008      -0.35098017925615393     
   158.40000000000009      -0.67914455710693589     
   159.20000000000010      -0.14005385803255499     
   160.00000000000011       0.57744033349765111     
   160.80000000000013       0.55781029974154683     
   161.60000000000014      -0.17356056361772854     
   162.40000000000015      -0.68481911857615418     
   163.20000000000016      -0.32195745022118105     
   164.00000000000017       0.45137878821998356     
   164.80000000000018       0.65027022006674462     
   165.60000000000019        2.0174519739592944E-002
   166.40000000000020      -0.63589404444794284     
   167.20000000000022      -0.48103697716485738     
   168.00000000000023       0.28592693057469032     
   168.80000000000024       0.68858707949022824     
   169.60000000000025       0.21249496743611185     
   170.40000000000026      -0.53369715137793794     
   171.20000000000027      -0.59882757649650686     
   172.00000000000028        9.9819316467768870E-002
   172.80000000000030       0.67162268573420913     
   173.60000000000031       0.38580791205827691     
   174.40000000000032      -0.39176884354980357     
   175.20000000000033      -0.67063827219143035     
   176.00000000000034       -9.3776758985609443E-002
   176.80000000000035       0.60301538997343307     
   177.60000000000036       0.53095450449841552     
   178.40000000000038      -0.21741466391534259     
   179.20000000000039      -0.68931698013573595     
   180.00000000000040      -0.28172870048942467     
   180.80000000000041       0.48415216948305684     
   181.60000000000042       0.63273690313535291     
   182.40000000000043       -2.5527750540012994E-002
   183.20000000000044      -0.65126005707023127     
   184.00000000000045      -0.44554136848079129     
   184.80000000000047       0.32778893067475012     
   185.60000000000048       0.68372770871523003     
   186.40000000000049       0.16686672408175363     
   187.20000000000050      -0.56281212317601448     
   188.00000000000051      -0.57485325779788643     
   188.80000000000052       0.14591628760026376     
   189.60000000000053       0.68147161522819211     
   190.40000000000055       0.34746318770892870     
   191.20000000000056      -0.42882111189302607     
   192.00000000000057      -0.65884467692249848     
   192.80000000000058       -4.8612352364897693E-002
   193.60000000000059       0.62349091516648625     
   194.40000000000060       0.49996983873214412     
   195.20000000000061      -0.26041274987082658     
   196.00000000000063      -0.68923515034687322     
   196.80000000000064      -0.23818957756601411     
   197.60000000000065       0.51620076255582015     
   198.40000000000066       0.61241684171925626     
   199.20000000000067       -7.2407946258866707E-002
   200.00000000000068      -0.66552533994341945     
   200.80000000000069      -0.40930727494592795     
   201.60000000000070       0.36820352278946394     
   202.40000000000072       0.67697283586423351     
   203.20000000000073       0.12207926687160686     
   204.00000000000074      -0.58830947452906412     
   204.80000000000075      -0.54832184902327419     
   205.60000000000076       0.19028773362655527     
   206.40000000000077       0.68678445213988293     
   207.20000000000078       0.30664035353233987     
   208.00000000000080      -0.46383714648068164     
   208.80000000000081      -0.64308093723007875     
   209.60000000000082       -1.9953892407443830E-003
   210.40000000000083       0.64191956321647459     
   211.20000000000084       0.46662807485549529     
   212.00000000000085      -0.30313433484419960     
   212.80000000000086      -0.68714547465697295     
   213.60000000000088      -0.19423750717445409     
   214.40000000000089       0.54606731881220105     
   215.20000000000090       0.59013575604266044     
   216.00000000000091      -0.11801381470698669     
   216.80000000000092      -0.67620867252321015     
   217.60000000000093      -0.37137215506426957     
   218.40000000000094       0.40623305653287123     
   219.20000000000095       0.66629000041744502     
   220.00000000000097        7.6278205639754404E-002
   220.80000000000098      -0.61097496393174655     
   221.60000000000099      -0.51866363711005914     
   222.40000000000100       0.23454382694406761     
   223.20000000000101       0.68938144796788703     
   224.00000000000102       0.26428516129023072     
   224.80000000000103      -0.49735879078647038     
   225.60000000000105      -0.62506834208394646     
   226.40000000000106        4.4308218406354571E-002
   227.20000000000107       0.65760625310563015     
   228.00000000000108       0.43171231047864866     
   228.80000000000109      -0.34393227940080839     
   229.60000000000110      -0.68165938994351016     
   230.40000000000111      -0.14956958022213229     
   231.20000000000113       0.57298087624616378     
   232.00000000000114       0.56468707290770448     
   232.80000000000115      -0.16331750038766302     
   233.60000000000116      -0.68366200511344677     
   234.40000000000117      -0.33134438556438461     
   235.20000000000118       0.44286758917944391     
   236.00000000000119       0.65278446782504429     
   236.80000000000121        2.9984277477376531E-002
   237.60000000000122      -0.63126144825679231     
   238.40000000000123      -0.48704862433988139     
   239.20000000000124       0.27760011836862730     
   240.00000000000125       0.68899884532576761     
   240.80000000000126       0.22108163876036369     
   241.60000000000127      -0.52830561698771439     
   242.40000000000128      -0.60409964469976130     
   243.20000000000130        9.0279059799008632E-002
   244.00000000000131       0.66999731411925234     
   244.80000000000132       0.39456660249188663     
   245.60000000000133      -0.38328513847060613     
   246.40000000000134      -0.67295297641971552     
   247.20000000000135      -0.10396017495172249     
   248.00000000000136       0.59755149925677209     
   248.80000000000138       0.53677544512735686     
   249.60000000000139      -0.20801519694972381     
   250.40000000000140      -0.68826118382192469     
   251.20000000000141      -0.29004331978468123     
   252.00000000000142       0.47744477934081508     
   252.80000000000143       0.63643989853709670     
   253.60000000000144       -1.6232191379647931E-002
   254.40000000000146      -0.64849648311552499     
   255.20000000000147      -0.45318665332043107     
   256.00000000000148       0.31930510591026107     
   256.80000000000149       0.68529557175342204     
   257.60000000000150       0.17672481304752918     
   258.40000000000151      -0.55690227515236534     
   259.20000000000152      -0.58030348231638929     
   260.00000000000153       0.13601808089629586     
   260.80000000000155       0.67948984774914079     
   261.60000000000156       0.35567713437267612     
   262.40000000000157      -0.42100824021206129     
   263.20000000000158      -0.66135307880229899     
   264.00000000000159       -5.8002419388042958E-002
   264.80000000000160       0.61939532951917398     
   265.60000000000161       0.50652694990778457     
   266.40000000000163      -0.25164929603096586     
   267.20000000000164      -0.68963199135375031     
   268.00000000000165      -0.24742425428488912     
   268.80000000000166       0.50978923370706697     
   269.60000000000167       0.61709657613257696     
   270.40000000000168       -6.2466690113574308E-002
   271.20000000000169      -0.66279833084289230     
   272.00000000000171      -0.41721426234382597     
   272.80000000000172       0.35968323891172427     
   273.60000000000173       0.67856420681030583     
   274.40000000000174       0.13157971869654672     
   275.20000000000175      -0.58304648493274458     
   276.00000000000176      -0.55398169589383872     
   276.80000000000177       0.18108612452811113     
   277.60000000000178       0.68589755663510010     
   278.40000000000180       0.31524776564755197     
   279.20000000000181      -0.45675378250388354     
   280.00000000000182      -0.64670224790065289     
   280.80000000000183       -1.1783762839114864E-002
   281.60000000000184       0.63837598881012769     
   282.40000000000185       0.47392293695532600     
   283.20000000000186      -0.29420421314136208     
   284.00000000000188      -0.68787162046277861     
   284.80000000000189      -0.20364568955959489     
   285.60000000000190       0.53989609057828081     
   286.40000000000191       0.59500618539196282     
   287.20000000000192      -0.10842923573030228     
   288.00000000000193      -0.67413848968828549     
   288.80000000000194      -0.37942123629972813     
   289.60000000000196       0.39841179787108383     
   290.40000000000197       0.66876434137158836     
   291.20000000000198        8.5883328213979815E-002
   292.00000000000199      -0.60650074375170260     
   292.80000000000200      -0.52513082738669492     
   293.60000000000201       0.22533853877659404     
   294.40000000000202       0.68915555890893354     
   295.20000000000203       0.27335894152705675     
   296.00000000000205      -0.49046523837991551     
   296.80000000000206      -0.62911891901696548     
   297.60000000000207        3.4522903730541232E-002
   298.40000000000208       0.65450022972382838     
   299.20000000000209       0.43920587723595350     
   300.00000000000210      -0.33544844539283847     
   300.80000000000211      -0.68302278324803734     
   301.60000000000213      -0.15898597982017482     
   302.40000000000214       0.56754486504983148     
   303.20000000000215       0.57023607716381985     
   304.00000000000216      -0.15388244490552927     
   304.80000000000217      -0.68238956205681844     
   305.60000000000218      -0.33990753571716714     
   306.40000000000219       0.43534057392019165     
   307.20000000000221       0.65591184198373953     
   308.00000000000222        3.9774872903087788E-002
   308.80000000000223      -0.62721901031812000     
   309.60000000000224      -0.49390526127727619     
   310.40000000000225       0.26860483606551089     
   311.20000000000226       0.68930998326279946     
   312.00000000000227       0.23025272481230402     
   312.80000000000229      -0.52197106408916660     
   313.60000000000230      -0.60871100257800581     
   314.40000000000231        8.0658447334142180E-002
   315.20000000000232       0.66764675046277833     
   316.00000000000233       0.40251904751898521     
   316.80000000000234      -0.37516985660664276     
   317.60000000000235      -0.67506119372739537     
   318.40000000000236      -0.11360542794614481     
   319.20000000000238       0.59261839060327948     
   320.00000000000239       0.54287682989943864     
   320.80000000000240      -0.19866379297422065     
   321.60000000000241      -0.68754960762108830     
   322.40000000000242      -0.29886021711661315     
   323.20000000000243       0.47032283888353632     
   324.00000000000244       0.64010420243842747     
   324.80000000000246       -6.5096455802455822E-003
   325.60000000000247      -0.64509975514807771     
   326.40000000000248      -0.46046692464977096     
   327.20000000000249       0.31065723078857926     
   328.00000000000250       0.68633468600075420     
   328.80000000000251       0.18611828851847911     
   329.60000000000252      -0.55110756235635627     
   330.40000000000254      -0.58554311757738253     
   331.20000000000255       0.12643842653233850     
   332.00000000000256       0.67775819465211418     
   332.80000000000257       0.36401207652491319     
   333.60000000000258      -0.41321368641225686     
   334.40000000000259      -0.66404413688596531     
   335.20000000000260       -6.7709230851360935E-002
   336.00000000000261       0.61501676755049239     
   336.80000000000263       0.51307651818866984     
   337.60000000000264      -0.24255587921004662     
   338.40000000000265      -0.68959473998269094     
   339.20000000000266      -0.25647825727159179     
   340.00000000000267       0.50317809178848394     
   340.80000000000268       0.62140031492021197     
   341.60000000000269       -5.2763461391347466E-002
   342.40000000000271      -0.66004733961233530     
   343.20000000000272      -0.42495002348489569     
   344.00000000000273       0.35131743163636769     
   344.80000000000274       0.68024415614836797     
   345.60000000000275       0.14114213202439985     
   346.40000000000276      -0.57775629012212015     
   347.20000000000277      -0.55973219633772542     
   348.00000000000279       0.17165855687317277     
   348.80000000000280       0.68479943590599635     
   349.60000000000281       0.32387288990505220     
   350.40000000000282      -0.44939784437398095     
   351.20000000000283      -0.65002423348270177     
   352.00000000000284       -2.1512334621178963E-002
   352.80000000000285       0.63462425372553322     
   353.60000000000286       0.48096352845674079     
   354.40000000000288      -0.28535967344494445     
   355.20000000000289      -0.68850755405191999     
   356.00000000000290      -0.21294175469326149     
   356.80000000000291       0.53376165039758450     
   357.60000000000292       0.59988514696872652     
   358.40000000000293       -9.8787514787767594E-002
   359.20000000000294      -0.67200261664776451     
   360.00000000000296      -0.38752109537763879     
   360.80000000000297       0.39040268395645117     
   361.60000000000298       0.67107476950047051     
   362.40000000000299        9.5533990781378475E-002
   363.20000000000300      -0.60178982781748747     
   364.00000000000301      -0.53139805265964024     
   364.80000000000302       0.21610951381391874     
   365.60000000000304       0.68873140543655054     
   366.40000000000305       0.28227886812172526     
   367.20000000000306      -0.48355508789292795     
   368.00000000000307      -0.63306084010792685     
   368.80000000000308        2.4784880162456280E-002
   369.60000000000309       0.65135352932889046     
   370.40000000000310       0.44668243965594800     
   371.20000000000312      -0.32688715686448122     
   372.00000000000313      -0.68429974752629430     
   372.80000000000314      -0.16844890485700781     
   373.60000000000315       0.56193444362023581     
   374.40000000000316       0.57566243005492845     
   375.20000000000317      -0.14437099318297486     
   376.00000000000318      -0.68090872080670439     
   376.80000000000319      -0.34835115858459370     
   377.60000000000321       0.42773091107257349     
   378.40000000000322       0.65886541323716985     
   379.20000000000323        4.9496285987991717E-002
   380.00000000000324      -0.62309560675010234     
   380.80000000000325      -0.50066637948598736     
   381.60000000000326       0.25959506779888519     
   382.40000000000327       0.68953836329775720     
   383.20000000000329       0.23941596192053810     
   384.00000000000330      -0.51553216192324736     
   384.80000000000331      -0.61323574783277501     
   385.60000000000332        7.0974181741649378E-002
   386.40000000000333       0.66512900700543454     
   387.20000000000334       0.41039197442890690     
   388.00000000000335      -0.36694755364460424     
   388.80000000000337      -0.67699079188167455     
   389.60000000000338      -0.12320056610226249     
   390.40000000000339       0.58756384230802639     
   391.20000000000340       0.54884085482849865     
   392.00000000000341      -0.18931030495695256     
   392.80000000000342      -0.68672396276120318     
   393.60000000000343      -0.30761484600155131     
   394.40000000000344       0.46313379677392497     
   395.20000000000346       0.64367373049998133     
   396.00000000000347        3.2338472901617399E-003
   396.80000000000348      -0.64157743852608473     
   397.60000000000349      -0.46767909444435823     
   398.40000000000350       0.30191878230555008     
   399.20000000000351       0.68721869459248286     
   400.00000000000352       0.19547879103626642     
   400.80000000000354      -0.54518048648089701     
   401.60000000000355      -0.59064000998799726     
   402.40000000000356       0.11684790855625538     
   403.20000000000357       0.67588576626349794     
   404.00000000000358       0.37225529233265042     
   404.80000000000359      -0.40535916057264709     
   405.60000000000360      -0.66661443908866658     
   406.40000000000362       -7.7397971727082848E-002
   407.20000000000363       0.61053270812857396     
   408.00000000000364       0.51954335421928755     
   408.80000000000365      -0.23340449692602017     
   409.60000000000366      -0.68942369552486527     
   410.40000000000367      -0.26549688489657131     
   411.20000000000368       0.49644914316083977     
   412.00000000000369       0.62557103635194800     
   412.80000000000371       -4.3045267468617809E-002
   413.60000000000372      -0.65714924670512276     
   414.40000000000373      -0.43258615442898307     
   415.20000000000374       0.34288865934295820     
   416.00000000000375       0.68178309996404995     
   416.80000000000376       0.15066387758409361     
   417.60000000000377      -0.57236349669202469     
   418.40000000000379      -0.56537683730122035     
   419.20000000000380       0.16220150021890811     
   420.00000000000381       0.68357536547838482     
   420.80000000000382       0.33244494449486972     
   421.60000000000383      -0.44194756581029870     
   422.40000000000384      -0.65322019051126223     
   423.20000000000385       -3.1246647647713788E-002
   424.00000000000387       0.63073501763754125     
   424.80000000000388       0.48790419799619633     
   425.60000000000389      -0.27645443082181342     
   426.40000000000390      -0.68899596260938600     
   427.20000000000391      -0.22218691419600023     
   428.00000000000392       0.52752350732377051     
   428.80000000000393       0.60464037383952607     
   429.60000000000394       -8.9134432260851826E-002
   430.40000000000396      -0.66973935508352855     
   431.20000000000397      -0.39554640783360895     
   432.00000000000398       0.38231952144467363     
   432.80000000000399       0.67325800978028005     
   433.60000000000400       0.10517206861742845     
   434.40000000000401      -0.59695619080256968     
   435.20000000000402      -0.53756250145654705     
   436.00000000000404       0.20683125276660763     
   436.80000000000405       0.68816313990994460     
   437.60000000000406       0.29114104647736350     
   438.40000000000407      -0.47654512682461758     
   439.20000000000408      -0.63687020109158676     
   440.00000000000409        1.5046895098799418E-002
   440.80000000000410       0.64807721488665482     
   441.60000000000412       0.45406711132665112     
   442.40000000000413      -0.31826606633795307     
   443.20000000000414      -0.68544369615599177     
   444.00000000000415      -0.17787927356705302     
   444.80000000000416       0.55621422613855775     
   445.60000000000417       0.58097830682289864     
   446.40000000000418      -0.13482743128527153     
   447.20000000000420      -0.67929037161855599     
   448.00000000000421      -0.35672792091862032     
   448.80000000000422       0.42003192285570817     
   449.60000000000423       0.66168374160876042     
   450.40000000000424        5.9207308297697714E-002
   451.20000000000425      -0.61884477298772111     
   452.00000000000426      -0.50732403230341727     
   452.80000000000427       0.25053651972246349     
   453.60000000000429       0.68962860047074614     
   454.40000000000430       0.24852952732839950     
   455.20000000000431      -0.50899335833678339     
   456.00000000000432      -0.61764016849206294     
   456.80000000000433        6.1275800897739763E-002
   457.60000000000434       0.66247960241303716     
   458.40000000000435       0.41818595471928699     
   459.20000000000437      -0.35865028515479880     
   460.00000000000438      -0.67878450336487295     
   460.80000000000439      -0.13277292863035639     
   461.60000000000440       0.58238897611360030     
   462.40000000000441       0.55469353295182600     
   463.20000000000442      -0.17991935459378283     
   464.00000000000443      -0.68575870914331305     
   464.80000000000445      -0.31630612805133085     
   465.60000000000446       0.45585376163847624     
   466.40000000000447       0.64711429129232767     
   467.20000000000448        1.2975134615645700E-002
   468.00000000000449      -0.63792823120448772     
   468.80000000000450      -0.47479927568597380     
   469.60000000000451       0.29312054566272139     
   470.40000000000452       0.68796609961396882     
   471.20000000000454       0.20480211046268226     
   472.00000000000455      -0.53914320798835824     
   472.80000000000456      -0.59561895338185633     
   473.60000000000457       0.10723314984081656     
   474.40000000000458       0.67387600994242502     
   475.20000000000459       0.38042351274409625     
   476.00000000000460      -0.39742369593391624     
   476.80000000000462      -0.66905000403257864     
   477.60000000000463       -8.7069976118929304E-002
   478.40000000000464       0.60592690176438579     
   479.20000000000465       0.52590630597674537     
   480.00000000000466      -0.22420787342892401     
   480.80000000000467      -0.68911534429980625     
   481.60000000000468      -0.27446336415681633     
   482.40000000000470       0.48962120668990999     
   483.20000000000471       0.62961744244039508     
   484.00000000000472       -3.3317666642362243E-002
   484.80000000000473      -0.65411859541850226     
   485.60000000000474      -0.44013630482034527     
   486.40000000000475       0.33439093372406192     
   487.20000000000476       0.68318434904759939     
   488.00000000000477       0.16015521352540874     
   488.80000000000479      -0.56685577084937766     
   489.60000000000480      -0.57090779396171853     
   490.40000000000481       0.15271315965330368     
   491.20000000000482       0.68221432594441689     
   492.00000000000483       0.34095065176284511     
   492.80000000000484      -0.43440979644443989     
   493.60000000000485      -0.65628595914386578     
   494.40000000000487       -4.0974964774850631E-002
   495.20000000000488       0.62671936742708223     
   496.00000000000489       0.49474813047503285     
   496.80000000000490      -0.26749377663245000     
   497.60000000000491      -0.68934576541186077     
   498.40000000000492      -0.23138810649494856     
   499.20000000000493       0.52117929166859778     
   500.00000000000495       0.60927414127958446     
   500.80000000000496       -7.9464011372913812E-002
   501.60000000000497      -0.66734132093416942     
   502.40000000000498      -0.40349249894835681     
   503.20000000000499       0.37416071643088089     
   504.00000000000500       0.67530641221355636     
   504.80000000000501       0.11478901727169932     
   505.60000000000502      -0.59200324596060960     
   506.40000000000504      -0.54362000762837570     
   507.20000000000505       0.19751192760855918     
   508.00000000000506       0.68745680787956465     
   508.80000000000507       0.29994569657802961     
   509.60000000000508      -0.46943966161801598     
   510.40000000000509      -0.64055192784799664     
   511.20000000000510        5.3058799216267882E-003
   512.00000000000512       0.64467039234746559     
   512.80000000000507       0.46136098362808475     
   513.60000000000502      -0.30958185748811173     
   514.40000000000498      -0.68644991643326536     
   515.20000000000493      -0.18727398623105840     
   516.00000000000489       0.55038286179386464     
   516.80000000000484       0.58617812657834245     
   517.60000000000480      -0.12525740388439355     
   518.40000000000475      -0.67753579477553338     
   519.20000000000471      -0.36503391268763929     
   520.00000000000466       0.41224917799836003     
   520.80000000000462       0.66436958716261185     
   521.60000000000457        6.8906721406986615E-002
   522.40000000000452      -0.61446954241669416     
   523.20000000000448      -0.51388041425432918     
   524.00000000000443       0.24142820038193280     
   524.80000000000439       0.68958012657700718     
   525.60000000000434       0.25759352241840561     
   526.40000000000430      -0.50235281338080762     
   527.20000000000425      -0.62192088620441000     
   528.00000000000421        5.1565578681449398E-002
   528.80000000000416       0.65969724061440760     
   529.60000000000412       0.42589665701691642     
   530.40000000000407      -0.35028180394914937     
   531.20000000000402      -0.68044221195415178     
   532.00000000000398      -0.14231899505282430     
   532.80000000000393       0.57709734666273138     
   533.60000000000389       0.56043550616872295     
   534.40000000000384      -0.17049269004995948     
   535.20000000000380      -0.68465556964125718     
   536.00000000000375      -0.32493448758672949     
   536.80000000000371       0.44848267264118813     
   537.60000000000366       0.65042510498060124     
   538.40000000000362        2.2713650002136654E-002
   539.20000000000357      -0.63415092311509225     
   540.00000000000352      -0.48182470174117042     
   540.80000000000348       0.28426425798636534     
   541.60000000000343       0.68857546774724099     
   542.40000000000339       0.21408471657006711     
   543.20000000000334      -0.53299808796048354     
   544.00000000000330      -0.60047889241180519     
   544.80000000000325        9.7597193093405754E-002
   545.60000000000321       0.67173085219297346     
   546.40000000000316       0.38851606775554387     
   547.20000000000312      -0.38940900769397963     
   548.00000000000307      -0.67135137120968125     
   548.80000000000302       -9.6724628656235878E-002
   549.60000000000298       0.60119946896676224     
   550.40000000000293       0.53216420135896936     
   551.20000000000289      -0.21496690410862573     
   552.00000000000284      -0.68866856139939869     
   552.80000000000280      -0.28337521790173004     
   553.60000000000275       0.48269551335253968     
   554.40000000000271       0.63353785472686153     
   555.20000000000266       -2.3583591239972890E-002
   556.00000000000261      -0.65095659352897495     
   556.80000000000257      -0.44759880860442997     
   557.60000000000252       0.32582673389948108     
   558.40000000000248       0.68444851567940224     
   559.20000000000243       0.16961474626364925     
   560.00000000000239      -0.56123441589025069     
   560.80000000000234      -0.57632463544334667     
   561.60000000000230       0.14319464576008678     
   562.40000000000225       0.68071616673891910     
   563.20000000000221       0.34938847743204315     
   564.00000000000216      -0.42678543399524116     
   564.80000000000211      -0.65922021289920307     
   565.60000000000207       -5.0695017488872063E-002
   566.40000000000202       0.62257794373297581     
   567.20000000000198       0.50149339009286198     
   568.00000000000193      -0.25848009858297405     
   568.80000000000189      -0.68955717662430804     
   569.60000000000184      -0.24054333608935641     
   570.40000000000180       0.51473080761997625     
   571.20000000000175       0.61378603555038413     
   572.00000000000171       -6.9777933989623175E-002
   572.80000000000166      -0.66480917013719598     
   573.60000000000161      -0.41135822322883298     
   574.40000000000157       0.36592745767306301     
   575.20000000000152       0.67721934677285667     
   576.00000000000148       0.12438308872730264     
   576.80000000000143      -0.58693159485040280     
   577.60000000000139      -0.54956894452285321     
   578.40000000000134       0.18815355294273839     
   579.20000000000130       0.68661238853331863     
   580.00000000000125       0.30869070538194221     
   580.80000000000121      -0.46224048381109950     
   581.60000000000116      -0.64410540317439291     
   582.40000000000111       -4.4360912292952248E-003
   583.20000000000107       0.64113408502097524     
   584.00000000000102       0.46856289283973801     
   584.80000000000098      -0.30083616822823939     
   585.60000000000093      -0.68731833225630190     
   586.40000000000089      -0.19663146222921168     
   587.20000000000084       0.54444127766757366     
   588.00000000000080       0.59126074422354002     
   588.80000000000075      -0.11566268098407584     
   589.60000000000070      -0.67564508041241278     
   590.40000000000066      -0.37326724546796619     
   591.20000000000061       0.40438431617477466     
   592.00000000000057       0.66692227373885204     
   592.80000000000052        7.8592378173253374E-002
   593.60000000000048      -0.60997100846476493     
   594.40000000000043      -0.52033425798207644     
   595.20000000000039       0.23227204221260078     
   596.00000000000034       0.68939314884621039     
   596.80000000000030       0.26660631245931637     
   597.60000000000025      -0.49561184051780088     
   598.40000000000020      -0.62607713169277990     
   599.20000000000016        4.1845260095363046E-002
   600.00000000000011       0.65678233703031252     
   600.80000000000007       0.43352250217464994     
   601.60000000000002      -0.34184369563419792     
   602.39999999999998      -0.68196340743172379     
   603.19999999999993      -0.15183674657322233     
   603.99999999999989       0.57169005668604111     
   604.79999999999984       0.56606552307629610     
   605.59999999999980      -0.16103232743958773     
   606.39999999999975      -0.68341487281156676     
   607.19999999999970      -0.33349821810913094     
   607.99999999999966       0.44102210866792502     
   608.79999999999961       0.65360561884367452     
   609.59999999999957        3.2447557903006130E-002
   610.39999999999952      -0.63024627621506446     
   611.19999999999948      -0.48875403265456424     
   611.99999999999943       0.27535158138091093     
   612.79999999999939       0.68904658235190563     
   613.59999999999934       0.22332475926237216     
   614.39999999999930      -0.52674631001961536     
   615.19999999999925      -0.60521873931940262     
   615.99999999999920        8.7942017712492104E-002
   616.79999999999916       0.66945072699717989     
   617.59999999999911       0.39653127475409189     
   618.39999999999907      -0.38131680083170982     
   619.19999999999902      -0.67351812353599516     
   619.99999999999898      -0.10636001518254645     
   620.79999999999893       0.59635143489058595     
   621.59999999999889       0.53831585295642836     
   622.39999999999884      -0.20568338141141207     
   623.19999999999879      -0.68808343235328229     
   623.99999999999875      -0.29223072172666942     
   624.79999999999870       0.47567340373529554     
   625.59999999999866       0.63733142755680372     
   626.39999999999861       -1.3844963957061363E-002
   627.19999999999857      -0.64766383626288970     
   627.99999999999852      -0.45497210715265701     
   628.79999999999848       0.31719781583149975     
   629.59999999999843       0.68557532605492755     
   630.39999999999839       0.17904055632245597     
   631.19999999999834      -0.55550063333545352     
   631.99999999999829      -0.58162629447869518     
   632.79999999999825       0.13364785685093139     
   633.59999999999820       0.67908122617922040     
   634.39999999999816       0.35775678077724249     
   635.19999999999811      -0.41907599651841487     
   635.99999999999807      -0.66202235458719538     
   636.79999999999802       -6.0404915473084797E-002
   637.59999999999798       0.61831155174445551     
   638.39999999999793       0.50813859480388546     
   639.19999999999789      -0.24941518996249146     
   639.99999999999784      -0.68963011123106077     
   640.79999999999779      -0.24965074687001965     
   641.59999999999775       0.50817938793813766     
   642.39999999999770       0.61817512925103113     
   643.19999999999766       -6.0078148127508890E-002
   643.99999999999761      -0.66214344709848416     
   644.79999999999757      -0.41914201918633393     
   645.59999999999752       0.35762141238852024     
   646.39999999999748       0.67899644020121275     
   647.19999999999743       0.13395240787894713     
   647.99999999999739      -0.58174226167336029     
   648.79999999999734      -0.55540811626724984     
   649.59999999999729       0.17875796883548467     
   650.39999999999725       0.68563002171445919     
   651.19999999999720       0.31737431776951996     
   651.99999999999716      -0.45494904728792140     
   652.79999999999711      -0.64752987779013593     
   653.59999999999707       -1.4177068879177024E-002
   654.39999999999702       0.63746902271453343     
   655.19999999999698       0.47567138298294276     
   655.99999999999693      -0.29203077012613610     
   656.79999999999688      -0.68804877475582094     
   657.59999999999684      -0.20594985021130063     
   658.39999999999679       0.53839069436655707     
   659.19999999999675       0.59622514356294720     
   659.99999999999670      -0.10604515129647962     
   660.79999999999666      -0.67361860271740259     
   661.59999999999661      -0.38142627839479337     
   662.39999999999657       0.39643891221293703     
   663.19999999999652       0.66934125949941503     
   663.99999999999648        8.8262355408001203E-002
   664.79999999999643      -0.60535008412780866     
   665.59999999999638      -0.52668424768817856     
   666.39999999999634       0.22306988395518501     
   667.19999999999629       0.68906769975948134     
   667.99999999999625       0.27556609695585593     
   668.79999999999620      -0.48877182385784840     
   669.59999999999616      -0.63010806652691020     
   670.39999999999611        3.2116767941151259E-002
   671.19999999999607       0.65373548971891249     
   671.99999999999602       0.44106196967594058     
   672.79999999999598      -0.33333764821815892     
   673.59999999999593      -0.68334776764774019     
   674.39999999999588      -0.16132430042996382     
   675.19999999999584       0.56616820211864649     
   675.99999999999579       0.57158243513219686     
   676.79999999999575      -0.15154014919575953     
   677.59999999999570      -0.68203685937566538     
   678.39999999999566      -0.34199560124952888     
   679.19999999999561       0.43347358873494679     
   679.99999999999557       0.65665518022922442     
   680.79999999999552        4.2174926426264081E-002
   681.59999999999548      -0.62621509508917983     
   682.39999999999543      -0.49558587850174041     
   683.19999999999538       0.26638429841863265     
   683.99999999999534       0.68937934148312552     
   684.79999999999529       0.23252040808486352     
   685.59999999999525      -0.52038914459599972     
   686.39999999999520      -0.60983752867017005     
   687.19999999999516        7.8269534526567264E-002
   687.99999999999511       0.66703608928883373     
   688.79999999999507       0.40446752376493261     
   689.59999999999502      -0.37314870809076756     
   690.39999999999498      -0.67554980724164426     
   691.19999999999493      -0.11597422134676916     
   691.99999999999488       0.59138379443565925     
   692.79999999999484       0.54436001753643892     
   693.59999999999479      -0.19635915815865956     
   694.39999999999475      -0.68736007217956629     
   695.19999999999470      -0.30102811350745917     
   695.99999999999466       0.46855630531220105     
   696.79999999999461       0.64099738726716793     
   697.59999999999457       -4.1037095862765938E-003
   698.39999999999452      -0.64424099156402626     
   699.19999999999447      -0.46225471855558331     
   699.99999999999443       0.30850590875376926     
   700.79999999999438       0.68656453692492070     
   701.59999999999434       0.18843077042434286     
   702.39999999999429      -0.54965559434104660     
   703.19999999999425      -0.58681169271906142     
   703.99999999999420       0.12407469178410624     
   704.79999999999416       0.67730983334512374     
   705.59999999999411       0.36605388838258912     
   706.39999999999407      -0.41128304626324219     
   707.19999999999402      -0.66469180878297984     
   707.99999999999397       -7.0102737329513998E-002
   708.79999999999393       0.61392106360548138     
   709.59999999999388       0.51468240635871632     
   710.39999999999384      -0.24030085919747668     
   711.19999999999379      -0.68956454318629745     
   711.99999999999375      -0.25870852693342705     
   712.79999999999370       0.50152636572452625     
   713.59999999999366       0.62244052516912174     
   714.39999999999361       -5.0366577137525903E-002
   715.19999999999357      -0.65934469210039393     
   715.99999999999352      -0.42684232395655608     
   716.79999999999347       0.34924425473275689     
   717.59999999999343       0.68063732191141102     
   718.39999999999338       0.14349507704499720     
   719.19999999999334      -0.57643630885792030     
   719.99999999999329      -0.56113634245839750     
   720.79999999999325       0.16932704389060049     
   721.59999999999320       0.68450990013764179     
   722.39999999999316       0.32599480213028070     
   723.19999999999311      -0.44756683044738726     
   723.99999999999307      -0.65082464815900321     
   724.79999999999302       -2.3915124537660315E-002
   725.59999999999297       0.63367595191843396     
   726.39999999999293       0.48268502228543586     
   727.19999999999288      -0.28316742775623294     
   727.99999999999284      -0.68864108452492268     
   728.79999999999279      -0.21522729786395445     
   729.59999999999275       0.53223234806660746     
   730.39999999999270       0.60107031582477677     
   731.19999999999266       -9.6406723277764894E-002
   731.99999999999261      -0.67145677082817101     
   732.79999999999256      -0.38950937911539940     
   733.59999999999252       0.38841457054407214     
   734.39999999999247       0.67162604367471057     
   735.19999999999243        9.7914738254491929E-002
   735.99999999999238      -0.60060771329597173     
   736.79999999999234      -0.53292910066789601     
   737.59999999999229       0.21382356051427565     
   738.39999999999225       0.68860383564679650     
   739.19999999999220       0.28447109048343305     
   739.99999999999216      -0.48183415544679525     
   740.79999999999211      -0.63401286653793520     
   741.59999999999206        2.2382029917165980E-002
   742.39999999999202       0.65055731896691016     
   743.19999999999197       0.44851354558931239     
   743.99999999999193      -0.32476537132471289     
   744.79999999999188      -0.68459500117719241     
   745.59999999999184      -0.17077977478953077     
   746.39999999999179       0.56053291132984151     
   747.19999999999175       0.57698512412580816     
   747.99999999999170      -0.14201804111137195     
   748.79999999999166      -0.68052180287442288     
   749.59999999999161      -0.35042493919585438     
   750.39999999999156       0.42583864188916143     
   751.19999999999152       0.65957316087866624     
   751.99999999999147        5.1893828937034314E-002
   752.79999999999143      -0.62205820314669458     
   753.59999999999138      -0.50231886239856793     
   754.39999999999134       0.25736420277504268     
   755.19999999999129       0.68957366766481898     
   755.99999999999125       0.24166983450484159     
   756.79999999999120      -0.51392788825536606     
   757.59999999999116      -0.61433432010240085     
   758.39999999999111        6.8581660792548904E-002
   759.19999999999106       0.66448742763307422     
   759.99999999999102       0.41232322438866675     
   760.79999999999097      -0.36490637577489193     
   761.59999999999093      -0.67744599903210401     
   762.39999999999088      -0.12556534161157296     
   763.19999999999084       0.58629756313551340     
   763.99999999999079       0.55029547247042632     
   764.79999999999075      -0.18699609141200391     
   765.59999999999070      -0.68649861984227223     
   766.39999999999065      -0.30976563877466134     
   767.19999999999061       0.46134566430709323     
   767.99999999999056       0.64453498296885958     
   768.79999999999052        5.6382428211634306E-003
   769.59999999999047      -0.64068875714643103     
   770.39999999999043      -0.46944517865689128     
   771.19999999999038       0.29975275588424222     
   771.99999999999034       0.68741593654397393     
   772.79999999999029       0.19778352420713108     
   773.59999999999025      -0.54370049251283126     
   774.39999999999020      -0.59187977703298678     
   775.19999999999015       0.11447705096948957     
   775.99999999999011       0.67540234347185668     
   776.79999999999006       0.37427814044725038     
   777.59999999999002      -0.40340815929498053     
   778.39999999998997      -0.66722802398543934     
   779.19999999998993       -7.9786562160078400E-002
   779.99999999998988       0.60940737682664103     
   780.79999999998984       0.52112350450685785     
   781.59999999998979      -0.23113892590327778     
   782.39999999998975      -0.68936047634660369     
   783.19999999998970      -0.26771487341144951     
   783.99999999998965       0.49477309587496110     
   784.79999999998961       0.62658135279305505     
   785.59999999998956       -4.0645145127767734E-002
   786.39999999998952      -0.65641347326428057     
   787.19999999998947      -0.43445759226775310     
   787.99999999998943       0.34079767021860291     
   788.79999999998938       0.68214164779392805     
   789.59999999998934       0.15300920368137705     
   790.39999999998929      -0.57101482116869229     
   791.19999999998925      -0.56675246292715753     
   791.99999999998920       0.15986265379316411     
   792.79999999998915       0.68325224464251055     
   793.59999999998911       0.33455043754254798     
   794.39999999998906      -0.44009533064101580     
   795.19999999998902      -0.65398903746218195     
   795.99999999998897       -3.3648330008350991E-002
   796.79999999998893       0.62975564672724416     
   797.59999999998888       0.48960239867462496     
   798.39999999998884      -0.27424791556597761     
   799.19999999998879      -0.68909513063841721     
