   0.0000000000000000        0.0000000000000000     
  0.80000000000000004      -0.15665627099828372     
   1.6000000000000001      -0.63105982978609276     
   2.4000000000000004      -0.60489372436966082     
   3.2000000000000002       0.15496889098372102     
   4.0000000000000000       0.61554546286093903     
   4.7999999999999998       0.33377100292437134     
   5.5999999999999996       0.10730706835519516     
   6.3999999999999995       0.18015776246934817     
   7.1999999999999993      -0.11666436292209370     
   7.9999999999999991      -0.63720095490760753     
   8.7999999999999989      -0.45971399734492718     
   9.5999999999999996       0.22496557958046842     
   10.400000000000000       0.40003553852158702     
   11.200000000000001       0.13147785180026678     
   12.000000000000002       0.18551873880885683     
   12.800000000000002       0.29894893558447355     
   13.600000000000003      -0.15589906757110472     
   14.400000000000004      -0.60532746567302687     
   15.200000000000005      -0.27891095551943368     
   16.000000000000004       0.23162742966954208     
   16.800000000000004       0.16524730500153323     
   17.600000000000005        2.1199731741219946E-002
   18.400000000000006       0.29547889343907341     
   19.200000000000006       0.32693199901273329     
   20.000000000000007      -0.23289499255346158     
   20.800000000000008      -0.50954848674746001     
   21.600000000000009       -9.6137315863462580E-002
   22.400000000000009       0.16790751849689189     
   23.200000000000010       -4.4538890934796821E-002
   24.000000000000011        7.8155829992280212E-003
   24.800000000000011       0.39135931203560892     
   25.600000000000012       0.26409560366318141     
   26.400000000000013      -0.29986908697489156     
   27.200000000000014      -0.35119527641680498     
   28.000000000000014        4.8060647264744016E-002
   28.800000000000015        4.5502333148577163E-002
   29.600000000000016      -0.18957799144239745     
   30.400000000000016        7.2379837432444250E-002
   31.200000000000017       0.43442724374594077     
   32.000000000000014       0.13631830825943891     
   32.800000000000011      -0.31783650982992673     
   33.600000000000009      -0.15710063983583356     
   34.400000000000006       0.12112824961875818     
   35.200000000000003      -0.10477351196155160     
   36.000000000000000      -0.24459408274733971     
   36.799999999999997       0.17602160317258816     
   37.599999999999994       0.40175215914986406     
   38.399999999999991       -1.3780329774129185E-002
   39.199999999999989      -0.26655125564793941     
   39.999999999999986        3.1111196312462897E-002
   40.799999999999983       0.10947034104823895     
   41.599999999999980      -0.24195130601701126     
   42.399999999999977      -0.20642305269101485     
   43.199999999999974       0.27210432383788791     
   43.999999999999972       0.29341275568065800     
   44.799999999999969      -0.13993898756821038     
   45.599999999999966      -0.14996838538096210     
   46.399999999999963       0.17129295623730204     
   47.199999999999960        2.4394633219390532E-002
   47.999999999999957      -0.32721763387715375     
   48.799999999999955       -9.6524960219695449E-002
   49.599999999999952       0.31985027011643608     
   50.399999999999949       0.13373991245133748     
   51.199999999999946      -0.20478881711833113     
   51.999999999999943        4.7949123867452315E-003
   52.799999999999940       0.23280801850961347     
   53.599999999999937      -0.10066537722081764     
   54.399999999999935      -0.33486051042595721     
   55.199999999999932        4.4926150732098824E-002
   55.999999999999929       0.29512563391846153     
   56.799999999999926       -3.6379125709902482E-002
   57.599999999999923      -0.18954586024606324     
   58.399999999999920       0.15687611241783594     
   59.199999999999918       0.20546062815990879     
   59.999999999999915      -0.22139155539670036     
   60.799999999999912      -0.26061582400764383     
   61.599999999999909       0.17140923829247762     
   62.399999999999906       0.19741046361341058     
   63.199999999999903      -0.17274923829281347     
   63.999999999999901      -0.10004757501850987     
   64.799999999999898       0.26494107862242611     
   65.599999999999895       0.10392702361495015     
   66.399999999999892      -0.29625322245472846     
   67.199999999999889      -0.12462955617682470     
   67.999999999999886       0.24305751367352968     
   68.799999999999883        5.0522143431453004E-002
   69.599999999999881      -0.24040524334072283     
   70.399999999999878        3.4446127400960369E-002
   71.199999999999875       0.29896984175699504     
   71.999999999999872       -3.6008499005977079E-002
   72.799999999999869      -0.29792752031982955     
   73.599999999999866        3.4294617751787604E-002
   74.399999999999864       0.23691784383001285     
   75.199999999999861      -0.10538875063729575     
   75.999999999999858      -0.22321189792405166     
   76.799999999999855       0.17116138099133199     
   77.599999999999852       0.24924040605810224     
   78.399999999999849      -0.16893371760307244     
   79.199999999999847      -0.22137126167149745     
   79.999999999999844       0.17116992358551786     
   80.799999999999841       0.15381730187616330     
   81.599999999999838      -0.22705160893388085     
   82.399999999999835      -0.12960074023966950     
   83.199999999999832       0.26740742674986850     
   83.999999999999829       0.13067983366532682     
   84.799999999999827      -0.25323994720329190     
   85.599999999999824       -8.6333133185717614E-002
   86.399999999999821       0.24780991493550109     
   87.199999999999818        1.8890532074224281E-002
   87.999999999999815      -0.28049526341603770     
   88.799999999999812        9.1605282875029670E-003
   89.599999999999810       0.29249400469878151     
   90.399999999999807       -2.1045665951169745E-002
   91.199999999999804      -0.26214640247267995     
   91.999999999999801        6.8833743424961180E-002
   92.799999999999798       0.24306604267425502     
   93.599999999999795      -0.12673921965428281     
   94.399999999999793      -0.25063058467762045     
   95.199999999999790       0.14916819430904538     
   95.999999999999787       0.23657002755183421     
   96.799999999999784      -0.16110937274483172     
   97.599999999999781      -0.19148835086731386     
   98.399999999999778       0.19984882343913668     
   99.199999999999775       0.15961487694470122     
   99.999999999999773      -0.23930275780604915     
   100.79999999999977      -0.14683744461697423     
   101.59999999999977       0.24743566151969176     
   102.39999999999976       0.11466762259640118     
   103.19999999999976      -0.24886873743079474     
   103.99999999999976       -6.1931980424970334E-002
   104.79999999999976       0.26944506834359083     
   105.59999999999975        2.4135132012380045E-002
   106.39999999999975      -0.28481086048264898     
   107.19999999999975       -9.5889745395494330E-004
   107.99999999999974       0.27359397750906805     
   108.79999999999974       -3.7573306356490865E-002
   109.59999999999974      -0.25876364078931674     
   110.39999999999974        8.7563438864795951E-002
   111.19999999999973       0.25756325339220398     
   111.99999999999973      -0.12133150663778092     
   112.79999999999973      -0.24854474945554528     
   113.59999999999972       0.14308305142219990     
   114.39999999999972       0.21849694164251399     
   115.19999999999972      -0.17570985410450579     
   115.99999999999972      -0.18800244115991824     
   116.79999999999971       0.21256956594122964     
   117.59999999999971       0.16800728710627924     
   118.39999999999971      -0.23277125249677691     
   119.19999999999970      -0.14041133574814321     
   119.99999999999970       0.24279599838082669     
   120.79999999999970        9.7977835036400202E-002
   121.59999999999970      -0.25981543266403229     
   122.39999999999969       -5.8490486896979721E-002
   123.19999999999969       0.27609590407866597     
   123.99999999999969        2.8316314564208411E-002
   124.79999999999968      -0.27649782293249742     
   125.59999999999968        7.3987747350052202E-003
   126.39999999999968       0.26866960564233022     
   127.19999999999968       -5.1787933339274339E-002
   127.99999999999967      -0.26530052557251349     
   128.79999999999967        9.0047998754288427E-002
   129.59999999999968       0.25870103003912270     
   130.39999999999969      -0.11913639422042727     
   131.19999999999970      -0.23847330922992621     
   131.99999999999972       0.15104133546205184     
   132.79999999999973       0.21265212243936071     
   133.59999999999974      -0.18628357744959645     
   134.39999999999975      -0.19048252305637425     
   135.19999999999976       0.21300579283837412     
   135.99999999999977       0.16496453211107187     
   136.79999999999978      -0.23055751356181059     
   137.59999999999980      -0.12941783706993634     
   138.39999999999981       0.24852488664954933     
   139.19999999999982        9.1652933143236720E-002
   139.99999999999983      -0.26593888622776074     
   140.79999999999984       -5.8225135256560784E-002
   141.59999999999985       0.27371476028554209     
   142.39999999999986        2.3037771068078972E-002
   143.19999999999987      -0.27290414168235749     
   143.99999999999989        1.7885419779674561E-002
   144.79999999999990       0.27116270514299101     
   145.59999999999991       -5.7445951109624915E-002
   146.39999999999992      -0.26686124122721255     
   147.19999999999993        9.1251914166269210E-002
   147.99999999999994       0.25342507654420571     
   148.79999999999995      -0.12453654134743602     
   149.59999999999997      -0.23307257853039387     
   150.39999999999998       0.15946203014947996     
   151.19999999999999       0.21193699009062514     
   152.00000000000000      -0.18996127493806139     
   152.80000000000001      -0.18825620414556213     
   153.60000000000002       0.21339876802114746     
   154.40000000000003       0.15757436537145994     
   155.20000000000005      -0.23427666207271033     
   156.00000000000006      -0.12278298299510579     
   156.80000000000007       0.25364716494764250     
   157.60000000000008        8.8742431105646224E-002
   158.40000000000009      -0.26664179828671464     
   159.20000000000010       -5.3767102613784756E-002
   160.00000000000011       0.27205681754101591     
   160.80000000000013        1.5003446387007124E-002
   161.60000000000014      -0.27382737669972779     
   162.40000000000015        2.4465427792246808E-002
   163.20000000000016       0.27243973957439493     
   164.00000000000017       -6.0940659031935684E-002
   164.80000000000018      -0.26428362002584682     
   165.60000000000019        9.6027809902799577E-002
   166.40000000000020       0.24931194457703520     
   167.20000000000022      -0.13150560939752365     
   168.00000000000023      -0.23103593524044908     
   168.80000000000024       0.16449118168212573     
   169.60000000000025       0.20973885085151553     
   170.40000000000026      -0.19237058153959133     
   171.20000000000027      -0.18298377457099518     
   172.00000000000028       0.21673102171781922     
   172.80000000000030       0.15156869525324804     
   173.60000000000031      -0.23871650737605590     
   174.40000000000032      -0.11861047599124488     
   175.20000000000033       0.25591148042985890     
   176.00000000000034        8.4317632953351818E-002
   176.80000000000035      -0.26670854324400606     
   177.60000000000036       -4.7169866453224879E-002
   178.40000000000038       0.27275326535224020     
   179.20000000000039        8.4291920227527184E-003
   180.00000000000040      -0.27490471099107905     
   180.80000000000041        2.9270237799289722E-002
   181.60000000000042       0.27138674289709641     
   182.40000000000043       -6.5839115765081224E-002
   183.20000000000044      -0.26151437522651666     
   184.00000000000045       0.10221659634878583     
   184.80000000000047       0.24705306112069220     
   185.60000000000048      -0.13704069918077527     
   186.40000000000049      -0.22881678440693087     
   187.20000000000050       0.16826430760858352     
   188.00000000000051       0.20571634917870696     
   188.80000000000052      -0.19600517564591513     
   189.60000000000053      -0.17783333923885236     
   190.40000000000055       0.22092016322634167     
   191.20000000000056       0.14701603070646027     
   192.00000000000057      -0.24182168763876280     
   192.80000000000058      -0.11409333534186075     
   193.60000000000059       0.25731573144586728     
   194.40000000000060        7.8533747947801824E-002
   195.20000000000061      -0.26780616076324626     
   196.00000000000063       -4.0911600178295177E-002
   196.80000000000064       0.27390736668637183     
   197.60000000000065        2.9964134144279120E-003
   198.40000000000066      -0.27480236254687190     
   199.20000000000067        3.4465617018920203E-002
   200.00000000000068       0.26978421878281572     
   200.80000000000069       -7.1691728070873262E-002
   201.60000000000070      -0.25960115091653158     
   202.40000000000072       0.10792914632101580     
   203.20000000000073       0.24499388307450801     
   204.00000000000074      -0.14167788954307012     
   204.80000000000075      -0.22561443537056569     
   205.60000000000076       0.17240986957997273     
   206.40000000000077       0.20139729786072810     
   207.20000000000078      -0.20026384139099482     
   208.00000000000080      -0.17340244913647937     
   208.80000000000081       0.22456549095415171     
   209.60000000000082       0.14252213003622527     
   210.40000000000083      -0.24422787751592157     
   211.20000000000084      -0.10881167336507525     
   212.00000000000085       0.25904994160185130     
   212.80000000000086        7.2661152229242437E-002
   213.60000000000088      -0.26927997102660439     
   214.40000000000089       -3.5273533003398833E-002
   215.20000000000090       0.27451333629017893     
   216.00000000000091       -2.4362389535821372E-003
   216.80000000000092      -0.27417575436350411     
   217.60000000000093        4.0209944834029676E-002
   218.40000000000094       0.26847351161574762     
   219.20000000000095       -7.7471097806490419E-002
   220.00000000000097      -0.25790091549193012     
   220.80000000000098       0.11309777444669944     
   221.60000000000099       0.24243939899724384     
   222.40000000000100      -0.14632783553961118     
   223.20000000000101      -0.22205286324982376     
   224.00000000000102       0.17691512128412779     
   224.80000000000103       0.19735298488990846     
   225.60000000000105      -0.20433714813869672     
   226.40000000000106      -0.16909893604374726     
   227.20000000000107       0.22773613342539761     
   228.00000000000108       0.13762956980401861     
   228.80000000000109      -0.24664395040601353     
   229.60000000000110      -0.10332839344650943     
   230.40000000000111       0.26099703493316084     
   231.20000000000113        6.7067151908114353E-002
   232.00000000000114      -0.27050923111154618     
   232.80000000000115       -2.9734318560690698E-002
   233.60000000000116       0.27472078336312822     
   234.40000000000117       -8.1499932265025055E-003
   235.20000000000118      -0.27356290983220521     
   236.00000000000119        4.6015612816657947E-002
   236.80000000000121       0.26728180927558848     
   237.60000000000122       -8.2960022021815683E-002
   238.40000000000123      -0.25595121180016189     
   239.20000000000124       0.11816608910189752     
   240.00000000000125       0.23957918670401704     
   240.80000000000126      -0.15114515269084575     
   241.60000000000127      -0.21852959468098793     
   242.40000000000128       0.18137144946048778     
   243.20000000000130       0.19338852932930933     
   244.00000000000131      -0.20811528695804321     
   244.80000000000132      -0.16458891724815453     
   245.60000000000133       0.23079908225109622     
   246.40000000000134       0.13253992444458521     
   247.20000000000135      -0.24913669281415110     
   248.00000000000136       -9.7928269838718468E-002
   248.80000000000138       0.26282470149257020     
   249.60000000000139        6.1556422517124676E-002
   250.40000000000140      -0.27145833098587158     
   251.20000000000141       -2.4061222595265830E-002
   252.00000000000142       0.27482575527321379     
   252.80000000000143       -1.3949579170379867E-002
   253.60000000000144      -0.27297271251923577     
   254.40000000000146        5.1686350043778251E-002
   255.20000000000147       0.26594665168193404     
   256.00000000000148       -8.8341452528499564E-002
   256.80000000000149      -0.25376507163254602     
   257.60000000000150       0.12328959019574193     
   258.40000000000151       0.23664643834805391     
   259.20000000000152      -0.15595178314934952     
   260.00000000000153      -0.21501793330570784     
   260.80000000000155       0.18565053804711323     
   261.60000000000156       0.18930244878925992     
   262.40000000000157      -0.21176204749586705     
   263.20000000000158      -0.15991471850164188     
   264.00000000000159       0.23385245676647268     
   264.80000000000160       0.12743238596936843     
   265.60000000000161      -0.25155094839158199     
   266.40000000000163       -9.2564691589402143E-002
   267.20000000000164       0.26445566090828576     
   268.00000000000165        5.5978397384146616E-002
   268.80000000000166      -0.27226903767350924     
   269.60000000000167       -1.8311594901081085E-002
   270.40000000000168       0.27488512176520286     
   271.20000000000169       -1.9701132668655807E-002
   272.00000000000171      -0.27227512559270500     
   272.80000000000172        5.7278178589062756E-002
   273.60000000000173       0.26442799901429548     
   274.40000000000174       -9.3725013177889838E-002
   275.20000000000175      -0.25146186209784255     
   276.00000000000176       0.12840588512229262     
   276.80000000000177       0.23366947664839924     
   277.60000000000178      -0.16065105552652645     
   278.40000000000180      -0.21141254394914405     
   279.20000000000181       0.18981099620002584     
   280.00000000000182       0.18508067743861722     
   280.80000000000183      -0.21535508571627265     
   281.60000000000184      -0.15517426580391847     
   282.40000000000185       0.23683538414941052     
   283.20000000000186       0.12231608104510638     
   284.00000000000188      -0.25381995251673317     
   284.80000000000189       -8.7154643541934307E-002
   285.60000000000190       0.26594686351281188     
   286.40000000000191        5.0335863038351109E-002
   287.20000000000192      -0.27299477165049613     
   288.00000000000193       -1.2563519465587203E-002
   288.80000000000194       0.27484364826539259     
   289.60000000000196       -2.5408142279358115E-002
   290.40000000000197      -0.27142693059307427     
   291.20000000000198        6.2855174092401767E-002
   292.00000000000199       0.26277863762821935     
   292.80000000000200       -9.9098104271334309E-002
   293.60000000000201      -0.24907716871961086     
   294.40000000000202       0.13345467396852737     
   295.20000000000203       0.23060083748194990     
   296.00000000000205      -0.16525444389575536     
   296.80000000000206      -0.20768808205693334     
   297.60000000000207       0.19390148228442455     
   298.40000000000208       0.18077031652520825     
   299.20000000000209      -0.21887708243647136     
   300.00000000000210      -0.15039012794244408     
   300.80000000000211       0.23970305295496921     
   301.60000000000213       0.11715169935526309     
   302.40000000000214      -0.25595993467762940     
   303.20000000000215       -8.1685520567905789E-002
   304.00000000000216       0.26733484545462238     
   304.80000000000217        4.4669234209123165E-002
   305.60000000000218      -0.27361708557996828     
   306.40000000000219       -6.8299221473152594E-003
   307.20000000000221       0.27466971429239478     
   308.00000000000222       -3.1102523190454645E-002
   308.80000000000223      -0.27044687640016241     
   309.60000000000224        6.8421586481619889E-002
   310.40000000000225       0.26102586720403287     
   311.20000000000226      -0.10442747183819845     
   312.00000000000227      -0.24659372667225238     
   312.80000000000229       0.13843023349474887     
   313.60000000000230       0.22741970736689121     
   314.40000000000231      -0.16978765365300780     
   315.20000000000232      -0.20386408478984178     
   316.00000000000233       0.19792129722207222     
   316.80000000000234       0.17639157207373296     
   317.60000000000235      -0.22230190403024686     
   318.40000000000236      -0.14554722519829222     
   319.20000000000238       0.24245511253560309     
   320.00000000000239       0.11192663172470485     
   320.80000000000240      -0.25799165330347246     
   321.60000000000241       -7.6176088322710445E-002
   322.40000000000242       0.26861651069901171     
   323.20000000000243        3.8992953480880777E-002
   324.00000000000244      -0.27411661459794251     
   324.80000000000246       -1.0979133781670591E-003
   325.60000000000247       0.27436697059203502     
   326.40000000000248       -3.6791253491618436E-002
   327.20000000000249      -0.26935196334076650     
   328.00000000000250        7.3960691761068120E-002
   328.80000000000251       0.25916598808302793     
   329.60000000000252      -0.10970355026002665     
   330.40000000000254      -0.24399825959792368     
   331.20000000000255       0.14334367279425117     
   332.00000000000256       0.22413251957435404     
   332.80000000000257      -0.17425418947467458     
   333.60000000000258      -0.19995459492711470     
   334.40000000000259       0.20185656481603892     
   335.20000000000260       0.17194101683480159     
   336.00000000000261      -0.22562414409415180     
   336.80000000000263      -0.14063718788691337     
   337.60000000000264       0.24510139429652295     
   338.40000000000265       0.10664874437320454     
   339.20000000000266      -0.25991682207092576     
   340.00000000000267       -7.0637672093176895E-002
   340.80000000000268       0.26978127651551137     
   341.60000000000269        3.3303917001338335E-002
   342.40000000000271      -0.27449152519598269     
   343.20000000000272        4.6374794911438477E-003
   344.00000000000273       0.27394447487905998     
   344.80000000000274       -4.2466371042759687E-002
   345.60000000000275      -0.26814336131229799     
   346.40000000000276        7.9463915786188166E-002
   347.20000000000277       0.25719181115687456     
   348.00000000000279      -0.11492942144168378     
   348.80000000000280      -0.24129187413930270     
   349.60000000000281       0.14819797061421081     
   350.40000000000282       0.22074780936826227     
   351.20000000000283      -0.17864701611936495     
   352.00000000000284      -0.19596084899623040     
   352.80000000000285       0.20570146510398507     
   353.60000000000286       0.16741440366904686     
   354.40000000000288      -0.22884719297959849     
   355.20000000000289      -0.13566311269082715     
   356.00000000000290       0.24764400646536200     
   356.80000000000291       0.10132581932791931     
   357.60000000000292      -0.26173003237454251     
   358.40000000000293       -6.5071487989680377E-002
   359.20000000000294       0.27082603186760762     
   360.00000000000296        2.7599877653779081E-002
   360.80000000000297      -0.27474582504218253     
   361.60000000000298        1.0372333260138200E-002
   362.40000000000299       0.27340432823797112     
   363.20000000000300       -4.8121345794626347E-002
   364.00000000000301      -0.26681769682468837     
   364.80000000000302        8.4930473152565522E-002
   365.60000000000304       0.25510275453277670     
   366.40000000000305      -0.12010634347978794     
   367.20000000000306      -0.23847930268265310     
   368.00000000000307       0.15298938566288217     
   368.80000000000308       0.21726808297506034     
   369.60000000000309      -0.18296127159579989     
   370.40000000000310      -0.19188141348028470     
   371.20000000000312       0.20945602783025824     
   372.00000000000313       0.16281310073300365     
   372.80000000000314      -0.23197214461943305     
   373.60000000000315      -0.13063010160215649     
   374.40000000000316       0.25008012815525288     
   375.20000000000317        9.5960565515185170E-002
   376.00000000000318      -0.26342836897292782     
   376.80000000000319       -5.9477392904935755E-002
   377.60000000000321       0.27175193629973821     
   378.40000000000322        2.1883203150950548E-002
   379.20000000000323      -0.27488108938801248     
   380.00000000000324        1.6101861367414649E-002
   380.80000000000325       0.27274513599856254     
   381.60000000000326       -5.3753806506031454E-002
   382.40000000000327      -0.26537411879910139     
   383.20000000000329        9.0360050574614215E-002
   384.00000000000330       0.25290124511534418     
   384.80000000000331      -0.12523188752310227     
   385.60000000000332      -0.23556291703372711     
   386.40000000000333       0.15771407881830896     
   387.20000000000334       0.21369345395387659     
   388.00000000000335      -0.18719542004895481     
   388.80000000000337      -0.18771721031114008     
   389.60000000000338       0.21312018110342318     
   390.40000000000339       0.15814049168544508     
   391.20000000000340      -0.23499722605128387     
   392.00000000000341      -0.12554108084171200     
   392.80000000000342       0.25240732523582782     
   393.60000000000343        9.0554118299783770E-002
   394.40000000000344      -0.26501151437887693     
   395.20000000000346       -5.3857321520014934E-002
   396.00000000000347       0.27255970461085793     
   396.80000000000348        1.6157516934595273E-002
   397.60000000000349      -0.27489672588283620     
   398.40000000000350        2.1823207234582420E-002
   399.20000000000351       0.27196616417612307     
   400.00000000000352       -5.9362358240882762E-002
   400.80000000000354      -0.26381375016452180     
   401.60000000000355        9.5750574030741220E-002
   402.40000000000356       0.25058907886357895     
   403.20000000000357      -0.13030292601201104     
   404.00000000000358      -0.23254348772349145     
   404.80000000000359       0.16236986749132334     
   405.60000000000360       0.21002480782196378     
   406.40000000000362      -0.19134847420209763     
   407.20000000000363      -0.18347060474321836     
   408.00000000000364       0.21669240836243542     
   408.80000000000365       0.15339924036627003     
   409.60000000000366      -0.23792036046436191     
   410.40000000000367      -0.12039781215390645     
   411.20000000000368       0.25462454741985674     
   412.00000000000369        8.5108383282242017E-002
   412.80000000000371      -0.26647940431942047     
   413.60000000000372       -4.8214212548779778E-002
   414.40000000000373       0.27324890194721196     
   415.20000000000374        1.0425701261641496E-002
   416.00000000000375      -0.27479210501364904     
   416.80000000000376        2.7534345554742268E-002
   417.60000000000377       0.27106780309415313     
   418.40000000000379       -6.4944898451479161E-002
   419.20000000000380      -0.26213776613099771     
   420.00000000000381       0.10109931016735896     
   420.80000000000382       0.24816715482072826     
   421.60000000000383      -0.13531704294807367     
   422.40000000000384      -0.22942190497297704     
   423.20000000000385       0.16695514549708296     
   424.00000000000387       0.20626390670808303     
   424.80000000000388      -0.19541882907197350     
   425.60000000000389      -0.17914387204298776     
   426.40000000000390       0.22017079451357513     
   427.20000000000391       0.14859131163208791     
   428.00000000000392      -0.24074012254525859     
   428.80000000000393      -0.11520224683979383     
   429.60000000000394       0.25673113059758090     
   430.40000000000396        7.9625913908991597E-002
   431.20000000000397      -0.26783145804974717     
   432.00000000000398       -4.2550816785249024E-002
   432.80000000000399       0.27381888651180275     
   433.60000000000400        4.6900929366731625E-003
   434.40000000000401      -0.27456717111341661     
   435.20000000000402        3.3233043556487263E-002
   436.00000000000404       0.27005068661759246     
   436.80000000000405       -7.0498870280667592E-002
   437.60000000000406      -0.26034691952366584     
   438.40000000000407       0.10640376900179882     
   439.20000000000408       0.24563629041542889     
   440.00000000000409      -0.14027224332755028     
   440.80000000000410      -0.22619953667823328     
   441.60000000000412       0.17146810693491815     
   442.40000000000413       0.20241263917366109     
   443.20000000000414      -0.19940457930001315     
   444.00000000000415      -0.17473893535566612     
   444.80000000000416       0.22355369082349177     
   445.60000000000417       0.14371865343161006     
   446.40000000000418      -0.24345540844079250     
   447.20000000000420      -0.10995670449379549     
   448.00000000000421       0.25872623402052364     
   448.80000000000422        7.4109291912541481E-002
   449.60000000000423      -0.26906691426941842     
   450.40000000000424       -3.6869583177686599E-002
   451.20000000000425       0.27426928346516666     
   452.00000000000426       -1.0469616718744024E-003
   452.80000000000427      -0.27422210958638860     
   453.60000000000429        3.8916803852667659E-002
   454.40000000000430       0.26891529784251794     
   455.20000000000431       -7.6021760289000040E-002
   456.00000000000432      -0.25844186511947775     
   456.80000000000433       0.11166171891292143     
   457.60000000000434       0.24299754564151499     
   458.40000000000435      -0.14516651283227000     
   459.20000000000437      -0.22287791582782723     
   460.00000000000438       0.17590676760584051     
   460.80000000000439       0.19847275537050879     
   461.60000000000440      -0.20330390899174167     
   462.40000000000441      -0.17025766075736926     
   463.20000000000442       0.22683966787760906     
   464.00000000000443       0.13878340718836657     
   464.80000000000445      -0.24606509526636039     
   465.60000000000446      -0.10466359383069168     
   466.40000000000447       0.26060890886373383     
   467.20000000000448        6.8560959813290301E-002
   468.00000000000449      -0.27018512851606097     
   468.80000000000450       -3.1172916406664863E-002
   469.60000000000451       0.27459990249636362     
   470.40000000000452       -6.7829797977577155E-003
   471.20000000000454      -0.27375709026877632     
   472.00000000000455        4.4583104095364645E-002
   472.80000000000456       0.26766206167305295     
   473.60000000000457       -8.1511194674613929E-002
   474.40000000000458      -0.25642337974148610     
   475.20000000000459       0.11687096892016363     
   476.00000000000460       0.24025212387943809     
   476.80000000000462      -0.14999775062231765     
   477.60000000000463      -0.21945855207966466     
   478.40000000000464       0.18026916444144656     
   479.20000000000465       0.19444596766906252     
   480.00000000000466      -0.20711513763808481     
   480.80000000000467      -0.16570201481515495     
   481.60000000000468       0.23002733680648246     
   482.40000000000470       0.13378780489053752     
   483.20000000000471      -0.24856801518731700     
   484.00000000000472       -9.9325278786903920E-002
   484.80000000000473       0.26237825966620165     
   485.60000000000474        6.2983319902720436E-002
   486.40000000000475      -0.27118558487959277     
   487.20000000000476       -2.5463285817002079E-002
   488.00000000000477       0.27481059470144076     
   488.80000000000479       -1.2515440235812192E-002
   489.60000000000480      -0.27317226834507674     
   490.40000000000481        5.0229488096736052E-002
   491.20000000000482       0.26629147163360983     
   492.00000000000483       -8.6964847554658331E-002
   492.80000000000484      -0.25429235162461361     
   493.60000000000485       0.12202929661912876     
   494.40000000000487       0.23740125974410725     
   495.20000000000488      -0.15476385760925121     
   496.00000000000489      -0.21594294856537274     
   496.80000000000490       0.18455341419427254     
   497.60000000000491       0.19033404726658565     
   498.40000000000492      -0.21083663891472953     
   499.20000000000493      -0.16107404068667977     
   500.00000000000495       0.23311530475903516     
   500.80000000000496       0.12873408335663206     
   501.60000000000497      -0.25096303194353053     
   502.40000000000498       -9.3944103987296440E-002
   503.20000000000499       0.26403347909163288     
   504.00000000000500        5.7378806038001773E-002
   504.80000000000501      -0.27206782653352740     
   505.60000000000502       -1.9743195285262971E-002
   506.40000000000504       0.27490122776284520     
   507.20000000000505       -1.8241846765652214E-002
   508.00000000000506      -0.27246784817101721     
   508.80000000000507        5.5853536377223456E-002
   509.60000000000508       0.26480410710734514     
   510.40000000000509       -9.2380388867297880E-002
   511.20000000000510      -0.25204972228381112     
   512.00000000000512       0.12713447990456667     
   512.80000000000507       0.23444620748251477     
   513.60000000000502      -0.15946278181210422     
   514.40000000000498      -0.21233265311986838     
   515.20000000000493       0.18875768341431526     
   516.00000000000489       0.18613882911580759     
   516.80000000000484      -0.21446680417489516     
   517.60000000000480      -0.15637581059601779     
   518.40000000000475       0.23610220556969080     
   519.20000000000471       0.12362448142805645     
   520.00000000000466      -0.25324907208446329     
   520.80000000000462       -8.8522434880086376E-002
   521.60000000000457       0.26557381948994052     
   522.40000000000452        5.1749880906687362E-002
   523.20000000000448      -0.27283143112901515     
   524.00000000000443       -1.4015145705853882E-002
   524.80000000000439       0.27487171366996538     
   525.60000000000434       -2.3959725008570298E-002
   526.40000000000430      -0.27164410334575706     
   527.20000000000425        6.1452835153831875E-002
   528.00000000000421       0.26320060729165973     
   528.80000000000416       -9.7755491322030541E-002
   529.60000000000412      -0.24969647033274359     
   530.40000000000407       0.13218432561471241     
   531.20000000000402       0.23138826447556388     
   532.00000000000398      -0.16409251162511146     
   532.80000000000393      -0.20862926965893619     
   533.60000000000389       0.19288016506356326     
   534.40000000000384       0.18186218872120186     
   535.20000000000380      -0.21800405156565833     
   536.00000000000375      -0.15160941567251304     
   536.80000000000371       0.23898672108657934     
   537.60000000000366       0.11846125923310333     
   538.40000000000362      -0.25542511648174004     
   539.20000000000357       -8.3062663115896967E-002
   540.00000000000352       0.26699857571079522     
   540.80000000000348        4.6099016355427402E-002
   541.60000000000343      -0.27347602048975972     
   542.40000000000339       -8.2816295315320532E-003
   543.20000000000334       0.27472202383932720     
   544.00000000000330       -2.9666606680682550E-002
   544.80000000000325      -0.27070136730683558     
   545.60000000000321        6.7024974645829294E-002
   546.40000000000316       0.26148165848097027     
   547.20000000000312      -0.10308784629218387     
   548.00000000000307      -0.24723362033607557     
   548.80000000000302       0.13717667152397647     
   549.60000000000298       0.22822878098761673     
   550.40000000000293      -0.16865106315990686     
   551.20000000000289      -0.20483444836829273     
   552.00000000000284       0.19691907917193091     
   552.80000000000280       0.17750603265550574     
   553.60000000000275      -0.22144683857065967     
   554.40000000000271      -0.14677697348162946     
   555.20000000000266       0.24176758093251113     
   556.00000000000261       0.11324670394809169     
   556.80000000000257      -0.25749019041909316     
   557.60000000000252       -7.7567197265487747E-002
   558.40000000000248       0.26830708710412043     
   559.20000000000243        4.0428686779494516E-002
   560.00000000000239      -0.27400127008315039     
   560.80000000000234       -2.5451373293735036E-003
   561.60000000000230       0.27445218721587566     
   562.40000000000225       -3.5360026293071611E-002
   563.20000000000221      -0.26964002535947540     
   564.00000000000216        7.2567557060663923E-002
   564.80000000000211       0.25964799625684903     
   565.60000000000207      -0.10837516792986318     
   566.40000000000202      -0.24466224920941668     
   567.20000000000198       0.14210938061956666     
   568.00000000000193       0.22496915684050042     
   568.80000000000189      -0.17313647857736955     
   569.60000000000184      -0.20094987899520594     
   570.40000000000180       0.20087267948158327     
   571.20000000000175       0.17307230037853710     
   572.00000000000171      -0.22479366434653292     
   572.80000000000166      -0.14188063192376754     
   573.60000000000161       0.24444355771487408     
   574.40000000000157       0.10798312580288841     
   575.20000000000152      -0.25944336304740256     
   576.00000000000148       -7.2038457480463836E-002
   576.80000000000143       0.26949874281589220     
   577.60000000000139        3.4741370858553833E-002
   578.40000000000134      -0.27440690991018496     
   579.20000000000130        3.1918397711404034E-003
   580.00000000000125       0.27406228606086830     
   580.80000000000121       -4.1037524917427792E-002
   581.60000000000116      -0.26846051442768060     
   582.40000000000111        7.8078200391561547E-002
   583.20000000000107       0.25770040908227643     
   584.00000000000102      -0.11361519132094949     
   584.80000000000098      -0.24198348560969346     
   585.60000000000093       0.14698033952472156     
   586.40000000000089       0.22161083731266923     
   587.20000000000084      -0.17754682937384975     
   588.00000000000080      -0.19697729034851463     
   588.80000000000075       0.20473925603318571     
   589.60000000000070       0.16856296622379555     
   590.40000000000066      -0.22804306796978716     
   591.20000000000061      -0.13692256758843901     
   592.00000000000057       0.24701346612715697     
   592.80000000000052       0.10267285433383760     
   593.60000000000048      -0.26128375014765443     
   594.40000000000043       -6.6478875033807616E-002
   595.20000000000039       0.27057298336102831     
   596.00000000000034        2.9039552707715077E-002
   596.80000000000030      -0.27469272271511302     
   597.60000000000025        8.9268118931504215E-003
   598.40000000000020       0.27355245519405752     
   599.20000000000016       -4.6696653094993656E-002
   600.00000000000011      -0.26716332486262068     
   600.80000000000007        8.3554538485474061E-002
   601.60000000000002       0.25563973862366068     
   602.39999999999998      -0.11880567165882089     
   603.19999999999993      -0.23919850769129672     
   603.99999999999989       0.15178746012634300     
   604.79999999999984       0.21815531199613364     
   605.59999999999980      -0.18188021850882224     
   606.39999999999975      -0.19291845096880733     
   607.19999999999970       0.20851713498944646     
   607.99999999999966       0.16398003863754068     
   608.79999999999961      -0.23119362790253184     
   609.59999999999957      -0.13190498324750155     
   610.39999999999952       0.24947616438758341     
   611.19999999999948        9.7318237113919792E-002
   611.99999999999943      -0.26301051561856931     
   612.79999999999939       -6.0890892432888033E-002
   613.59999999999934       0.27152930019504701     
   614.39999999999930        2.3325720800589089E-002
   615.19999999999925      -0.27485854343529509     
   615.99999999999920        1.4657292554497714E-002
   616.79999999999916       0.27292288286782562     
   617.59999999999911       -5.2334971730243096E-002
   618.39999999999907      -0.26574900097761178     
   619.19999999999902        8.8994220949293823E-002
   619.99999999999898       0.25346687866295026     
   620.79999999999893      -0.12394438519310924     
   621.59999999999889      -0.23630854203127541     
   622.39999999999884       0.15652868119767741     
   623.19999999999879       0.21460411475720800     
   623.99999999999875      -0.18613478094476535     
   624.79999999999870      -0.18877516862896943     
   625.59999999999866       0.21220467856670688     
   626.39999999999861       0.15932555848317242     
   627.19999999999857      -0.23424396284426968     
   627.99999999999852      -0.12683010642355547     
   628.79999999999848       0.25183055546398542     
   629.59999999999843        9.1921639216185513E-002
   630.39999999999839      -0.26462287172963994     
   631.19999999999834       -5.5276962522013751E-002
   631.99999999999829       0.27236723553688130     
   632.79999999999825        1.7602366323815788E-002
   633.59999999999820      -0.27490425968929338     
   634.39999999999816        2.0380799856012932E-002
   635.19999999999811       0.27217381129332652     
   635.99999999999807       -5.7950052530625518E-002
   636.79999999999802      -0.26421814063116711     
   637.59999999999798        9.4394913915404610E-002
   638.39999999999793       0.25118277432854735     
   639.19999999999789      -0.12902913049868603     
   639.99999999999784      -0.23331486331526680     
   640.79999999999779       0.16120196921563351     
   641.59999999999775       0.21095882329744270     
   642.39999999999770      -0.19030868394883388     
   643.19999999999766      -0.18454928913770779     
   643.99999999999761       0.21580028568745196     
   644.79999999999757       0.15460159771349230     
   645.59999999999752      -0.23719273272666469     
   646.39999999999748      -0.12170018852189012     
   647.19999999999743       0.25407558762954147     
   647.99999999999739        8.6485442292309062E-002
   648.79999999999734      -0.26612007927582304     
   649.59999999999729       -4.9639547111866578E-002
   650.39999999999725       0.27308638276385128     
   651.19999999999720        1.1871981919154839E-002
   651.99999999999716      -0.27482981226711500     
   652.79999999999711        2.6094857263540605E-002
   653.59999999999707       0.27130553660824264     
   654.39999999999702       -6.3539478802439375E-002
   655.19999999999698      -0.26257139479569347     
   655.99999999999693        9.9754301118667954E-002
   656.79999999999688       0.24878842176185900     
   657.59999999999684      -0.13405772938315880     
   658.39999999999679      -0.23021879393776934     
   659.19999999999675       0.16580531891476102     
   659.99999999999670       0.20722105827746054     
   660.79999999999666      -0.19440012772230639     
   661.59999999999661      -0.18024269520474118     
   662.39999999999657       0.21930239282630987     
   663.19999999999652       0.14981025838588921     
   663.99999999999648      -0.24003863938796985     
   664.79999999999643      -0.11651750385367002     
   665.59999999999638       0.25621025485625293     
   666.39999999999634        8.1012043344685813E-002
   667.19999999999629      -0.26750144800509257     
   667.99999999999625       -4.3981115730163695E-002
   668.79999999999620       0.27368638689439040     
   669.59999999999616        6.1370606954808671E-003
   670.39999999999611      -0.27463519533096481     
   671.19999999999607        3.1796994502434284E-002
   671.99999999999602       0.27031840874120694     
   672.79999999999598       -6.9100846454567655E-002
   673.59999999999593      -0.26080946733151400     
   674.39999999999588       0.10507008483687724     
   675.19999999999584       0.24628486779638878     
   675.99999999999579      -0.13902802760426305     
   676.79999999999575      -0.22702170336138738     
   677.59999999999570       0.17033675395883308     
   678.39999999999566       0.20339248239205920     
   679.19999999999561      -0.19840734617284117     
   679.99999999999557      -0.17585730547171069     
   680.79999999999552       0.22270947472945785     
   681.59999999999548       0.14495367167051779     
   682.39999999999543      -0.24278042711914846     
   683.19999999999538      -0.11128434849231097     
   683.99999999999534       0.25823359731023066     
   684.79999999999529        7.5503853506800306E-002
   685.59999999999525      -0.26876633712513986     
   686.39999999999520       -3.8304144518717664E-002
   687.19999999999516       0.27416694494363175     
   687.99999999999511        4.0009523510087242E-004
   688.79999999999507      -0.27432045651323372     
   689.59999999999502        3.7484748561309067E-002
   690.39999999999498       0.26921283134176355     
   691.19999999999493       -7.4631764970095160E-002
   691.99999999999488      -0.25893311478874215     
   692.79999999999484       0.11033998671748080     
   693.59999999999479       0.24367320951750177     
   694.39999999999475      -0.14393789560291009     
   695.19999999999470      -0.22372500739772921     
   695.99999999999466       0.17479432769557979     
   696.79999999999461       0.19947479949899685     
   697.59999999999457      -0.20232860765553942     
   698.39999999999452      -0.17139507356380537     
   699.19999999999447       0.22602004504951426     
   699.99999999999443       0.14003399677608930     
   700.79999999999438      -0.24541688322588578     
   701.59999999999434      -0.10600303909274184     
   702.39999999999429       0.26014470190256495     
   703.19999999999425        6.9963296889825222E-002
   703.99999999999420      -0.26991415576837829     
   704.79999999999416       -3.2611115164265736E-002
   705.59999999999411       0.27452780619624739     
   706.39999999999407       -5.3364234485602235E-003
   707.19999999999402      -0.27388569701120791     
   707.99999999999397        4.3155664706241770E-002
   708.79999999999393       0.26798926173318810     
   709.59999999999388       -8.0129858312348590E-002
   710.39999999999384      -0.25694314615180563     
   711.19999999999379       0.11556174857724455     
   711.99999999999375       0.24095459374123027     
   712.79999999999370      -0.14878522927999097     
   713.59999999999366      -0.22033016748496506     
   714.39999999999361       0.17917612391829948     
   715.19999999999357       0.19546975376778417     
   715.99999999999352      -0.20616221565908263     
   716.79999999999347      -0.16685798709675126     
   717.59999999999343       0.22923265696412248     
   718.39999999999338       0.13505341982573837     
   719.19999999999334      -0.24794683862845968     
   719.99999999999329      -0.10067591173679621     
   720.79999999999325       0.26194270283153498     
   721.59999999999320        6.4392809466671003E-002
   722.39999999999316      -0.27094436339356964     
   723.19999999999311       -2.6904513805736607E-002
   723.99999999999307       0.27476877245592835     
   724.79999999999302       -1.1070006972691504E-002
   725.59999999999297      -0.27333107169687676     
   726.39999999999293        4.8807297451371356E-002
   727.19999999999288       0.26664821082933288     
   727.99999999999284       -8.5592765795946713E-002
   728.79999999999279      -0.25484042251184846     
   729.59999999999275       0.12073313322538975     
   730.39999999999270       0.23813021647130753     
   731.19999999999266      -0.15356795078312788     
   731.99999999999261      -0.21683868997193467     
   732.79999999999256       0.18348025758806480     
   733.59999999999252       0.19137912879072391     
   734.39999999999247      -0.20990650947427561     
   735.19999999999243      -0.16224806663679314     
   735.99999999999238       0.23234590382026865     
   736.79999999999234       0.13001415274190609     
   737.59999999999229      -0.25036916845717222     
   738.39999999999225       -9.5305320800892934E-002
   739.19999999999220       0.26362678208020496     
   739.99999999999216        5.8794837939413536E-002
   740.79999999999211      -0.27185647016876396     
   741.59999999999206       -2.1186829931006235E-002
   742.39999999999202       0.27488969829849019     
   743.19999999999197       -1.6798170614543029E-002
   743.99999999999193      -0.27265678919278002     
   744.79999999999188        5.4437211505173444E-002
   745.59999999999184       0.26519024299616983     
   746.39999999999179       -9.1018142968365801E-002
   747.19999999999175      -0.25262585671538018     
   747.99999999999170       0.12585192528490602     
   748.79999999999166       0.23520132234316782     
   749.59999999999161      -0.15828400926651393     
   750.39999999999156      -0.21325212536320026     
   751.19999999999152       0.18770487554737825     
   751.99999999999147       0.18720474665883913     
   752.79999999999143      -0.21355986487321338     
   753.59999999999138      -0.15756736465750570     
   754.39999999999134       0.23535841976857907     
   755.19999999999129       0.12491843213013198     
   755.99999999999125      -0.25268279262419657     
   756.79999999999120       -8.9893637810443350E-002
   757.59999999999116       0.26519616990504735     
   758.39999999999111        5.3171838608409183E-002
   759.19999999999106      -0.27265003734397814     
   759.99999999999102       -1.5460555293003109E-002
   760.79999999999097       0.27489049129249638     
   761.59999999999093       -2.2518434330835169E-002
   762.39999999999088      -0.27186311191338430     
   763.19999999999084        6.0042982713633397E-002
   763.99999999999079       0.26361597588898206     
   764.79999999999075       -9.6403662477608287E-002
   765.59999999999070      -0.25030041298127248     
   766.39999999999065       0.13091593200008395     
   767.19999999999061       0.23216920403052541     
   767.99999999999056      -0.16293138164857188     
   768.79999999999052      -0.20957206753929053     
   769.59999999999047       0.19184815722942372     
   770.39999999999043       0.18294846702039269     
   771.19999999999038      -0.21712069477733476     
   771.99999999999034      -0.15281796447798612     
   772.79999999999029       0.23826888039184574     
   773.59999999999025       0.11976851815528358     
   774.39999999999020      -0.25488667638825124     
   775.19999999999015       -8.4443250299276351E-002
   775.99999999999011       0.26665014530408626     
   776.79999999999006        4.7526276244038573E-002
   777.59999999999002      -0.27332467760119361     
   778.39999999998997       -9.7281828288345307E-003
   779.19999999998993       0.27477111220226497     
   779.99999999998988       -2.8228323760593532E-002
   780.79999999998984      -0.27095035607634310     
   781.59999999998979        6.5622198987331348E-002
   782.39999999998975       0.26192608024894526     
   783.19999999998970      -0.10174701493730565     
   783.99999999998965      -0.24786510648917778     
   784.79999999998961       0.13592298403760791     
   785.59999999998956       0.22903520162922703     
   786.39999999998952      -0.16750807335311801     
   787.19999999998947      -0.20580015294338833     
   787.99999999998943       0.19590831536178005     
   788.79999999998938       0.17861218611304236     
   789.59999999998934      -0.22058744992913232     
   790.39999999998929      -0.14800197919710167     
   791.19999999998925       0.24107600332172974     
   791.99999999998920       0.11456669341515810     
   792.79999999998915      -0.25697983089820386     
   793.59999999998911       -7.8956560658940050E-002
   794.39999999998906       0.26798803647564351     
   795.19999999998902        4.1860622963972277E-002
   795.99999999998897      -0.27388005539135174     
   796.79999999998893       -3.9922056004145778E-003
   797.59999999998888       0.27453157515414001     
   798.39999999998884       -3.3925371220201062E-002
   799.19999999998879      -0.26991889167803085     
