   0.0000000000000000      -0.11992568383484370     
  0.80000000000000004       0.28919728965323327     
   1.6000000000000001        8.5597810296476284E-002
   2.4000000000000004      -0.35176470853319369     
   3.2000000000000002      -0.20818450073663899     
   4.0000000000000000       0.36336512250613962     
   4.7999999999999998       0.44789168035239457     
   5.5999999999999996      -0.12736532497652109     
   6.3999999999999995      -0.48396538683447005     
   7.1999999999999993      -0.10628311391423217     
   7.9999999999999991       0.34428552001667556     
   8.7999999999999989       0.14548867626614292     
   9.5999999999999996      -0.30615348112651303     
   10.400000000000000      -0.19236853967650691     
   11.200000000000001       0.33166606288591816     
   12.000000000000002       0.37732233301445828     
   12.800000000000002      -0.18865603398684039     
   13.600000000000003      -0.48842695212722154     
   14.400000000000004       -5.6218453395385948E-002
   15.200000000000005       0.40332807879814725     
   16.000000000000004       0.17680506958403405     
   16.800000000000004      -0.30411478557432103     
   17.600000000000005      -0.21064795216798030     
   18.400000000000006       0.29306011687911926     
   19.200000000000006       0.32909839372614674     
   20.000000000000007      -0.21225591122633342     
   20.800000000000008      -0.46170626381267199     
   21.600000000000009        8.2174737328838399E-004
   22.400000000000009       0.44265745427673081     
   23.200000000000010       0.17449890946553842     
   24.000000000000011      -0.33034187383004127     
   24.800000000000011      -0.23708412621403413     
   25.600000000000012       0.26939467630390695     
   26.400000000000013       0.30934982058668603     
   27.200000000000014      -0.20996441755806072     
   28.000000000000014      -0.42591370295355990     
   28.800000000000015        4.5587643800825528E-002
   29.600000000000016       0.45631220335276962     
   30.400000000000016       0.14869301351599690     
   31.200000000000017      -0.36498961376205191     
   32.000000000000014      -0.25351429528637393     
   32.800000000000011       0.26737751195689430     
   33.600000000000009       0.31057398903014971     
   34.400000000000006      -0.19844196194339209     
   35.200000000000003      -0.39707771186667773     
   36.000000000000000        7.1621402231977771E-002
   36.799999999999997       0.45042430839682018     
   37.599999999999994       0.11402836277935452     
   38.399999999999991      -0.39340548648480639     
   39.199999999999989      -0.25336592450819806     
   39.999999999999986       0.28233556508737723     
   40.799999999999983       0.32017450946063397     
   41.599999999999980      -0.19084626085694378     
   42.399999999999977      -0.38169440386207437     
   43.199999999999974        8.2237008859046279E-002
   43.999999999999972       0.43572707165671143     
   44.799999999999969        8.2181516850547531E-002
   45.599999999999966      -0.40944303736431709     
   46.399999999999963      -0.23916534206618545     
   47.199999999999960       0.30491603533594325     
   47.999999999999957       0.32751729777680161     
   48.799999999999955      -0.19319532397054828     
   49.599999999999952      -0.37821757161010378     
   50.399999999999949        8.5204697144790786E-002
   51.199999999999946       0.42159015050368204     
   51.999999999999943        5.8777530542522660E-002
   52.799999999999940      -0.41410257711136922     
   53.599999999999937      -0.21762229774628439     
   54.399999999999935       0.32671125261356748     
   55.199999999999932       0.32722945498660966     
   55.999999999999929      -0.20503674357329399     
   56.799999999999926      -0.38101028993690345     
   57.599999999999923        8.7928930162113506E-002
   58.399999999999920       0.41305027189320465     
   59.199999999999918        4.3839073003127060E-002
   59.999999999999915      -0.41210767046862246     
   60.799999999999912      -0.19529170604535706     
   61.599999999999909       0.34305600895585231     
   62.399999999999906       0.31901574341423605     
   63.199999999999903      -0.22237223492895725     
   63.999999999999901      -0.38424562760522762     
   64.799999999999898        9.4747482765198954E-002
   65.599999999999895       0.41070426828827422     
   66.399999999999892        3.4130106431797813E-002
   67.199999999999889      -0.40854758886170389     
   67.999999999999886      -0.17616957174213277     
   68.799999999999883       0.35319307182353765     
   69.599999999999881       0.30559801032707068     
   70.399999999999878      -0.24070372271943341     
   71.199999999999875      -0.38423450669549053     
   71.999999999999872       0.10654728968915056     
   72.799999999999869       0.41234443031075130     
   73.599999999999866        2.5760762680885452E-002
   74.399999999999864      -0.40678921028898452     
   75.199999999999861      -0.16126768744068323     
   75.999999999999858       0.35889854817595768     
   76.799999999999855       0.29039653103248864     
   77.599999999999852      -0.25695842395063895     
   78.399999999999849      -0.37993230692690616     
   79.199999999999847       0.12188175875017881     
   79.999999999999844       0.41499009541817333     
   80.799999999999841        1.5959173420842632E-002
   81.599999999999838      -0.40791468553871041     
   82.399999999999835      -0.14949042993626860     
   83.199999999999832       0.36273517638474884     
   83.999999999999829       0.27593960670813228     
   84.799999999999827      -0.27004640870420643     
   85.599999999999824      -0.37221395539368074     
   86.399999999999821       0.13851172458678218     
   87.199999999999818       0.41635904957907699     
   87.999999999999815        3.6693114654800518E-003
   88.799999999999812      -0.41126836035745051     
   89.599999999999810      -0.13894502795876212     
   90.399999999999807       0.36674215945944016     
   91.199999999999804       0.26328463418385917     
   91.999999999999801      -0.28043031004867047     
   92.799999999999798      -0.36272770149727851     
   93.599999999999795       0.15459144763529320     
   94.399999999999793       0.41544511304053450     
   95.199999999999790       -1.0765030540761111E-002
   95.999999999999787      -0.41544076451179812     
   96.799999999999784      -0.12800741072891270     
   97.599999999999781       0.37187431232803475     
   98.399999999999778       0.25224075198420964     
   99.199999999999775      -0.28928901083691788     
   99.999999999999773      -0.35294318413422215     
   100.79999999999977       0.16919921918655795     
   101.59999999999977       0.41236164092275485     
   102.39999999999976       -2.6319586278828244E-002
   103.19999999999976      -0.41912610776975656     
   103.99999999999976      -0.11583623276387012     
   104.79999999999976       0.37809168810299276     
   105.59999999999975       0.24197308867496647     
   106.39999999999975      -0.29776165770508034     
   107.19999999999975      -0.34367068618483160     
   107.99999999999974       0.18229167235358607     
   108.79999999999974       0.40782492270136084     
   109.59999999999974       -4.1963248516873608E-002
   110.39999999999974      -0.42157657683242022     
   111.19999999999973      -0.10236926923988265     
   111.99999999999973       0.38479251936017134     
   112.79999999999973       0.23159871764160764     
   113.59999999999972      -0.30652520592580634     
   114.39999999999972      -0.33503429319361488     
   115.19999999999972       0.19434364517392622     
   115.99999999999972       0.40262749038620088     
   116.79999999999971       -5.7048122767802523E-002
   117.59999999999971      -0.42265076456216294     
   118.39999999999971       -8.8022972145518463E-002
   119.19999999999970       0.39127837592122339     
   119.99999999999970       0.22054959710180627     
   120.79999999999970      -0.31572674054846156     
   121.59999999999970      -0.32671806656270130     
   122.39999999999969       0.20594281254785807     
   123.19999999999969       0.39730554852376776     
   123.99999999999969       -7.1388331290301532E-002
   124.79999999999968      -0.42261046778944922     
   125.59999999999968       -7.3336618675543253E-002
   126.39999999999968       0.39705945041752655     
   127.19999999999968       0.20866157263711160     
   127.99999999999967      -0.32514716215027861     
   128.79999999999967      -0.31827649224705218     
   129.59999999999968       0.21751235501044225     
   130.39999999999969       0.39204479587035768     
   131.19999999999970       -8.5129558662576099E-002
   131.99999999999972      -0.42185012122376370     
   132.79999999999973       -5.8720549254814514E-002
   133.59999999999974       0.40195100020845359     
   134.39999999999975       0.19607132955710055     
   135.19999999999976      -0.33443582796363774     
   135.99999999999977      -0.30936342090563418     
   136.79999999999978       0.22921360680551850     
   137.59999999999980       0.38675989763986507     
   138.39999999999981       -9.8547365101085693E-002
   139.19999999999982      -0.42069036795020032     
   139.99999999999983       -4.4360238659606421E-002
   140.79999999999984       0.40601274997663306     
   141.59999999999985       0.18304220347229569     
   142.39999999999986      -0.34329629953207674     
   143.19999999999987      -0.29982632035681933     
   143.99999999999989       0.24099000471162990     
   144.79999999999990       0.38124403053340350     
   145.59999999999991      -0.11188116973427453     
   146.39999999999992      -0.41928724361701075     
   147.19999999999993       -3.0246712891260574E-002
   147.99999999999994       0.40942091393206653     
   148.79999999999995       0.16981555271674953     
   149.59999999999997      -0.35157292148359454     
   150.39999999999998      -0.28968679708311473     
   151.19999999999999       0.25267582329184501     
   152.00000000000000       0.37530178202107478     
   152.80000000000001      -0.12525222610779829     
   153.60000000000002      -0.41764275306493842     
   154.40000000000003       -1.6268294333105171E-002
   155.20000000000005       0.41235012300121210     
   156.00000000000006       0.15653353613309795     
   156.80000000000007      -0.35924720176763092     
   157.60000000000008      -0.27906302082267365     
   158.40000000000009       0.26410071485540576     
   159.20000000000010       0.36882164582216426     
   160.00000000000011      -0.13866146673557000     
   160.80000000000013      -0.41566997504604442     
   161.60000000000014       -2.3027728362651212E-003
   162.40000000000015       0.41490607776153993     
   163.20000000000016       0.14323249417260026     
   164.00000000000017      -0.36638356405253975     
   164.80000000000018      -0.26808828633490822     
   165.60000000000019       0.27515189986296795     
   166.40000000000020       0.36178597344375785     
   167.20000000000022      -0.15203428231953620     
   168.00000000000023      -0.41326478935535577     
   168.80000000000024        1.1725366316842123E-002
   169.60000000000025       0.41711317963153638     
   170.40000000000026       0.12987958366419244     
   171.20000000000027      -0.37306657911730240     
   172.00000000000028      -0.25685841530006476     
   172.80000000000030       0.28578820096159913     
   173.60000000000031       0.35424106233083064     
   174.40000000000032      -0.16527527539489539     
   175.20000000000033      -0.41035402921233421     
   176.00000000000034        2.5829752637895775E-002
   176.80000000000035       0.41893862781735802     
   177.60000000000036       0.11642039413640115     
   178.40000000000038      -0.37935722254139692     
   179.20000000000039      -0.24541584783041362     
   180.00000000000040       0.29602094746134555     
   180.80000000000041       0.34625567638314669     
   181.60000000000042      -0.17830786229616447     
   182.40000000000043      -0.40691164365059151     
   183.20000000000044        3.9977010307495786E-002
   184.00000000000045       0.42032836790415962     
   184.80000000000047       0.10281471988847635     
   185.60000000000048      -0.38527681061826274     
   186.40000000000049      -0.23376096331727345     
   187.20000000000050       0.30588305167031238     
   188.00000000000051       0.33788872078182708     
   188.80000000000052      -0.19109002322431035     
   189.60000000000053      -0.40295023738765545     
   190.40000000000055        5.4113309539420729E-002
   191.20000000000056       0.42123615524068553     
   192.00000000000057        8.9051830507507257E-002
   192.80000000000058      -0.39081305005102357     
   193.60000000000059      -0.22187478693734919     
   194.40000000000060       0.31540306174354282     
   195.20000000000061       0.32917452633580729     
   196.00000000000063      -0.20361028581661039     
   196.80000000000064      -0.39850163705070052     
   197.60000000000065        6.8187518908837119E-002
   198.40000000000066       0.42163755053156371     
   199.20000000000067        7.5148073854293285E-002
   200.00000000000068      -0.39593654633863778     
   200.80000000000069      -0.20973959290058022     
   201.60000000000070       0.32459199437359343     
   202.40000000000072       0.32012390325311979     
   203.20000000000073      -0.21587384029765588     
   204.00000000000074      -0.39359854184665910     
   204.80000000000075        8.2163565080449197E-002
   205.60000000000076       0.42152988066917296     
   206.40000000000077        6.1135195068308279E-002
   207.20000000000078      -0.40061704925715902     
   208.00000000000080      -0.19735042257147878     
   208.80000000000081       0.33344257546480766     
   209.60000000000082       0.31073388639762684     
   210.40000000000083      -0.22788826335993712     
   211.20000000000084      -0.38826379918500231     
   212.00000000000085        9.6021854799754836E-002
   212.80000000000086       0.42092411796166002     
   213.60000000000088        4.7047752766552431E-002
   214.40000000000089      -0.40483334816631711     
   215.20000000000090      -0.18471695780313829     
   216.00000000000091       0.34193593740994471     
   216.80000000000092       0.30099877109029294     
   217.60000000000093      -0.23965447040109311     
   218.40000000000094      -0.38250816887674083     
   219.20000000000095       0.10975384938717836     
   220.00000000000097       0.41983519578137091     
   220.80000000000098        3.2914811097239205E-002
   221.60000000000099      -0.40857572884354676     
   222.40000000000100      -0.17185910928446385     
   223.20000000000101       0.35005006802496480     
   224.00000000000102       0.29091767651185019     
   224.80000000000103      -0.25116414443741664     
   225.60000000000105      -0.37633383497907746     
   226.40000000000106       0.12335476493859954     
   227.20000000000107       0.41827511723044658     
   228.00000000000108        1.8757262548351805E-002
   228.80000000000109      -0.41184320300525978     
   229.60000000000110      -0.15880065735244914     
   230.40000000000111       0.35776604976758192     
   231.20000000000113       0.28049721432729435     
   232.00000000000114      -0.26240188980295642     
   232.80000000000115      -0.36973989024904519     
   233.60000000000116       0.13681798347636720     
   234.40000000000117       0.41625030428887549     
   235.20000000000118        4.5894139905718889E-003
   236.00000000000119      -0.41463878110918406     
   236.80000000000121      -0.14556419036200985     
   237.60000000000122       0.36507064662280686     
   238.40000000000123       0.26975031049344828     
   239.20000000000124      -0.27334929569213245     
   240.00000000000125      -0.36272686218838590     
   240.80000000000126       0.15013259097124598     
   241.60000000000127       0.41376240410605697     
   242.40000000000128       -9.5775801679900963E-003
   243.20000000000130      -0.41696542208510523     
   244.00000000000131      -0.13216871692743265     
   244.80000000000132       0.37195580015844038     
   245.60000000000133       0.25869325304313695     
   246.40000000000134      -0.28398855581157068     
   247.20000000000135      -0.35529895545167739     
   248.00000000000136       0.16328366560543323     
   248.80000000000138       0.41081078080915889     
   249.60000000000139       -2.3732536763465650E-002
   250.40000000000140      -0.41882392107072747     
   251.20000000000141      -0.11862972518619158     
   252.00000000000142       0.37841653834689271     
   252.80000000000143       0.24734283841486476     
   253.60000000000144      -0.29430445518931175     
   254.40000000000146      -0.34746411767845725     
   255.20000000000147       0.17625404888441482     
   256.00000000000148       0.40739502711162373     
   256.80000000000149       -3.7862429503618289E-002
   257.60000000000150      -0.42021272290963596     
   258.40000000000151      -0.10496062406681878     
   259.20000000000152       0.38444877050555665     
   260.00000000000153       0.23571465861870580     
   260.80000000000155      -0.30428466122956965     
   261.60000000000156      -0.33923282116015241     
   262.40000000000157       0.18902630201855797     
   263.20000000000158       0.40351652692174422     
   264.00000000000159       -5.1952062864315529E-002
   264.80000000000160      -0.42112891903776534     
   265.60000000000161       -9.1174424518379593E-002
   266.40000000000163       0.39004786192229612     
   267.20000000000164       0.22382269480166095     
   268.00000000000165      -0.31391892992715575     
   268.80000000000166      -0.33061656511132720     
   269.60000000000167       0.20158402794943775     
   270.40000000000168       0.39917887204227487     
   271.20000000000169       -6.5984736049281123E-002
   272.00000000000171      -0.42156954739922747     
   272.80000000000172       -7.7284910160126563E-002
   273.60000000000173       0.39520820606506252     
   274.40000000000174       0.21167981386725715     
   275.20000000000175      -0.32319799384066378     
   276.00000000000176      -0.32162678461245953     
   276.80000000000177       0.21391232809014704     
   277.60000000000178       0.39438745653589435     
   278.40000000000180       -7.9943231463705189E-002
   279.20000000000181      -0.42153257143821193     
   280.00000000000182       -6.3307059201291926E-002
   280.80000000000183       0.39992353913988610     
   281.60000000000184       0.19929859057727445     
   282.40000000000185      -0.33211269567266205     
   283.20000000000186      -0.31227440659689665     
   284.00000000000188       0.22599759072305592     
   284.80000000000189       0.38914874909998459     
   285.60000000000190       -9.3810619665007811E-002
   286.40000000000191      -0.42101730033214180     
   287.20000000000192       -4.9256866031012758E-002
   288.00000000000193       0.40418756610839451     
   288.80000000000194       0.18669199752225307     
   289.60000000000196      -0.34065359906364723     
   290.40000000000197      -0.30256994441243329     
   291.20000000000198       0.23782697975071759     
   292.00000000000199       0.38346965480796374     
   292.80000000000200      -0.10757065757096790     
   293.60000000000201      -0.42002432620312175     
   294.40000000000202       -3.5150877255272717E-002
   295.20000000000203       0.40799453036052069     
   296.00000000000205       0.17387374923035526     
   296.80000000000206      -0.34881102804030095     
   297.60000000000207      -0.29252386265407743     
   298.40000000000208       0.24938795089328164     
   299.20000000000209       0.37735716924982476     
   300.00000000000210      -0.12120780625028676     
   300.80000000000211      -0.41855520606900198     
   301.60000000000213       -2.1005732802894472E-002
   302.40000000000214       0.41133953601746159     
   303.20000000000215       0.16085830896747838     
   304.00000000000216      -0.35657534337975844     
   304.80000000000217      -0.28214695416199947     
   305.60000000000218       0.26066797357370147     
   306.40000000000219       0.37081833044277412     
   307.20000000000221      -0.13470702856605055     
   308.00000000000222      -0.41661211708899948     
   308.80000000000223       -6.8378778663363837E-003
   309.60000000000224       0.41421860675702771     
   310.40000000000225       0.14766069175761554     
   311.20000000000226      -0.36393725468755800     
   312.00000000000227      -0.27145057547258922     
   312.80000000000229       0.27165448279430959     
   313.60000000000230       0.36386035781019865     
   314.40000000000231      -0.14805354305841067     
   315.20000000000232      -0.41419762689427120     
   316.00000000000233        7.3365238500983643E-003
   316.80000000000234       0.41662857212863402     
   317.60000000000235       0.13429621828626964     
   318.40000000000236      -0.37088803830981515     
   319.20000000000238      -0.26044670589730967     
   320.00000000000239       0.28233498719469385     
   320.80000000000240       0.35649084282520349     
   321.60000000000241      -0.16123265242647522     
   322.40000000000242      -0.41131461663277702     
   323.20000000000243        2.1501534768865072E-002
   324.00000000000244       0.41856689938111574     
   324.80000000000246       0.12078032751716050     
   325.60000000000247      -0.37741962191594502     
   326.40000000000248      -0.24914787726682688     
   327.20000000000249       0.29269723103453615     
   328.00000000000250       0.34871789334496445     
   328.80000000000251      -0.17422968631517605     
   329.60000000000252      -0.40796631991689758     
   330.40000000000254        3.5641334281114156E-002
   331.20000000000255       0.42003155939082892     
   332.00000000000256       0.10712848769593342     
   332.80000000000257      -0.38352456387227790     
   333.60000000000258      -0.23756705064643024     
   334.40000000000259       0.30272933045515737     
   335.20000000000260       0.34055019264758168     
   336.00000000000261      -0.18703003757193615     
   336.80000000000263      -0.40415641197356400     
   337.60000000000264        4.9740127185978533E-002
   338.40000000000265       0.42102096447393755     
   339.20000000000266        9.3356190964787644E-002
   340.00000000000267      -0.38919598360730312     
   340.80000000000268      -0.22571750408023955     
   341.60000000000269       0.31241984782838123     
   342.40000000000271       0.33199698309328884     
   343.20000000000272      -0.19961924416407562     
   344.00000000000273      -0.39988909172572484     
   344.80000000000274        6.3782104085696067E-002
   345.60000000000275       0.42153397213077515     
   346.40000000000276        7.9478991067474913E-002
   347.20000000000277      -0.39442749389714743     
   348.00000000000279      -0.21361276390266809     
   348.80000000000280       0.32175780688600425     
   349.60000000000281       0.32306800874819058     
   350.40000000000282      -0.21198307164492697     
   351.20000000000283      -0.39516912626547418     
   352.00000000000284        7.7751453608003063E-002
   352.80000000000285       0.42156992581272734     
   353.60000000000286        6.5512544259328120E-002
   354.40000000000288      -0.39921316350585273     
   355.20000000000289      -0.20126658156114691     
   356.00000000000290       0.33073267272966650     
   356.80000000000291       0.31377345228843112     
   357.60000000000292      -0.22410756983589664     
   358.40000000000293      -0.39000185426823686     
   359.20000000000294        9.1632406464518645E-002
   360.00000000000296       0.42112870158826171     
   360.80000000000297        5.1472629148246796E-002
   361.60000000000298      -0.40354751475846357     
   362.40000000000299      -0.18869293949991717     
   363.20000000000300       0.33933432397146712     
   364.00000000000301       0.30412388857903061     
   364.80000000000302      -0.23597909829764907     
   365.60000000000304      -0.38439316185766509     
   366.40000000000305       0.10540928752067757     
   367.20000000000306       0.42021074020017585     
   368.00000000000307        3.7375139493590559E-002
   368.80000000000308      -0.40742554509244838     
   369.60000000000309      -0.17590606533490571     
   370.40000000000310       0.34755303565370688     
   371.20000000000312       0.29413026131094772     
   372.00000000000313      -0.24758432930488100     
   372.80000000000314      -0.37834944906222057     
   373.60000000000315       0.11906655893654722     
   374.40000000000316       0.41881705796544999     
   375.20000000000317        2.3236056843601971E-002
   376.00000000000318      -0.41084275684020516     
   376.80000000000319      -0.16292043899309225     
   377.60000000000321       0.35537947950503346     
   378.40000000000322       0.28380387740530122     
   379.20000000000323      -0.25891024188188139     
   380.00000000000324      -0.37187760076421383     
   380.80000000000325       0.13258884787143099     
   381.60000000000326       0.41694924053241511     
   382.40000000000327        9.0714147063423178E-003
   383.20000000000329      -0.41379518272173171     
   384.00000000000330      -0.14975078648907203     
   384.80000000000331       0.36280473859108497     
   385.60000000000332       0.27315640916796835     
   386.40000000000333      -0.26994411808589880     
   387.20000000000334      -0.36498496829521510     
   388.00000000000335       0.14596096075699672     
   388.80000000000337       0.41460942808868784     
   389.60000000000338       -5.1027357174214805E-003
   390.40000000000339      -0.41627940115978113     
   391.20000000000340      -0.13641206163458219     
   392.00000000000341       0.36982032903961226     
   392.80000000000342       0.26219989527088083     
   393.60000000000343      -0.28067354708817438     
   394.40000000000344      -0.35767936101587261     
   395.20000000000346       0.15916789029326350     
   396.00000000000347       0.41180029998556517     
   396.80000000000348       -1.9270352984034844E-002
   397.60000000000349      -0.41829254159692136     
   398.40000000000350      -0.12291942089329994     
   399.20000000000351       0.37641822177147566     
   400.00000000000352       0.25094673566851722     
   400.80000000000354      -0.29108643723557859     
   401.60000000000355      -0.34996904354328812     
   402.40000000000356       0.17219482137217595     
   403.20000000000357       0.40852506335618566     
   404.00000000000358       -3.3415425525427311E-002
   404.80000000000359      -0.41983228341853035     
   405.60000000000360      -0.10928819687937052     
   406.40000000000362       0.38259085999090947     
   407.20000000000363       0.23940967974491595     
   408.00000000000364      -0.30117103311012267     
   408.80000000000365      -0.34186273382419952     
   409.60000000000366       0.18502713980415353     
   410.40000000000367       0.40478744661976851     
   411.20000000000368       -4.7521986837901098E-002
   412.00000000000369      -0.42089685268522326     
   412.80000000000371       -9.5533874085779957E-002
   413.60000000000372       0.38833117141710838     
   414.40000000000373       0.22760180966859295     
   415.20000000000374      -0.31091593391067757     
   416.00000000000375      -0.33336959881205636     
   416.80000000000376       0.19765044490875189     
   417.60000000000377       0.40059169630866232     
   418.40000000000379       -6.1574128899107849E-002
   419.20000000000380      -0.42148501962040730     
   420.00000000000381       -8.1672067975153251E-002
   420.80000000000382       0.39363257647467897     
   421.60000000000383       0.21553652172682042     
   422.40000000000384      -0.32031011048153851     
   423.20000000000385      -0.32449924664457214     
   424.00000000000387       0.21005056500757452     
   424.80000000000388       0.39594257484878681     
   425.60000000000389       -7.5556016187934616E-002
   426.40000000000390      -0.42159609794710412     
   427.20000000000391       -6.7718506737884432E-002
   428.00000000000392       0.39848899446315900     
   428.80000000000393       0.20322750780655455     
   429.60000000000394      -0.32934291990623021     
   430.40000000000396      -0.31526171586531532     
   431.20000000000397       0.22221357407273939     
   432.00000000000398       0.39084535737897830     
   432.80000000000399       -8.9451901317185778E-002
   433.60000000000400      -0.42122994569246131     
   434.40000000000401       -5.3689014260506318E-002
   435.20000000000402       0.40289484940021869     
   436.00000000000404       0.19068873802264824     
   436.80000000000405      -0.33800411790276169     
   437.60000000000406      -0.30566746296899827     
   438.40000000000407       0.23412580800342098     
   439.20000000000408       0.38530582669284913     
   440.00000000000409      -0.10324614211382716     
   440.80000000000410      -0.42038696637613338     
   441.60000000000412       -3.9599492978995454E-002
   442.40000000000413       0.40684507638493278     
   443.20000000000414       0.17793444444197143     
   444.00000000000415      -0.34628386992197707     
   444.80000000000416      -0.29572734948508106     
   445.60000000000417       0.24577387972230580     
   446.40000000000418       0.37933026632822403     
   447.20000000000420      -0.11692321935744382     
   448.00000000000421      -0.41906810951620033     
   448.80000000000422       -2.5465905901700114E-002
   449.60000000000423       0.41033512849289450     
   450.40000000000424       0.16497910527086568     
   451.20000000000425      -0.35417276187247593     
   452.00000000000426      -0.28545262929909804     
   452.80000000000427       0.25714469301981319     
   453.60000000000429       0.37292545236739949     
   454.40000000000430      -0.13046775433627256     
   455.20000000000431      -0.41727486981884060     
   456.00000000000432       -1.1304257731049872E-002
   456.80000000000433       0.41336098372214197     
   457.60000000000434       0.15183742879622475     
   458.40000000000435      -0.36166181103972084     
   459.20000000000437      -0.27485493634648717     
   460.00000000000438       0.26822545552598032     
   460.80000000000439       0.36609864461183833     
   461.60000000000440      -0.14386452566856595     
   462.40000000000441      -0.41500928491517169     
   463.20000000000442        2.8694245703823062E-003
   464.00000000000443       0.41591915139346869     
   464.80000000000445       0.13852433660238483     
   465.60000000000446      -0.36874247733238552     
   466.40000000000447      -0.26394627242795454     
   467.20000000000448       0.27900369131770564     
   468.00000000000449       0.35885757760827997     
   468.80000000000450      -0.15709848521953562     
   469.60000000000451      -0.41227393186667149     
   470.40000000000452        1.7039111290328868E-002
   471.20000000000454       0.41800667756004783     
   472.00000000000455       0.12505494592235578     
   472.80000000000456      -0.37540667466240873     
   473.60000000000457      -0.25273899476128536     
   474.40000000000458       0.28946725354860736     
   475.20000000000459       0.35121045171018228     
   476.00000000000460      -0.17015477323921946     
   476.80000000000462      -0.40907192279449478     
   477.60000000000463        3.1188789169242448E-002
   478.40000000000464       0.41962114923698679     
   479.20000000000465       0.11144455124595221     
   480.00000000000466      -0.38164678213611802     
   480.80000000000467      -0.24124580295378678     
   481.60000000000468       0.29960433727197194     
   482.40000000000470       0.34316592412308800     
   483.20000000000471      -0.18301873297167415     
   484.00000000000472      -0.40540689994216134     
   484.80000000000473        4.5302480092882236E-002
   485.60000000000474       0.42076069747321027     
   486.40000000000475        9.7708605429429773E-002
   487.20000000000476      -0.38745565476125654     
   488.00000000000477      -0.22947972523364510     
   488.80000000000479       0.30940349243886378     
   489.60000000000480       0.33473309976450177     
   490.40000000000481      -0.19567592497528469     
   491.20000000000482      -0.40128303035399882     
   492.00000000000483        5.9364259242200623E-002
   492.80000000000484       0.42142399940329867     
   493.60000000000485        8.3862700551211256E-002
   494.40000000000487      -0.39282663348180702     
   495.20000000000488      -0.21745410392897932     
   496.00000000000489       0.31885363694436064     
   496.80000000000490       0.32592152176036626     
   497.60000000000491      -0.20811214130517353     
   498.40000000000492      -0.39670500022003707     
   499.20000000000493        7.3358272769236288E-002
   500.00000000000495       0.42161027943402379     
   500.80000000000496        6.9922548685299291E-002
   501.60000000000497      -0.39775355446922239     
   502.40000000000498      -0.20518258027666325     
   503.20000000000499       0.32794406957506994     
   504.00000000000500       0.31674116146070352     
   504.80000000000501      -0.22031341960789697     
   505.60000000000502      -0.39167800885435722     
   506.40000000000504        8.7268755090926797E-002
   507.20000000000505       0.42131930967314829     
   508.00000000000506        5.5903962676636276E-002
   508.80000000000507      -0.40223075767381061     
   509.60000000000508      -0.19267907866650791     
   510.40000000000509       0.33666448274858374     
   511.20000000000510       0.30720240793183284     
   512.00000000000512      -0.23226605711307979     
   512.80000000000507      -0.38620776225296366     
   513.60000000000502       0.10108004586368347     
   514.40000000000498       0.42055140964825810     
   515.20000000000493        4.1822836945473618E-002
   516.00000000000489      -0.40625309466280679     
   516.80000000000484      -0.17995779040543891     
   517.60000000000480       0.34500497498449700     
   518.40000000000475       0.29731605693222563     
   519.20000000000471      -0.24395662448443445     
   520.00000000000466      -0.38030046619243663     
   520.80000000000462       0.11477660666166489     
   521.60000000000457       0.41930744532015485     
   522.40000000000452        2.7695128323954155E-002
   523.20000000000448      -0.40981593576208097     
   524.00000000000443      -0.16703315705021701     
   524.80000000000439       0.35295606308724203     
   525.60000000000434       0.28709329940157546     
   526.40000000000430      -0.25537197950052870     
   527.20000000000425      -0.37396281886252158     
   528.00000000000421       0.12834303734772456     
   528.80000000000416       0.41758882737842590     
   529.60000000000412        1.3536836935464813E-002
   530.40000000000407      -0.41291517649228782     
   531.20000000000402      -0.15391985333000918     
   532.00000000000398       0.36050869403460045     
   532.80000000000393       0.27654570948895696     
   533.60000000000389      -0.26649928055860561     
   534.40000000000384      -0.36720200305700951     
   535.20000000000380       0.14176409210826441     
   536.00000000000375       0.41539750881253795     
   536.80000000000371       -6.3601285033909605E-004
   537.60000000000366      -0.41554724326254422     
   538.40000000000362      -0.14063276966206434     
   539.20000000000357       0.36765425656089373     
   540.00000000000352       0.26568523212120931     
   540.80000000000348      -0.27732600001979180     
   541.60000000000343      -0.36002567795421314     
   542.40000000000339       0.15502469513802830     
   543.20000000000334       0.41273598177546650     
   544.00000000000330       -1.4807391336779274E-002
   544.80000000000325      -0.41770909828145408     
   545.60000000000321      -0.12718699427545149     
   546.40000000000316       0.37438459240504612     
   547.20000000000312       0.25452417009965916     
   548.00000000000307      -0.28783993742008424     
   548.80000000000302      -0.35244197051836679     
   549.60000000000298       0.16810995597072687     
   550.40000000000293       0.40960727377267081     
   551.20000000000289       -2.8961282233444352E-002
   552.00000000000284      -0.41939824364608169     
   552.80000000000280      -0.11359779496933725     
   553.60000000000275       0.38069200717578816     
   554.40000000000271       0.24307517070086090     
   555.20000000000266      -0.29802923256999592     
   556.00000000000261      -0.34445946653892301     
   556.80000000000257       0.18100518447149005     
   557.60000000000252       0.40601494322325338     
   558.40000000000248       -4.3081701144957241E-002
   559.20000000000243      -0.42061272458427384     
   560.00000000000239       -9.9880600550158349E-002
   560.80000000000234       0.38656928077476904     
   561.60000000000230       0.23135121175828910     
   562.40000000000225      -0.30788237855442158     
   563.20000000000221      -0.33608720130966618     
   564.00000000000216       0.19369590552062188     
   564.80000000000211       0.40196307444359169     
   565.60000000000207       -5.7152713766992880E-002
   566.40000000000202      -0.42135113184149170     
   567.20000000000198       -8.6050982004041932E-002
   568.00000000000193       0.39200967731383829     
   568.80000000000189       0.21936558720894581     
   569.60000000000184      -0.31738823462926591     
   570.40000000000180      -0.32733464993694789     
   571.20000000000175       0.20616787342324655     
   572.00000000000171       0.39745627209994805     
   572.80000000000166       -7.1158453753843220E-002
   573.60000000000161      -0.42161260321807997     
   574.40000000000157       -7.2124633468557131E-002
   575.20000000000152       0.39700695446541212     
   576.00000000000148       0.20713189210005203     
   576.80000000000143      -0.32653603899912054     
   577.60000000000139      -0.31821171725955427     
   578.40000000000134       0.21840708608000364     
   579.20000000000130       0.39249965516935947     
   580.00000000000125       -8.5083140235289623E-002
   580.80000000000121      -0.42139682427312114     
   581.60000000000116       -5.8117353068783906E-002
   582.40000000000111       0.40155537219040965     
   583.20000000000107       0.19466400706125880     
   584.00000000000102      -0.33531542144970611     
   584.80000000000098      -0.30872872735944329     
   585.60000000000093       0.23039979894991497     
   586.40000000000089       0.38709885044056463     
   587.20000000000084       -9.8911094969605207E-002
   588.00000000000080      -0.42070402821728942     
   588.80000000000075       -4.4045023681343221E-002
   589.60000000000070       0.40564970079595919     
   590.40000000000066       0.18197608225759454     
   591.20000000000061      -0.34371641580255774     
   592.00000000000057      -0.29889641264288241     
   592.80000000000052       0.24213253883281766     
   593.60000000000048       0.38125998558067664     
   594.40000000000043      -0.11262675912744180     
   595.20000000000039      -0.41953499502078168     
   596.00000000000034       -2.9923593686365324E-002
   596.80000000000030       0.40928522828128328     
   597.60000000000025       0.16908252084500583     
   598.40000000000020      -0.35172947215394290     
   599.20000000000016      -0.28872590247198704     
   600.00000000000011       0.25359211749418931     
   600.80000000000007       0.37498968178800357     
   601.60000000000002      -0.12621470970636578     
   602.39999999999998      -0.41789104976488489     
   603.19999999999993       -1.5769057764436267E-002
   603.99999999999989       0.41245776693575670     
   604.79999999999984       0.15599796195494081     
   605.59999999999980      -0.35934546885896562     
   606.39999999999975      -0.27822871133025895     
   607.19999999999970       0.26476564515028533     
   607.99999999999966       0.36829504604761776     
   608.79999999999961      -0.13965967558085057     
   609.59999999999957      -0.41577406026918629     
   610.39999999999952       -1.5974377940692341E-003
   611.19999999999948       0.41516365915756709     
   611.99999999999943       0.14273726324083774     
   612.79999999999939      -0.36655572421500465     
   613.59999999999934      -0.26741672650316911     
   614.39999999999930       0.27564054382994868     
   615.19999999999925       0.36118366300155336     
   615.99999999999920      -0.15294655319857275     
   616.79999999999916      -0.41318643402847599     
   617.59999999999911        1.2575236100157983E-002
   618.39999999999907       0.41739978246890813     
   619.19999999999902       0.12931548302342127     
   619.99999999999898      -0.37335200779866989     
   620.79999999999893      -0.25630219526072795     
   621.59999999999889       0.28620456062253596     
   622.39999999999884       0.35366358644262064     
   623.19999999999879      -0.16606042193499915     
   623.99999999999875      -0.41013111449421175     
   624.79999999999870        2.6732944299739103E-002
   625.59999999999866       0.41916355370632968     
   626.39999999999861       0.11574786207577786     
   627.19999999999857      -0.37972655140611222     
   627.99999999999852      -0.24489771152650666     
   628.79999999999848       0.29644578082060613     
   629.59999999999843       0.34574333043600169     
   630.39999999999839      -0.17898655912707939     
   631.19999999999834      -0.40661157674083609     
   631.99999999999829        4.0859696200241602E-002
   632.79999999999825       0.42045293237435821     
   633.59999999999820       0.10204980509734318     
   634.39999999999816      -0.38567205954253581     
   635.19999999999811      -0.23321620202275811     
   635.99999999999807       0.30635264095533415     
   636.79999999999802       0.33743186006506398     
   637.59999999999798      -0.19171045480869542     
   638.39999999999793      -0.40263182255365948     
   639.19999999999789        5.4939548438248720E-002
   639.99999999999784       0.42126642315777207     
   640.79999999999779        8.8236861927584120E-002
   641.59999999999775      -0.39118171940975821     
   642.39999999999770      -0.22127091188631737     
   643.19999999999766       0.31591394171953940     
   643.99999999999761       0.32873858179735910     
   644.79999999999757      -0.20421782617262046     
   645.59999999999752      -0.39819637497646748     
   646.39999999999748        6.8956622803531764E-002
   647.19999999999743       0.42160307759253091     
   647.99999999999739        7.4324708554573238E-002
   648.79999999999734      -0.39624921033659583     
   649.59999999999729      -0.20907538975103984     
   650.39999999999725       0.32511886076570889     
   651.19999999999720       0.31967333345857230     
   651.99999999999716      -0.21649463178836859     
   652.79999999999711      -0.39331027235616078     
   653.59999999999707        8.2895123811612736E-002
   654.39999999999702       0.42146249490710780     
   655.19999999999698        6.0329127979116770E-002
   655.99999999999693      -0.40086871260045165     
   656.79999999999688      -0.19664347230304463     
   657.59999999999684       0.33395696535687075     
   658.39999999999679       0.31024637379954767     
   659.19999999999675      -0.22852708560299051     
   659.99999999999670      -0.38797906191497000     
   660.79999999999666        9.6739355920345105E-002
   661.59999999999661       0.42084482204960022     
   662.39999999999657        4.6265990991807171E-002
   663.19999999999652      -0.40503491559288363     
   663.99999999999648      -0.18398926831863516     
   664.79999999999643       0.34241822484464457     
   665.59999999999638       0.30046837164111462     
   666.39999999999634      -0.24030167075129394     
   667.19999999999629      -0.38220879288073528     
   667.99999999999625       0.11047374037741453     
   668.79999999999620       0.41975075292206482     
   669.59999999999616        3.2151236924568560E-002
   670.39999999999611      -0.40874302528249296     
   671.19999999999607      -0.17112714220106140     
   671.99999999999602       0.35049302294068052     
   672.79999999999598       0.29035039457603184     
   673.59999999999593      -0.25180515320256769     
   674.39999999999588      -0.37600600919968130     
   675.19999999999584       0.12408283169743428     
   675.99999999999579       0.41818152685178284     
   676.79999999999575        1.8000854435891889E-002
   677.59999999999570      -0.41198877093668690     
   678.39999999999566      -0.15807169704188700     
   679.19999999999561       0.35817216974087690     
   679.99999999999557       0.27990389720960607     
   680.79999999999552      -0.26302459526300548     
   681.59999999999548      -0.36937774184919858     
   682.39999999999543       0.13755133377117901     
   683.19999999999538       0.41613892632931709     
   683.99999999999534        3.8308623851955326E-003
   684.79999999999529      -0.41476841106907514     
   685.59999999999525      -0.14483775723586895     
   686.39999999999520       0.36544691346080788     
   687.19999999999516       0.26914070892142811     
   687.99999999999511      -0.27394736895285826     
   688.79999999999507      -0.36233150076716369     
   689.59999999999502       0.15086411561525404     
   690.39999999999498       0.41362527404895483     
   691.19999999999493       -1.0342709148261908E-002
   691.99999999999488      -0.41707873858314753     
   692.79999999999484      -0.13144035068563564     
   693.59999999999479       0.37230895183231272     
   694.39999999999475       0.25807302112863617     
   695.19999999999470      -0.28456116927129826     
   695.99999999999466      -0.35487526640504335     
   696.79999999999461       0.16400622677856286     
   697.59999999999457       0.41064342929009379     
   698.39999999999452       -2.4503837652889882E-002
   699.19999999999447      -0.41891708509414083     
   699.99999999999443      -0.11789469064039509     
   700.79999999999438       0.37875044311075057     
   701.59999999999434       0.24671337403822458     
   702.39999999999429      -0.29485402735442112     
   703.19999999999425      -0.34701748090817197     
   703.99999999999420       0.17696291242364937     
   704.79999999999416       0.40719678367581963     
   705.59999999999411       -3.8636526735216448E-002
   706.39999999999407      -0.42028132441459048     
   707.19999999999402      -0.10421615721351235     
   707.99999999999397       0.38476401664130705     
   708.79999999999393       0.23507464287612495     
   709.59999999999388      -0.30481432352884302     
   710.39999999999384      -0.33876703892341969     
   711.19999999999379       0.18971962810560777     
   711.99999999999375       0.40328925634920260     
   712.79999999999370       -5.2724824391825964E-002
   713.59999999999366      -0.42116987519708599     
   714.39999999999361       -9.0420278632523110E-002
   715.19999999999357       0.39034278292873337     
   715.99999999999352       0.22317002358512650     
   716.79999999999347      -0.31443080025461490     
   717.59999999999343      -0.33013327802592052     
   718.39999999999338       0.20226205427619792     
   719.19999999999334       0.39892528860482634     
   719.99999999999329       -6.6752840972445826E-002
   720.79999999999325      -0.42158170273762868     
   721.59999999999320       -7.6522712276846594E-002
   722.39999999999316       0.39548034315854830     
   723.19999999999311       0.21101301799144745     
   723.99999999999307      -0.32369257494368897     
   724.79999999999302      -0.32112596875555732     
   725.59999999999297       0.21457611053787484     
   726.39999999999293       0.39410983800983834     
   727.19999999999288       -8.0704766807361439E-002
   727.99999999999284      -0.42151631994611599     
   728.79999999999279       -6.2539225559834544E-002
   729.59999999999275       0.40017079811826756     
   730.39999999999270       0.19861741844183978     
   731.19999999999266      -0.33258915263689237     
   731.99999999999261      -0.31175530425016634     
   732.79999999999256       0.22664796967718998     
   733.59999999999252       0.38884837204990219     
   734.39999999999247       -9.4564889479617664E-002
   735.19999999999243      -0.42097378749989944     
   735.99999999999238       -4.8485676716450765E-002
   736.79999999999234       0.40440875646781088     
   737.59999999999229       0.18599729192098693     
   738.39999999999225      -0.34111043851101219     
   739.19999999999220      -0.30203188945667769     
   739.99999999999216       0.23846407150463933     
   740.79999999999211       0.38314686132771003     
   741.59999999999206      -0.10831761073193807     
   742.39999999999202      -0.41995471320273098     
   743.19999999999197       -3.4377995555578855E-002
   743.99999999999193       0.40818934231630877     
   744.79999999999188       0.17316696366701573     
   745.59999999999184      -0.34924675018437773     
   746.39999999999179      -0.29196672990425487     
   747.19999999999175       0.25001113652477391     
   747.99999999999170       0.37701177233920097     
   748.79999999999166      -0.12194746300226028     
   749.59999999999161      -0.41846025057350755     
   750.39999999999156       -2.0232164235236438E-002
   751.19999999999152       0.41150820206329491     
   751.99999999999147       0.16014100030525197     
   752.79999999999143      -0.35698882978370133     
   753.59999999999138      -0.28157122001919044     
   754.39999999999134       0.26127617946056070     
   755.19999999999129       0.37045005984931467     
   755.99999999999125      -0.13543912558992255     
   756.79999999999120      -0.41649209669799864     
   757.59999999999116       -6.0641981203425344E-003
   758.39999999999111       0.41436151046922765     
   759.19999999999106       0.14693419253137197     
   759.99999999999102      -0.36432785572709825     
   760.79999999999097      -0.27085713096213410     
   761.59999999999093       0.27224652264960675     
   762.39999999999088       0.36346915888014425     
   763.19999999999084      -0.14877744046245173     
   763.99999999999079      -0.41405248937754263     
   764.79999999999075        8.1098732250536876E-003
   765.59999999999070       0.41674597592859514     
   766.39999999999065       0.13356153737903154     
   767.19999999999061      -0.37125545417733552     
   767.99999999999056      -0.25983659797199721     
   768.79999999999052       0.28290980932492482     
   769.59999999999047       0.35607697632257684     
   770.39999999999043      -0.16194742771419968     
   771.19999999999038      -0.41114420361053122     
   771.99999999999034        2.2274024859439523E-002
   772.79999999999029       0.41865884492194616     
   773.59999999999025       0.12003822011215470     
   774.39999999999020      -0.37776371011474302     
   775.19999999999015      -0.24852210719943607     
   775.99999999999011       0.29325401679052737     
   776.79999999999006       0.34828188217628331     
   777.59999999999002      -0.17493430069740490     
   778.39999999998997      -0.40777054744739155     
   779.19999999998993        3.6412255053415110E-002
   779.99999999998988       0.42009790563338778     
   780.79999999998984       0.10637959579042133     
   781.59999999998979      -0.38384517797545459     
   782.39999999998975      -0.23692648201836136     
   783.19999999998970       0.30326746949127276     
   783.99999999998965       0.34009270041525985     
   784.79999999998961      -0.18772348084787216     
   785.59999999998956      -0.40393535725595409     
   786.39999999998952        5.0508603608816316E-002
   787.19999999998947       0.42106149072729276     
   787.99999999998943        9.2601170557984613E-002
   788.79999999998938      -0.38949289180380464     
   789.59999999998934      -0.22506286880904933     
   790.39999999998929       0.31293885197337745     
   791.19999999998925       0.33151869947579859     
   791.99999999998920      -0.20030061222946283     
   792.79999999998915      -0.39964299243550599     
   793.59999999998911        6.4547169872132493E-002
   794.39999999998906       0.42154847928240879     
   795.19999999998902        7.8718582709795648E-002
   795.99999999998897      -0.39470037486359377     
   796.79999999998893      -0.21294472220741889     
   797.59999999998888       0.32225722172470361     
   798.39999999998884       0.32256958235571975     
   799.19999999998879      -0.21265157582624394     
