   0.0000000000000000       0.96862907299747136     
  0.80000000000000004        1.1394195505135929     
   1.6000000000000001        1.0068173478693632     
   2.4000000000000004       0.60660202635412475     
   3.2000000000000002       0.10821572771821364     
   4.0000000000000000      -0.33502890920071837     
   4.7999999999999998      -0.63083362214281014     
   5.5999999999999996      -0.75460647365070732     
   6.3999999999999995      -0.76079305116880136     
   7.1999999999999993      -0.74959673100605639     
   7.9999999999999991      -0.79333203623527626     
   8.7999999999999989      -0.88381187808068518     
   9.5999999999999996      -0.93997651458414710     
   10.400000000000000      -0.87303130261621409     
   11.200000000000001      -0.65587480902258677     
   12.000000000000002      -0.32948136933227823     
   12.800000000000002        4.1503517282639013E-002
   13.600000000000003       0.39868611202106791     
   14.400000000000004       0.68891533157400597     
   15.200000000000005       0.86721854737209469     
   16.000000000000004       0.92278901613899789     
   16.800000000000004       0.89478357956732912     
   17.600000000000005       0.84397835720164627     
   18.400000000000006       0.80442341657077054     
   19.200000000000006       0.76064914418865659     
   20.000000000000007       0.66490736500781333     
   20.800000000000008       0.47497058787255775     
   21.600000000000009       0.18078962963645751     
   22.400000000000009      -0.19173248189617959     
   23.200000000000010      -0.58195006446072650     
   24.000000000000011      -0.89398443572896913     
   24.800000000000011       -1.0330462039208668     
   25.600000000000012      -0.98618181090440893     
   26.400000000000013      -0.84535005495798154     
   27.200000000000014      -0.72516201716696571     
   28.000000000000014      -0.67324315360322540     
   28.800000000000015      -0.64831409522249717     
   29.600000000000016      -0.56179637767527901     
   30.400000000000016      -0.34389349691981835     
   31.200000000000017        1.4212545422708389E-002
   32.000000000000014       0.45617871135322169     
   32.800000000000011       0.86494965389530565     
   33.600000000000009        1.0916206231512779     
   34.400000000000006        1.0649876647660450     
   35.200000000000003       0.87567571631533170     
   36.000000000000000       0.69060301883641628     
   36.799999999999997       0.61197880508581404     
   37.599999999999994       0.62042300009581874     
   38.399999999999991       0.60795773811923870     
   39.199999999999989       0.46102038610976481     
   39.999999999999986       0.13529418186019326     
   40.799999999999983      -0.32512910860304894     
   41.599999999999980      -0.79888559400611392     
   42.399999999999977       -1.1082005021215791     
   43.199999999999974       -1.1280746086201190     
   43.999999999999972      -0.92343167299751538     
   44.799999999999969      -0.68941332149033208     
   45.599999999999966      -0.57469187025655544     
   46.399999999999963      -0.59019080466896778     
   47.199999999999960      -0.62721956873067841     
   47.999999999999957      -0.54339295679808786     
   48.799999999999955      -0.26043484618573653     
   49.599999999999952       0.19570697242477370     
   50.399999999999949       0.70891986503034654     
   51.199999999999946        1.0909178256621987     
   51.999999999999943        1.1734432165284105     
   52.799999999999940       0.97981922051342718     
   53.599999999999937       0.71238945764400563     
   54.399999999999935       0.55805394922099028     
   55.199999999999932       0.56241992500649562     
   55.999999999999929       0.62895261411277270     
   56.799999999999926       0.59939083519202019     
   57.599999999999923       0.36485903855627494     
   58.399999999999920       -7.1228237686384366E-002
   59.199999999999918      -0.60384167066291061     
   59.999999999999915       -1.0463130796709363     
   60.799999999999912       -1.1999868774938105     
   61.599999999999909       -1.0383829763980490     
   62.399999999999906      -0.75257591531667445     
   63.199999999999903      -0.55893649649460653     
   63.999999999999901      -0.53966757361484263     
   64.799999999999898      -0.61940359675194034     
   65.599999999999895      -0.63493522006680514     
   66.399999999999892      -0.45139514134021680     
   67.199999999999889       -4.6597919156592060E-002
   67.999999999999886       0.48960353857499039     
   68.799999999999883       0.97961565340466683     
   69.599999999999881        1.2071319016636028     
   70.399999999999878        1.0942156364759277     
   71.199999999999875       0.80470618099622482     
   71.999999999999872       0.57481718145367577     
   72.799999999999869       0.52347706667894689     
   73.599999999999866       0.60292432806533769     
   74.399999999999864       0.65422387791072123     
   75.199999999999861       0.52198904370707222     
   75.999999999999858       0.15666029598913533     
   76.799999999999855      -0.37044051523048815     
   77.599999999999852      -0.89513622265435244     
   78.399999999999849       -1.1947038593477857     
   79.199999999999847       -1.1433522758485370     
   79.999999999999844      -0.86456527385062076     
   80.799999999999841      -0.60369611970488246     
   81.599999999999838      -0.51496349488264415     
   82.399999999999835      -0.58280807816385549     
   83.199999999999832      -0.66040782126422481     
   83.999999999999829      -0.57793736084816516     
   84.799999999999827      -0.25802313817508021     
   85.599999999999824       0.24957312826823669     
   86.399999999999821       0.79660168933810693     
   87.199999999999818        1.1629527726026738     
   87.999999999999815        1.1824396158325075     
   88.799999999999812       0.92849415587377104     
   89.599999999999810       0.64385945518958998     
   90.399999999999807       0.51502143905437525     
   91.199999999999804       0.56177151490980615     
   91.999999999999801       0.65608615318825569     
   92.799999999999798       0.62017517233904351     
   93.599999999999795       0.34979492256077049     
   94.399999999999793      -0.12961329722661563     
   95.199999999999790      -0.68737286568947520     
   95.999999999999787       -1.1126204234813293     
   96.799999999999784       -1.2086230920430232     
   97.599999999999781      -0.99307965167316836     
   98.399999999999778      -0.69364935944417883     
   99.199999999999775      -0.52435218221740987     
   99.999999999999773      -0.54219201341707823     
   100.79999999999977      -0.64361555651266400     
   101.59999999999977      -0.64952208096160835     
   102.39999999999976      -0.43112772628371998     
   103.19999999999976        1.2784530806060346E-002
   103.99999999999976       0.57055149838104458     
   104.79999999999976        1.0449752094589559     
   105.59999999999975        1.2195745269315406     
   106.39999999999975        1.0550071050364456     
   107.19999999999975       0.75129095013823810     
   107.99999999999974       0.54341526413726404     
   108.79999999999974       0.52619261724334743     
   109.59999999999974       0.62527203618225735     
   110.39999999999974       0.66686277941904193     
   111.19999999999973       0.50127326829440921     
   111.99999999999973        9.8969372733724914E-002
   112.79999999999973      -0.44901163404101624     
   113.59999999999972      -0.96178596908887837     
   114.39999999999972       -1.2135877503396151     
   115.19999999999972       -1.1110335035541929     
   115.99999999999972      -0.81478043446657367     
   116.79999999999971      -0.57235688576553312     
   117.59999999999971      -0.51564336944442479     
   118.39999999999971      -0.60331200239207761     
   119.19999999999970      -0.67326503772009494     
   119.99999999999970      -0.55965893802596023     
   120.79999999999970      -0.20393736722740974     
   121.59999999999970       0.32539750716764104     
   122.39999999999969       0.86523825282177924     
   123.19999999999969        1.1896788828304996     
   123.99999999999969        1.1580407854315780     
   124.79999999999968       0.88182898608916682     
   125.59999999999968       0.61094581678953819     
   126.39999999999968       0.51212903064601834     
   127.19999999999968       0.57997390450203634     
   127.99999999999967       0.67004230081033922     
   128.79999999999967       0.60595979298576530     
   129.59999999999968       0.30062286652990866     
   130.39999999999969      -0.20212021622365550     
   131.19999999999970      -0.75781281046171556     
   131.99999999999972       -1.1476454325335392     
   132.79999999999973       -1.1931412248151314     
   133.59999999999974      -0.94985936442288388     
   134.39999999999975      -0.65853305407636054     
   135.19999999999976      -0.51691132858256306     
   135.99999999999977      -0.55744651885179086     
   136.79999999999978      -0.65876702298300016     
   137.59999999999980      -0.64015260024385123     
   138.39999999999981      -0.38773972552716185     
   139.19999999999982        8.1363970375439798E-002
   139.99999999999983       0.64214851211155288     
   140.79999999999984        1.0880612914363506     
   141.59999999999985        1.2138168120141710     
   142.39999999999986        1.0160524255719392     
   143.19999999999987       0.71403657267161158     
   143.99999999999989       0.53089238525188587     
   144.79999999999990       0.53781557905439781     
   145.59999999999991       0.64124259032293585     
   146.39999999999992       0.66254937888387000     
   147.19999999999993       0.46422314602395126     
   147.99999999999994        3.4904342846851344E-002
   148.79999999999995      -0.52090894234779750     
   149.59999999999997       -1.0122054729734840     
   150.39999999999998       -1.2180729265170946     
   151.19999999999999       -1.0774356153193509     
   152.00000000000000      -0.77594401979781691     
   152.80000000000001      -0.55457747115242739     
   153.60000000000002      -0.52299694729332868     
   154.40000000000003      -0.61944653519145221     
   155.20000000000005      -0.67381361671850537     
   156.00000000000006      -0.52925729649144959     
   156.80000000000007      -0.14492927862936206     
   157.60000000000008       0.39667097759036224     
   158.40000000000009       0.92193772901927562     
   159.20000000000010        1.2045777648514324     
   160.00000000000011        1.1310010858082344     
   160.80000000000013       0.84232900460251758     
   161.60000000000014       0.58804089002135640     
   162.40000000000015       0.51466936339480962     
   163.20000000000016       0.59546075864383874     
   164.00000000000017       0.67496018650955913     
   164.80000000000018       0.58231220615666035     
   165.60000000000019       0.24716351950726251     
   166.40000000000020      -0.27185068444234478     
   167.20000000000022      -0.81954313555408431     
   168.00000000000023       -1.1727568056398328     
   168.80000000000024       -1.1738433041844176     
   169.60000000000025      -0.91088497964491411     
   170.40000000000026      -0.63090450236252704     
   171.20000000000027      -0.51421926166348531     
   172.00000000000028      -0.57140007169357276     
   172.80000000000030      -0.66733579892264683     
   173.60000000000031      -0.62317725657339740     
   174.40000000000032      -0.34026483780706207     
   175.20000000000033       0.14866935039252660     
   176.00000000000034       0.70756814540942548     
   176.80000000000035        1.1228219246836915     
   177.60000000000036        1.2033119914740240     
   178.40000000000038       0.97898491317385061     
   179.20000000000039       0.68233385029476867     
   180.00000000000040       0.52269905794918592     
   180.80000000000041       0.54934054920182562     
   181.60000000000042       0.65257673441999309     
   182.40000000000043       0.65198365575556883     
   183.20000000000044       0.42309880333379229     
   184.00000000000045       -2.9146226371909778E-002
   184.80000000000047      -0.58866501092738366     
   185.60000000000048       -1.0557306311906001     
   186.40000000000049       -1.2171754942406359     
   187.20000000000050       -1.0437708803408656     
   188.00000000000051      -0.74104801669658837     
   188.80000000000052      -0.54079073645095543     
   189.60000000000053      -0.53124449575785460     
   190.40000000000055      -0.63254583826243405     
   191.20000000000056      -0.66921577888868122     
   192.00000000000057      -0.49475610543436688     
   192.80000000000058       -8.4900235539970115E-002
   193.60000000000059       0.46545804038282496     
   194.40000000000060       0.97308474141689927     
   195.20000000000061        1.2137785808047734     
   196.00000000000063        1.1022695962436391     
   196.80000000000064       0.80533768563197516     
   197.60000000000065       0.56877015204173320     
   198.40000000000066       0.51888488513121600     
   199.20000000000067       0.60925763990483428     
   200.00000000000068       0.67571240022209667     
   200.80000000000069       0.55458486078454627     
   201.60000000000070       0.19185130291732699     
   202.40000000000072      -0.34044523137655114     
   203.20000000000073      -0.87698768705071284     
   204.00000000000074       -1.1921678551224613     
   204.80000000000075       -1.1515260457703169     
   205.60000000000076      -0.87309287175463890     
   206.40000000000077      -0.60647796819600353     
   207.20000000000078      -0.51377945234096889     
   208.00000000000080      -0.58480231951879191     
   208.80000000000081      -0.67265475684413090     
   209.60000000000082      -0.60222731917091588     
   210.40000000000083      -0.29028633955165156     
   211.20000000000084       0.21594325030550571     
   212.00000000000085       0.76988350707615272     
   212.80000000000086        1.1521596510016148     
   213.60000000000088        1.1887507904514076     
   214.40000000000089       0.94184908612691387     
   215.20000000000090       0.65330580475911215     
   216.00000000000091       0.51714071877013423     
   216.80000000000092       0.56127283883833090     
   217.60000000000093       0.66153585019540884     
   218.40000000000094       0.63764935316096094     
   219.20000000000095       0.37898238695191555     
   220.00000000000097       -9.4068957157329991E-002
   220.80000000000098      -0.65439691255852439     
   221.60000000000099       -1.0943382208640327     
   222.40000000000100       -1.2114796396776699     
   223.20000000000101       -1.0088606295550104     
   224.00000000000102      -0.70819853496999108     
   224.80000000000103      -0.52983678802608214     
   225.60000000000105      -0.54069164017825633     
   226.40000000000106      -0.64410834881080703     
   227.20000000000107      -0.66115864225576026     
   228.00000000000108      -0.45692373677569686     
   228.80000000000109       -2.3261152841730637E-002
   229.60000000000110       0.53318826842835687     
   230.40000000000111        1.0199868651005284     
   231.20000000000113        1.2177376655785765     
   232.00000000000114        1.0712023287041292     
   232.80000000000115       0.76966707732929074     
   233.60000000000116       0.55235421528186990     
   234.40000000000117       0.52493444999273331     
   235.20000000000118       0.62231559606628950     
   236.00000000000119       0.67341269821244432     
   236.80000000000121       0.52332786901233541     
   237.60000000000122       0.13432896903326080     
   238.40000000000123      -0.40883641834240286     
   239.20000000000124      -0.93096641115835688     
   240.00000000000125       -1.2061861341440401     
   240.80000000000126       -1.1258935024066530     
   241.60000000000127      -0.83580886629448048     
   242.40000000000128      -0.58476313697587468     
   243.20000000000130      -0.51565776707929423     
   244.00000000000131      -0.59821599267799719     
   244.80000000000132      -0.67541597843691159     
   245.60000000000133      -0.57768248773165298     
   246.40000000000134      -0.23761354855931727     
   247.20000000000135       0.28376139208291185     
   248.00000000000136       0.82956281578057700     
   248.80000000000138        1.1762246171376609     
   249.60000000000139        1.1700374154781967     
   250.40000000000140       0.90434151706980592     
   251.20000000000141       0.62669340579081978     
   252.00000000000142       0.51423999417900457     
   252.80000000000143       0.57390922085363216     
   253.60000000000144       0.66850118902545419     
   254.40000000000146       0.61978098653208025     
   255.20000000000147       0.33178946338832538     
   256.00000000000148      -0.16018893311499321     
   256.80000000000149      -0.71832590845840905     
   257.60000000000150       -1.1280281972770279     
   258.40000000000151       -1.2009740552903987     
   259.20000000000152      -0.97265963054728743     
   260.00000000000153      -0.67732766950923617     
   260.80000000000155      -0.52173734357503021     
   261.60000000000156      -0.55146441287047598     
   262.40000000000157      -0.65428973275771429     
   263.20000000000158      -0.64974765335511919     
   264.00000000000159      -0.41572992601782155     
   264.80000000000160        4.0143355927138746E-002
   265.60000000000161       0.59991573340223137     
   266.40000000000163        1.0625145215721226     
   267.20000000000164        1.2164433041403422     
   268.00000000000165        1.0379206915852279     
   268.80000000000166       0.73540848071526232     
   269.60000000000167       0.53884605808541719     
   270.40000000000168       0.53284571611600151     
   271.20000000000169       0.63463162104862625     
   272.00000000000171       0.66805173711244736     
   272.80000000000172       0.48852392539708317     
   273.60000000000173        7.4550293743089968E-002
   274.40000000000174      -0.47696927552997548     
   275.20000000000175      -0.98124909472984845     
   276.00000000000176       -1.2147444397013007     
   276.80000000000177       -1.0971574106405355     
   277.60000000000178      -0.79925387889614741     
   278.40000000000180      -0.56586529269951802     
   279.20000000000181      -0.51983664881545499     
   280.00000000000182      -0.61153259239819446     
   280.80000000000183      -0.67551141470506104     
   281.60000000000184      -0.54950885408242489     
   282.40000000000185      -0.18226462613871697     
   283.20000000000186       0.35200078132587320     
   284.00000000000188       0.88630721699630322     
   284.80000000000189        1.1948659807293027     
   285.60000000000190        1.1474089779276895     
   286.40000000000191       0.86678229710459087     
   287.20000000000192       0.60266578323141007     
   288.00000000000193       0.51397292589150001     
   288.80000000000194       0.58707905899083646     
   289.60000000000196       0.67328486810331745     
   290.40000000000197       0.59830865395066646     
   291.20000000000198       0.28156836538961938     
   292.00000000000199      -0.22734452050524212     
   292.80000000000200      -0.78011542358847330     
   293.60000000000201       -1.1565600178059585     
   294.40000000000202       -1.1858664339931333     
   295.20000000000203      -0.93555524816720359     
   296.00000000000205      -0.64867326429969452     
   296.80000000000206      -0.51649092721072898     
   297.60000000000207      -0.56336592025036403     
   298.40000000000208      -0.66284281229485864     
   299.20000000000209      -0.63486538322332298     
   300.00000000000210      -0.37122576046400169     
   300.80000000000211       0.10513476623189766     
   301.60000000000213       0.66529222820303646     
   302.40000000000214        1.1003473927848759     
   303.20000000000215        1.2100308906279784     
   304.00000000000216        1.0028468959239101     
   304.80000000000217       0.70286851226043501     
   305.60000000000218       0.52828765898360919     
   306.40000000000219       0.54242411010163716     
   307.20000000000221       0.64591930778271145     
   308.00000000000222       0.65945932491994819     
   308.80000000000223       0.45020517700854668     
   309.60000000000224        1.2694959465722466E-002
   310.40000000000225      -0.54450230372690811     
   311.20000000000226       -1.0274550533158044     
   312.00000000000227       -1.2178776041304586     
   312.80000000000229       -1.0657426250929769     
   313.60000000000230      -0.76379863008360227     
   314.40000000000231      -0.54988329701701766     
   315.20000000000232      -0.52614488233626810     
   316.00000000000233      -0.62444467377117363     
   316.80000000000234      -0.67271861984287673     
   317.60000000000235      -0.51770391266249882     
   318.40000000000236      -0.12440951228872654     
   319.20000000000238       0.42033695355260459     
   320.00000000000239       0.93969900916105342     
   320.80000000000240        1.2080055635934288     
   321.60000000000241        1.1212608078860904     
   322.40000000000242       0.82959612134197691     
   323.20000000000243       0.58138548967271364     
   324.00000000000244       0.51620666181542763     
   324.80000000000246       0.60047053424635832     
   325.60000000000247       0.67561807740166224     
   326.40000000000248       0.57318503558094536     
   327.20000000000249       0.22847080786311996     
   328.00000000000250      -0.29523334211972657     
   328.80000000000251      -0.83933420349467069     
   329.60000000000252       -1.1797447836064325     
   330.40000000000254       -1.1664906826157491     
   331.20000000000255      -0.89801051006784705     
   332.00000000000256      -0.62246383016491791     
   332.80000000000257      -0.51401472730343267     
   333.60000000000258      -0.57609605460598723     
   334.40000000000259      -0.66946257489192162     
   335.20000000000260      -0.61641375101483853     
   336.00000000000261      -0.32353611472534666     
   336.80000000000263       0.17143583483549801     
   337.60000000000264       0.72889360196930975     
   338.40000000000265        1.1331999979027698     
   339.20000000000266        1.1987437544860318     
   340.00000000000267       0.96646235968517080     
   340.80000000000268       0.67234115443056575     
   341.60000000000269       0.52065602135920019     
   342.40000000000271       0.55339632288066676     
   343.20000000000272       0.65584979581916547     
   344.00000000000273       0.64748388812010182     
   344.80000000000274       0.40846037196884438     
   345.60000000000275       -5.0987253337721861E-002
   346.40000000000276      -0.61103351447891030     
   347.20000000000277       -1.0692240794769667     
   348.00000000000279       -1.2157162820175795     
   348.80000000000280       -1.0321262844737764     
   349.60000000000281      -0.72979946148117225     
   350.40000000000282      -0.53686112991440860     
   351.20000000000283      -0.53434835971994366     
   352.00000000000284      -0.63661199053115325     
   352.80000000000285      -0.66683307131733083     
   353.60000000000286      -0.48231183422854462     
   354.40000000000288       -6.4269117534027587E-002
   355.20000000000289       0.48839805119909746     
   356.00000000000290       0.98932844586078250     
   356.80000000000291        1.2156500376519961     
   357.60000000000292        1.0920410372772515     
   358.40000000000293       0.79319469868570769     
   359.20000000000294       0.56296699804941341     
   360.00000000000296       0.52075531131591035     
   360.80000000000297       0.61374392585686033     
   361.60000000000298       0.67524776778573481     
   362.40000000000299       0.54440360460004744     
   363.20000000000300       0.17268776140802411     
   364.00000000000301      -0.36351593041334551     
   364.80000000000302      -0.89554810576929200     
   365.60000000000304       -1.1974660607359362     
   366.40000000000305       -1.1432392359108852     
   367.20000000000306      -0.86048045801038231     
   368.00000000000307      -0.59888461385107639     
   368.80000000000308      -0.51417808055448178     
   369.60000000000309      -0.58932775274379812     
   370.40000000000310      -0.67385584903119611     
   371.20000000000312      -0.59433187789893249     
   372.00000000000313      -0.27281944242121958     
   372.80000000000314       0.23873934867658309     
   373.60000000000315       0.79028411006835797     
   374.40000000000316        1.1608449006814401     
   375.20000000000317        1.1828914562914015     
   376.00000000000318       0.92924853776565786     
   376.80000000000319       0.64408080681867319     
   377.60000000000321       0.51588236276131549     
   378.40000000000322       0.56546063463239649     
   379.20000000000323       0.66410108456603767     
   380.00000000000324       0.63200848088716610     
   380.80000000000325       0.36341026989499514     
   381.60000000000326      -0.11622120444429296     
   382.40000000000327      -0.67614373244078418     
   383.20000000000329       -1.1062383211408846     
   384.00000000000330       -1.2084633702911951     
   384.80000000000331      -0.99679577981046841     
   385.60000000000332      -0.69757690796318716     
   386.40000000000333      -0.52679795386640826     
   387.20000000000334      -0.54418255543506577     
   388.00000000000335      -0.64769594322269775     
   388.80000000000337      -0.65768205145361047     
   389.60000000000338      -0.44340903782786978     
   390.40000000000339       -2.0865956008652153E-003
   391.20000000000340       0.55579291220169436     
   392.00000000000341        1.0348124982459048     
   392.80000000000342        1.2178799140094172     
   393.60000000000343        1.0602201073366853     
   394.40000000000344       0.75795923060443560     
   395.20000000000346       0.54748127173478733     
   396.00000000000347       0.52740082244791731     
   396.80000000000348       0.62655580889431128     
   397.60000000000349       0.67194859855409517     
   398.40000000000350       0.51199052998108652     
   399.20000000000351       0.11443068658893363     
   400.00000000000352      -0.43183374846673017     
   400.80000000000354      -0.94833517565510339     
   401.60000000000355       -1.2096773516117958     
   402.40000000000356       -1.1165404864168056     
   403.20000000000357      -0.82339735017721183     
   404.00000000000358      -0.57807922090749453     
   404.80000000000359      -0.51681623287386214     
   405.60000000000360      -0.60272429787372794     
   406.40000000000362      -0.67575145468156472     
   407.20000000000363      -0.56859173070357760     
   408.00000000000364      -0.21925490280265503     
   408.80000000000365       0.30671980877955762     
   409.60000000000366       0.84902760590807824     
   410.40000000000367        1.1831155378744354     
   411.20000000000368        1.1628334988999074     
   412.00000000000369       0.89167417401530369     
   412.80000000000371       0.61830233476500218     
   413.60000000000372       0.51386129093718313     
   414.40000000000373       0.57829920764819298     
   415.20000000000374       0.67036634896896719     
   416.00000000000375       0.61294874902855512     
   416.80000000000376       0.31519855534088403     
   417.60000000000377      -0.18271388260430643     
   418.40000000000379      -0.73940382273207983     
   419.20000000000380       -1.1382279763716698     
   420.00000000000381       -1.1963835232662920     
   420.80000000000382      -0.96023751314716832     
   421.60000000000383      -0.66741448643865353     
   422.40000000000384      -0.51965386268616809     
   423.20000000000385      -0.55536087866572026     
   424.00000000000387      -0.65736617067908754     
   424.80000000000388      -0.64512437894321673     
   425.60000000000389      -0.40109798957472109     
   426.40000000000390        6.1877299838639099E-002
   427.20000000000391       0.62211482893016845     
   428.00000000000392        1.0758015884668066     
   428.80000000000393        1.2148445164953428     
   429.60000000000394        1.0262803713313193     
   430.40000000000396       0.72423772665499397     
   431.20000000000397       0.53495889365184546     
   432.00000000000398       0.53589854793823388     
   432.80000000000399       0.63856446857910487     
   433.60000000000400       0.66552424270551069     
   434.40000000000401       0.47600071321163251     
   435.20000000000402        5.3928390150283390E-002
   436.00000000000404      -0.49981075277636888     
   436.80000000000405      -0.99729230699954519     
   437.60000000000406       -1.2164018503560519     
   438.40000000000407       -1.0868488236385663     
   439.20000000000408      -0.78716638704868735     
   440.00000000000409      -0.56015104583329789     
   440.80000000000410      -0.52173441513122354     
   441.60000000000412      -0.61594421941873878     
   442.40000000000413      -0.67490279420149846     
   443.20000000000414      -0.53919570163809172     
   444.00000000000415      -0.16303951907143521     
   444.80000000000416       0.37503414539630842     
   445.60000000000417       0.90469336881830720     
   446.40000000000418        1.1999097487352235     
   447.20000000000420        1.1389702363016274     
   448.00000000000421       0.85418971681005462     
   448.80000000000422       0.59518152457829354     
   449.60000000000423       0.51445413395153983     
   450.40000000000424       0.59158260308044230     
   451.20000000000425       0.67435724342212455     
   452.00000000000426       0.59025158626882968     
   452.80000000000427       0.26398887261168474     
   453.60000000000429      -0.25015487858846236     
   454.40000000000430      -0.80037890770646514     
   455.20000000000431       -1.1649773121586950     
   456.00000000000432       -1.1797961161345629     
   456.80000000000433      -0.92293045619496494     
   457.60000000000434      -0.63955831331114343     
   458.40000000000435      -0.51535237876278439     
   459.20000000000437      -0.56757838008018846     
   460.00000000000438      -0.66530393618699546     
   460.80000000000439      -0.62905009188364402     
   461.60000000000440      -0.35550448116086369     
   462.40000000000441       0.12734442785208638     
   463.20000000000442       0.68694366221392378     
   464.00000000000443        1.1119867426734720     
   464.80000000000445        1.2067581413631434     
   465.60000000000446       0.99070899663498968     
   466.40000000000447       0.69234342319864006     
   467.20000000000448       0.52539141257745070     
   468.00000000000449       0.54597990255286166     
   468.80000000000450       0.64943314259118634     
   469.60000000000451       0.65580827892861215     
   470.40000000000452       0.43651577817144599     
   471.20000000000454       -8.5730741569599034E-003
   472.00000000000455      -0.56705376959729969     
   472.80000000000456       -1.0420424867821907     
   473.60000000000457       -1.2177322685344893     
   474.40000000000458       -1.0546368545490323     
   475.20000000000459      -0.75216254508745561     
   476.00000000000460      -0.54516357169475460     
   476.80000000000462      -0.52870986937192943     
   477.60000000000463      -0.62864464636589257     
   478.40000000000464      -0.67109002023503472     
   479.20000000000465      -0.50617536404824337     
   480.00000000000466      -0.10438761488796972     
   480.80000000000467       0.44332138892515965     
   481.60000000000468       0.95686276521603797     
   482.40000000000470        1.2111930299897435     
   483.20000000000471        1.1117347701064226     
   484.00000000000472       0.81722257997014203     
   484.80000000000473       0.57485477147659492     
   485.60000000000474       0.51749090231919459     
   486.40000000000475       0.60497341187522313     
   487.20000000000476       0.67580704850301987     
   488.00000000000477       0.56389447373756307     
   488.80000000000479       0.20996339671050357     
   489.60000000000480      -0.31821612990435011     
   490.40000000000481      -0.85863377794270868     
   491.20000000000482       -1.1863305714074184     
   492.00000000000483       -1.1590679565122231     
   492.80000000000484      -0.88534025248749315     
   493.60000000000485      -0.61421638882833385     
   494.40000000000487      -0.51378232764032383     
   495.20000000000488      -0.58051525478104304     
   496.00000000000489      -0.67120564863719834     
   496.80000000000490      -0.60938036678458851     
   497.60000000000491      -0.30677564773174193     
   498.40000000000492       0.19401912067678173     
   499.20000000000493       0.74984930694281093     
   500.00000000000495        1.1431070075741254     
   500.80000000000496        1.1938950553947529     
   501.60000000000497       0.95399130381376285     
   502.40000000000498       0.66255337100334677     
   503.20000000000499       0.51873260293313561     
   504.00000000000500       0.55735513603169207     
   504.80000000000501       0.65883343382837944     
   505.60000000000502       0.64266494735043844     
   506.40000000000504       0.39364224979181428     
   507.20000000000505       -7.2810213648395128E-002
   508.00000000000506      -0.63315387603687812     
   508.80000000000507       -1.0822425948059484     
   509.60000000000508       -1.2138291205956477     
   510.40000000000509       -1.0203880479722507     
   511.20000000000510      -0.71872793362549436     
   512.00000000000512      -0.53314070319733797     
   512.80000000000507      -0.53749385144588857     
   513.60000000000502      -0.64048464053877607     
   514.40000000000498      -0.66412189560040935     
   515.20000000000493      -0.46959023761778262     
   516.00000000000489       -4.3530769632177724E-002
   516.80000000000484       0.51120272174153925     
   517.60000000000480        1.0051366594671733     
   518.40000000000475        1.2170003150512951     
   519.20000000000471        1.0815849736967251     
   520.00000000000466       0.78117297342814584     
   520.80000000000462       0.55741871042302371     
   521.60000000000457       0.52277205222952405     
   522.40000000000452       0.61812981344906703     
   523.20000000000448       0.67447361071821132     
   524.00000000000443       0.53388480019041595     
   524.80000000000439       0.15332200427259585     
   525.60000000000434      -0.38655167847129474     
   526.40000000000430      -0.91373933427108422     
   527.20000000000425       -1.2021967935317428     
   528.00000000000421       -1.1346054066671596     
   528.80000000000416      -0.84791371246355296     
   529.60000000000412      -0.59155787109135194     
   530.40000000000407      -0.51479967910882918     
   531.20000000000402      -0.59384054819088683     
   532.00000000000398      -0.67478644842168201     
   532.80000000000393      -0.58606729885877540     
   533.60000000000389      -0.25507828635089591     
   534.40000000000384       0.26158808793227106     
   535.20000000000380       0.81039647352434330     
   536.00000000000375        1.1689563673887313     
   536.80000000000371        1.1765831094452728     
   537.60000000000366       0.91660437114566196     
   538.40000000000362       0.63510729924986320     
   539.20000000000357       0.51490003892461300     
   540.00000000000352       0.56971659606515190     
   540.80000000000348       0.66644894900271068     
   541.60000000000343       0.62598954762144798     
   542.40000000000339       0.34750961600181363     
   543.20000000000334      -0.13850199169655164     
   544.00000000000330      -0.69768901186219001     
   544.80000000000325       -1.1175912418971592     
   545.60000000000321       -1.2049171700014594     
   546.40000000000316      -0.98458968446102269     
   547.20000000000312      -0.68716976904405302     
   548.00000000000307      -0.52406754387149734     
   548.80000000000302      -0.54781403656949457     
   549.60000000000298      -0.65112863295479073     
   550.40000000000293      -0.65383712874297972     
   551.20000000000289      -0.42952625441087089     
   552.00000000000284        1.9282068873633484E-002
   552.80000000000280       0.57828221478768604     
   553.60000000000275        1.0491432036276751     
   554.40000000000271        1.2174358933196017     
   555.20000000000266        1.0489957671399168     
   556.00000000000261       0.74641049289879979     
   556.80000000000257       0.54293013139521040     
   557.60000000000252       0.53007032058079129     
   558.40000000000248       0.63070904761225577     
   559.20000000000243       0.67014179272110730     
   560.00000000000239       0.50025893027319956     
   560.80000000000234        9.4281901923927047E-002
   561.60000000000230      -0.45479754720701893     
   562.40000000000225      -0.96527970144557951     
   563.20000000000221       -1.2125530889023342     
   564.00000000000216       -1.1068462801236159     
   564.80000000000211      -0.81107393082089096     
   565.60000000000207      -0.57171248173457467     
   566.40000000000202      -0.51822935488484945     
   567.20000000000198      -0.60721587485857254     
   568.00000000000193      -0.67578356550988827     
   568.80000000000189      -0.55909345512196795     
   569.60000000000184      -0.20059758581322318     
   570.40000000000180       0.32972027975166485     
   571.20000000000175       0.86815051362044349     
   572.00000000000171        1.1893896776393680     
   572.80000000000166        1.1551963285285671     
   573.60000000000161       0.87901103422451576     
   574.40000000000157       0.61020671460076947     
   575.20000000000152       0.51377689042375030     
   576.00000000000148       0.58274234595057561     
   576.80000000000143       0.67197900881350603     
   577.60000000000139       0.60570848346227013     
   578.40000000000134       0.29826842487456096     
   579.20000000000130      -0.20534978618439215     
   580.00000000000125      -0.76022783510397363     
   580.80000000000121       -1.1478362652983733     
   581.60000000000116       -1.1912801862341187     
   582.40000000000111      -0.94772613074939038     
   583.20000000000107      -0.65775888727406129     
   584.00000000000102      -0.51789165586735797     
   584.80000000000098      -0.55937742343429930     
   585.60000000000093      -0.66024999287372887     
   586.40000000000089      -0.64010517347414897     
   587.20000000000084      -0.38609394076846071     
   588.00000000000080        8.3784461852008885E-002
   588.80000000000075       0.64414851674356854     
   589.60000000000070        1.0885457627702377     
   590.40000000000066        1.2126713984565403     
   591.20000000000061        1.0144517439255851     
   592.00000000000057       0.71327149483743235     
   592.80000000000052       0.53140633676871663     
   593.60000000000048       0.53913281227902166     
   594.40000000000043       0.64237083865129552     
   595.20000000000039       0.66262532334387614     
   596.00000000000034       0.46308094689794177     
   596.80000000000030        3.3077582577960840E-002
   597.60000000000025      -0.52257196259806471     
   598.40000000000020       -1.0128597882788641     
   599.20000000000016       -1.2174461323321482     
   600.00000000000011       -1.0762518527208385     
   600.80000000000007      -0.77521617669582032     
   601.60000000000002      -0.55477013981521783     
   602.39999999999998      -0.52386701012868531     
   603.19999999999993      -0.62029901622604378     
   603.99999999999989      -0.67395924170196642     
   604.79999999999984      -0.52847117797117993     
   605.59999999999980      -0.14353635567397438     
   606.39999999999975       0.39806670582401105     
   607.19999999999970       0.92268404265628967     
   607.99999999999966        1.2043272621566761     
   608.79999999999961        1.1301469408773599     
   609.59999999999957       0.84165443020337505     
   610.39999999999952       0.58801416873845325     
   611.19999999999948       0.51521377236018528     
   611.99999999999943       0.59609992169159098     
   612.79999999999939       0.67514224951819513     
   613.59999999999934       0.58177902067432941     
   614.39999999999930       0.24608864676251313     
   615.19999999999925      -0.27303732656078711     
   615.99999999999920      -0.82033473098598209     
   616.79999999999916       -1.1727815210141959     
   617.59999999999911       -1.1732543392704637     
   618.39999999999907      -0.91027247293271507     
   619.19999999999902      -0.63072863633392684     
   619.99999999999898      -0.51452468849813437     
   620.79999999999893      -0.57187369351128481     
   621.59999999999889      -0.66753471497388817     
   622.39999999999884      -0.62282657473758307     
   623.19999999999879      -0.33942646105593488     
   623.99999999999875       0.14969241242401837     
   624.79999999999870       0.70837769988998045     
   625.59999999999866        1.1230507305833297     
   626.39999999999861        1.2029419443689466     
   627.19999999999857       0.97844015575087406     
   627.99999999999852       0.68205715835943836     
   628.79999999999848       0.52282600522187761     
   629.59999999999843       0.54968350201405425     
   630.39999999999839       0.65278086949633574     
   631.19999999999834       0.65176804826798940     
   631.99999999999829       0.42244105889173245     
   632.79999999999825       -3.0039066489608079E-002
   633.59999999999820      -0.58947624886694050     
   634.39999999999816       -1.0561131237406849     
   635.19999999999811       -1.2169917526610570     
   635.99999999999807       -1.0432991809369694     
   636.79999999999802      -0.74070460926794701     
   637.59999999999798      -0.54078094404414501     
   638.39999999999793      -0.53148090746397192     
   639.19999999999789      -0.63274739058133667     
   639.99999999999784      -0.66910309004045554     
   640.79999999999779      -0.49424159936012191     
   641.59999999999775       -8.4114711655511543E-002
   642.39999999999770       0.46626036075129884     
   643.19999999999766       0.97358414768513601     
   643.99999999999761        1.2137578980821564     
   644.79999999999757        1.1018772659846421     
   645.59999999999752       0.80495323132807728     
   646.39999999999748       0.56865269511396388     
   647.19999999999743       0.51903055023939415     
   647.99999999999739       0.60945004389653812     
   648.79999999999734       0.67567992446817193     
   649.59999999999729       0.55418879887860384     
   650.39999999999725       0.19115847958573373     
   651.19999999999720      -0.34123055255618473     
   651.99999999999716      -0.87757579246080075     
   652.79999999999711       -1.1922926138809973     
   653.59999999999707       -1.1512206578768558     
   654.39999999999702      -0.87268859294013945     
   655.19999999999698      -0.60627400684826094     
   655.99999999999693      -0.51384419766241529     
   656.79999999999688      -0.58497887241204638     
   657.59999999999684      -0.67268512771115196     
   658.39999999999679      -0.60193295986778061     
   659.19999999999675      -0.28967774007586289     
   659.99999999999670       0.21670433103082287     
   660.79999999999666       0.77053732214173187     
   661.59999999999661        1.1524149313845167     
   662.39999999999657        1.1885406233056404     
   663.19999999999652       0.94144424109538305     
   663.99999999999648       0.65303207289880194     
   664.79999999999643       0.51713052646898694     
   665.59999999999638       0.56142622473821313     
   666.39999999999634       0.66161437595049910     
   667.19999999999629       0.63744464629646991     
   667.99999999999625       0.37845374461620340     
   668.79999999999620       -9.4798651204363371E-002
   669.59999999999616      -0.65509670291792055     
   670.39999999999611       -1.0947097822354184     
   671.19999999999607       -1.2113725979416381     
   671.99999999999602       -1.0084737881964001     
   672.79999999999598      -0.70786977738749779     
   673.59999999999593      -0.52975561485914890     
   674.39999999999588      -0.54081406628652007     
   675.19999999999584      -0.64422147993417522     
   675.99999999999579      -0.66103384160597023     
   676.79999999999575      -0.45647332419236542     
   677.59999999999570       -2.2570068303645274E-002
   678.39999999999566       0.53391653716279996     
   679.19999999999561        1.0204600056390660     
   679.99999999999557        1.2177399933790078     
   680.79999999999552        1.0708517668307773     
   681.59999999999548       0.76929767285907702     
   682.39999999999543       0.55220549348124237     
   683.19999999999538       0.52501812750576271     
   683.99999999999534       0.62245019223483444     
   684.79999999999529       0.67335873832914173     
   685.59999999999525       0.52295508880439878     
   686.39999999999520       0.13368366019596817     
   687.19999999999516      -0.40957743719568812     
   687.99999999999511      -0.93152555504601819     
   688.79999999999507       -1.2063012394486148     
   689.59999999999502       -1.1255970071287200     
   690.39999999999498      -0.83541381915516610     
   691.19999999999493      -0.58455092624770522     
   691.99999999999488      -0.51569549243804980     
   692.79999999999484      -0.59835909098069606     
   693.59999999999479      -0.67542345761984635     
   694.39999999999475      -0.57738675303632159     
   695.19999999999470      -0.23702088925120446     
   695.99999999999466       0.28450096185096119     
   696.79999999999461       0.83019161417060394     
   697.59999999999457        1.1764522577491243     
   698.39999999999452        1.1698117104165728     
   699.19999999999447       0.90393692545826432     
   699.99999999999443       0.62642317974010919     
   700.79999999999438       0.51422567558460919     
   701.59999999999434       0.57404809929871581     
   702.39999999999429       0.66855984653191247     
   703.19999999999425       0.61956090827685129     
   703.99999999999420       0.33125579219758550     
   704.79999999999416      -0.16091421304696607     
   705.59999999999411      -0.71900764535017792     
   706.39999999999407       -1.1283641521667442     
   707.19999999999402       -1.2008339763375508     
   707.99999999999397      -0.97226270792750613     
   708.79999999999393      -0.67700678251438884     
   709.59999999999388      -0.52166644338873724     
   710.39999999999384      -0.55158684526795609     
   711.19999999999379      -0.65438832135139957     
   711.99999999999375      -0.64960050011070625     
   712.79999999999370      -0.41526078572902225     
   713.59999999999366        4.0842743972587747E-002
   714.39999999999361       0.60063386553998255     
   715.19999999999357        1.0629507485665153     
   715.99999999999352        1.2164008503636752     
   716.79999999999347        1.0375494287500937     
   717.59999999999343       0.73504640626853091     
   718.39999999999338       0.53871598311574076     
   719.19999999999334       0.53294035280839025     
   719.99999999999329       0.63475806061389195     
   720.79999999999325       0.66797310454157532     
   721.59999999999320       0.48812375283428600     
   722.39999999999316        7.3887213855796552E-002
   723.19999999999311      -0.47770795502027785     
   723.99999999999307      -0.98177428515840326     
   724.79999999999302       -1.2148078756809726     
   725.59999999999297       -1.0968299865130526     
   726.39999999999293      -0.79886228820600769     
   727.19999999999288      -0.56567573014291317     
   727.99999999999284      -0.51989343231191609     
   728.79999999999279      -0.61167427740719693     
   729.59999999999275      -0.67549506247751245     
   730.39999999999270      -0.54918064582505022     
   731.19999999999266      -0.18164709637004639     
   731.99999999999261       0.35274522890750049     
   732.79999999999256       0.88690760218715103     
   733.59999999999252        1.1950391879591216     
   734.39999999999247        1.1471430095480413     
   735.19999999999243       0.86637498468479102     
   735.99999999999238       0.60241893311907035     
   736.79999999999234       0.51398344696466158     
   737.59999999999229       0.58722322087908441     
   738.39999999999225       0.67332271931635224     
   739.19999999999220       0.59805367720214142     
   739.99999999999216       0.28100445818310948     
   740.79999999999211      -0.22808119315791608     
   741.59999999999206      -0.78077568190024982     
   742.39999999999202       -1.1568422343831490     
   743.19999999999197       -1.1856781089499977     
   743.99999999999193      -0.93514787114162834     
   744.79999999999188      -0.64837393766121132     
   745.59999999999184      -0.51644869478388600     
   746.39999999999179      -0.56350001327089871     
   747.19999999999175      -0.66292512263701042     
   747.99999999999170      -0.63468297719329136     
   748.79999999999166      -0.37072235824097460     
   749.59999999999161       0.10585137434015318     
   750.39999999999156       0.66599637771378095     
   751.19999999999152        1.1007333816103992     
   751.99999999999147        1.2099340128868408     
   752.79999999999143        1.0024565075445462     
   753.59999999999138       0.70252412090991934     
   754.39999999999134       0.52818832950993344     
   755.19999999999129       0.54253623324876832     
   755.99999999999125       0.64603498784552171     
   756.79999999999120       0.65934678915169898     
   757.59999999999116       0.44976787102273386     
   758.39999999999111        1.2009480339024714E-002
   759.19999999999106      -0.54523449372769472     
   759.99999999999102       -1.0279356516692770     
   760.79999999999097       -1.2178826428194751     
   761.59999999999093       -1.0653870296530832     
   762.39999999999088      -0.76341911218127012     
   763.19999999999084      -0.54972490018370157     
   763.99999999999079      -0.52622422272517477     
   764.79999999999075      -0.62458170751701247     
   765.59999999999070      -0.67267117406716537     
   766.39999999999065      -0.51733680792097725     
   767.19999999999061      -0.12376501882581070     
   767.99999999999056       0.42108206703209239     
   768.79999999999052       0.94026194916260786     
   769.59999999999047        1.2081188661375719     
   770.39999999999043        1.1209577919227525     
   771.19999999999038       0.82919380642151719     
   771.99999999999034       0.58116862094983623     
   772.79999999999029       0.51624389475476662     
   773.59999999999025       0.60061642020423789     
   774.39999999999020       0.67562890333536263     
   775.19999999999015       0.57289052065245527     
   775.99999999999011       0.22787596342895799     
   776.79999999999006      -0.29597734599541414     
   777.59999999999002      -0.83996506307321617     
   778.39999999998997       -1.1799681154173063     
   779.19999999998993       -1.1662571577210097     
   779.99999999998988      -0.89759987667629981     
   780.79999999998984      -0.62219175367684243     
   781.59999999998979      -0.51400232232670651     
   782.39999999998975      -0.57623823187095513     
   783.19999999998970      -0.66952297155111262     
   783.99999999998965      -0.61619230775446021     
   784.79999999998961      -0.32299840080126907     
   785.59999999998956       0.17216590185301012     
   786.39999999998952       0.72957676389378334     
   787.19999999998947        1.1335304959253723     
   787.99999999998943        1.1985948193528269     
   788.79999999998938       0.96605963054360899     
   789.59999999998934       0.67201980289806995     
   790.39999999998929       0.52058847643155626     
   791.19999999998925       0.55352259887043997     
   791.99999999998920       0.65594946787634678     
   792.79999999998915       0.64733397171496077     
   793.59999999998911       0.40798604706735475     
   794.39999999998906       -5.1691763774751487E-002
   795.19999999998902      -0.61175304826336163     
   795.99999999998897       -1.0696546150866892     
   796.79999999998893       -1.2156642410641350     
   797.59999999998888       -1.0317488449110610     
   798.39999999998884      -0.72943736762622946     
   799.19999999998879      -0.53673519107996037     
