   0.0000000000000000      -0.85582689062373007     
  0.80000000000000004      -0.35390353389794194     
   1.6000000000000001       0.83191619650863591     
   2.4000000000000004        1.8752646341401451     
   3.2000000000000002        1.8073920927250440     
   4.0000000000000000       0.80482768570155416     
   4.7999999999999998      -0.24502622409243457     
   5.5999999999999996      -0.74364343735583271     
   6.3999999999999995      -0.49024368591617840     
   7.1999999999999993       0.26893245367184704     
   7.9999999999999991        1.0191254143008341     
   8.7999999999999989        1.2165305757251290     
   9.5999999999999996       0.69813997258433680     
   10.400000000000000      -0.19307738136520902     
   11.200000000000001      -0.98133482545947703     
   12.000000000000002       -1.2359546782148612     
   12.800000000000002      -0.86506239377531213     
   13.600000000000003      -0.24041712285046912     
   14.400000000000004       0.18306207883981029     
   15.200000000000005       0.13452593324830184     
   16.000000000000004      -0.37802275566332610     
   16.800000000000004       -1.0741480324698096     
   17.600000000000005       -1.4854394568333478     
   18.400000000000006       -1.3076276600883898     
   19.200000000000006      -0.77242822490858887     
   20.000000000000007      -0.33024439177424059     
   20.800000000000008      -0.26232961029373342     
   21.600000000000009      -0.58273314313810620     
   22.400000000000009       -1.0580434054521985     
   23.200000000000010       -1.3165108883040051     
   24.000000000000011       -1.1408386455319159     
   24.800000000000011      -0.68430600151693666     
   25.600000000000012      -0.25927643686192109     
   26.400000000000013       -7.9205765814614748E-002
   27.200000000000014      -0.18046816411444067     
   28.000000000000014      -0.43716363092108029     
   28.800000000000015      -0.63684675871223639     
   29.600000000000016      -0.60394870317726546     
   30.400000000000016      -0.31215680086899755     
   31.200000000000017       0.11788660754831121     
   32.000000000000014       0.50741176235312802     
   32.800000000000011       0.70168672046401248     
   33.600000000000009       0.65473953306582755     
   34.400000000000006       0.46924441661136218     
   35.200000000000003       0.32145024808093614     
   36.000000000000000       0.34597569281783663     
   36.799999999999997       0.56401828882200311     
   37.599999999999994       0.87052332968423796     
   38.399999999999991        1.0847607129268555     
   39.199999999999989        1.0785005610614475     
   39.999999999999986       0.89403005473130259     
   40.799999999999983       0.69700810478596698     
   41.599999999999980       0.63200878928182302     
   42.399999999999977       0.73192646570979458     
   43.199999999999974       0.90935853490945273     
   43.999999999999972        1.0166909569751235     
   44.799999999999969       0.95679374254841953     
   45.599999999999966       0.75888570643248476     
   46.399999999999963       0.53717461716954062     
   47.199999999999960       0.39455355926666447     
   47.999999999999957       0.36423544998157742     
   48.799999999999955       0.40458765529707796     
   49.599999999999952       0.43178407736722879     
   50.399999999999949       0.37169368759846516     
   51.199999999999946       0.20227692771769507     
   51.999999999999943       -3.9665902588594010E-002
   52.799999999999940      -0.28350980735599107     
   53.599999999999937      -0.45959831924741545     
   54.399999999999935      -0.53331260298121064     
   55.199999999999932      -0.52596941941081099     
   55.999999999999929      -0.50227632622214491     
   56.799999999999926      -0.52875076544497535     
   57.599999999999923      -0.63236000349753785     
   58.399999999999920      -0.78326882792863839     
   59.199999999999918      -0.91156310066646085     
   59.999999999999915      -0.95524877323503510     
   60.799999999999912      -0.90937920028596086     
   61.599999999999909      -0.82875851769298026     
   62.399999999999906      -0.78123986001780876     
   63.199999999999903      -0.79783141253165679     
   63.999999999999901      -0.85498963682835472     
   64.799999999999898      -0.89476980251235194     
   65.599999999999895      -0.86861250425042047     
   66.399999999999892      -0.77248351358735923     
   67.199999999999889      -0.64411513681815080     
   67.999999999999886      -0.53012305506622848     
   68.799999999999883      -0.45484955608176220     
   69.599999999999881      -0.40993275789031497     
   70.399999999999878      -0.36435100297832140     
   71.199999999999875      -0.28541989250579686     
   71.999999999999872      -0.15789403738633351     
   72.799999999999869        8.9088173930156334E-003
   73.599999999999866       0.18707292283781521     
   74.399999999999864       0.34340506404107196     
   75.199999999999861       0.45456617732901694     
   75.999999999999858       0.51876478209496724     
   76.799999999999855       0.55672477844812018     
   77.599999999999852       0.59881544900741002     
   78.399999999999849       0.66555423185895957     
   79.199999999999847       0.75399483596994687     
   79.999999999999844       0.83909872935547358     
   80.799999999999841       0.89089881096133949     
   81.599999999999838       0.89689525590194452     
   82.399999999999835       0.87151264132652950     
   83.199999999999832       0.84389738559691541     
   83.999999999999829       0.83530969788283804     
   84.799999999999827       0.84452112360762988     
   85.599999999999824       0.85058020555990388     
   86.399999999999821       0.82941637892226583     
   87.199999999999818       0.77132461709572542     
   87.999999999999815       0.68599291563511955     
   88.799999999999812       0.59293955221752948     
   89.599999999999810       0.50716245709871244     
   90.399999999999807       0.43067502781370826     
   91.199999999999804       0.35358282028955523     
   91.999999999999801       0.26191482463276444     
   92.799999999999798       0.14663022186303354     
   93.599999999999795        8.9349673037862620E-003
   94.399999999999793      -0.13987355065545037     
   95.199999999999790      -0.28291691946594583     
   95.999999999999787      -0.40454894162157640     
   96.799999999999784      -0.49718525896057797     
   97.599999999999781      -0.56489356299019222     
   98.399999999999778      -0.62072788990270955     
   99.199999999999775      -0.67835568319188033     
   99.999999999999773      -0.74296591321845795     
   100.79999999999977      -0.80760658240928573     
   101.59999999999977      -0.85798297783153965     
   102.39999999999976      -0.88297687287358018     
   103.19999999999976      -0.88307309191868721     
   103.99999999999976      -0.86968170285915813     
   104.79999999999976      -0.85602391380001963     
   105.59999999999975      -0.84730700407210435     
   106.39999999999975      -0.83763358367370555     
   107.19999999999975      -0.81520629469173356     
   107.99999999999974      -0.77122788752411520     
   108.79999999999974      -0.70558326226702839     
   109.59999999999974      -0.62559509083567211     
   110.39999999999974      -0.53997437283616667     
   111.19999999999973      -0.45309968238610754     
   111.99999999999973      -0.36321330483042902     
   112.79999999999973      -0.26475211029206813     
   113.59999999999972      -0.15267421252463795     
   114.39999999999972       -2.6181011912762092E-002
   115.19999999999972       0.10979111101381495     
   115.99999999999972       0.24561297607915725     
   116.79999999999971       0.37005871089353459     
   117.59999999999971       0.47455384598843803     
   118.39999999999971       0.55690687842621889     
   119.19999999999970       0.62219353386877763     
   119.99999999999970       0.67947183457983429     
   120.79999999999970       0.73581927522192569     
   121.59999999999970       0.79151772062328229     
   122.39999999999969       0.83988658418277118     
   123.19999999999969       0.87222992695865686     
   123.99999999999969       0.88443816177897527     
   124.79999999999968       0.88004902418274578     
   125.59999999999968       0.86727842366716790     
   126.39999999999968       0.85263221301119052     
   127.19999999999968       0.83628739053035639     
   127.99999999999967       0.81250972982832081     
   128.79999999999967       0.77425297306845609     
   129.59999999999968       0.71811286675178043     
   130.39999999999969       0.64603000591273774     
   131.19999999999970       0.56309940859421959     
   131.99999999999972       0.47378180621039251     
   132.79999999999973       0.37937412898204648     
   133.59999999999974       0.27806383774439547     
   134.39999999999975       0.16703832669012647     
   135.19999999999976        4.5172219191416382E-002
   135.99999999999977       -8.5088077979097329E-002
   136.79999999999978      -0.21739584685104285     
   137.59999999999980      -0.34290760065734116     
   138.39999999999981      -0.45316074571750142     
   139.19999999999982      -0.54348968144786514     
   139.99999999999983      -0.61516677215979387     
   140.79999999999984      -0.67446058368197515     
   141.59999999999985      -0.72855733096677056     
   142.39999999999986      -0.78073561899271693     
   143.19999999999987      -0.82814383126957813     
   143.99999999999989      -0.86397733301716895     
   144.79999999999990      -0.88266525280766195     
   145.59999999999991      -0.88412168847722961     
   146.39999999999992      -0.87364125592648123     
   147.19999999999993      -0.85764293594301921     
   147.99999999999994      -0.83885787987124993     
   148.79999999999995      -0.81465155019740387     
   149.59999999999997      -0.77937020798774659     
   150.39999999999998      -0.72852585955452909     
   151.19999999999999      -0.66157810312521781     
   152.00000000000000      -0.58159689563117678     
   152.80000000000001      -0.49266150538688741     
   153.60000000000002      -0.39723861615892342     
   154.40000000000003      -0.29524704795983270     
   155.20000000000005      -0.18506065657884843     
   156.00000000000006       -6.5573754565506348E-002
   156.80000000000007        6.1859452434509132E-002
   157.60000000000008       0.19251246318253834     
   158.40000000000009       0.31885973672408469     
   159.20000000000010       0.43268770090932052     
   160.00000000000011       0.52819097643734170     
   160.80000000000013       0.60459452119098156     
   161.60000000000014       0.66640556995160549     
   162.40000000000015       0.72050180111532003     
   163.20000000000016       0.77155612041887767     
   164.00000000000017       0.81886549731238023     
   164.80000000000018       0.85698050427293171     
   165.60000000000019       0.87987825433962108     
   166.40000000000020       0.88558758671339288     
   167.20000000000022       0.87758836957818143     
   168.00000000000023       0.86192565212978667     
   168.80000000000024       0.84255215921344151     
   169.60000000000025       0.81860964322801177     
   170.40000000000026       0.78545439261646288     
   171.20000000000027       0.73823067495127781     
   172.00000000000028       0.67509515022702982     
   172.80000000000030       0.59788976214093636     
   173.60000000000031       0.51030000155642707     
   174.40000000000032       0.41529339471097532     
   175.20000000000033       0.31368511164018137     
   176.00000000000034       0.20451349846779837     
   176.80000000000035        8.6713028889006519E-002
   177.60000000000036       -3.8966256034123778E-002
   178.40000000000038      -0.16874978052984857     
   179.20000000000039      -0.29593773531554896     
   180.00000000000040      -0.41253057257421510     
   180.80000000000041      -0.51205831038398819     
   181.60000000000042      -0.59241447728480212     
   182.40000000000043      -0.65683087497778447     
   183.20000000000044      -0.71178681481768891     
   184.00000000000045      -0.76273258323002335     
   184.80000000000047      -0.81039849734592906     
   185.60000000000048      -0.85039606772683973     
   186.40000000000049      -0.87659602903744926     
   187.20000000000050      -0.88584620834393057     
   188.00000000000051      -0.88031791874450127     
   188.80000000000052      -0.86563009380862177     
   189.60000000000053      -0.84644230997279735     
   190.40000000000055      -0.82311273760552806     
   191.20000000000056      -0.79180111223374317     
   192.00000000000057      -0.74753121876877693     
   192.80000000000058      -0.68762814571353914     
   193.60000000000059      -0.61305886607540505     
   194.40000000000060      -0.52715269768139705     
   195.20000000000061      -0.43313783826652341     
   196.00000000000063      -0.33239452123516555     
   196.80000000000064      -0.22439862294849838     
   197.60000000000065      -0.10810662195599932     
   198.40000000000066        1.6160424271445734E-002
   199.20000000000067       0.14531860526454962     
   200.00000000000068       0.27329246269720397     
   200.80000000000069       0.39227858979531466     
   201.60000000000070       0.49533857069023995     
   202.40000000000072       0.57933391326540551     
   203.20000000000073       0.64641943962022852     
   204.00000000000074       0.70262315531119568     
   204.80000000000075       0.75389560308702830     
   205.60000000000076       0.80209351501830928     
   206.40000000000077       0.84377812703755828     
   207.20000000000078       0.87288256704106781     
   208.00000000000080       0.88538526443224808     
   208.80000000000081       0.88235449380967335     
   209.60000000000082       0.86893627042876476     
   210.40000000000083       0.85026031023556869     
   211.20000000000084       0.82766679693843892     
   212.00000000000085       0.79805101455588534     
   212.80000000000086       0.75643984115194995     
   213.60000000000088       0.69953026091756210     
   214.40000000000089       0.62755264364017838     
   215.20000000000090       0.54348234184713684     
   216.00000000000091       0.45070297123677594     
   216.80000000000092       0.35102900107728113     
   217.60000000000093       0.24429336509371524     
   218.40000000000094       0.12947953801512907     
   219.20000000000095        6.5579847515109257E-003
   220.00000000000097      -0.12197335782337912     
   220.80000000000098      -0.25059503284218565     
   221.60000000000099      -0.37172027744746333     
   222.40000000000100      -0.47805808213418133     
   223.20000000000101      -0.56558390946124792     
   224.00000000000102      -0.63544450093561577     
   224.80000000000103      -0.69314392428219496     
   225.60000000000105      -0.74495952451510605     
   226.40000000000106      -0.79372260926176719     
   227.20000000000107      -0.83692859366962702     
   228.00000000000108      -0.86870887238771433     
   228.80000000000109      -0.88435181728990075     
   229.60000000000110      -0.88390070503221319     
   230.40000000000111      -0.87195193518427994     
   231.20000000000113      -0.85394877959404891     
   232.00000000000114      -0.83210161150854234     
   232.80000000000115      -0.80404793554927900     
   233.60000000000116      -0.76492134116735244     
   234.40000000000117      -0.71090479182177746     
   235.20000000000118      -0.64153976155008352     
   236.00000000000119      -0.55941508586894073     
   236.80000000000121      -0.46799791121620493     
   237.60000000000122      -0.36947791044725786     
   238.40000000000123      -0.26402941958943349     
   239.20000000000124      -0.15069209992442362     
   240.00000000000125       -2.9140337312312276E-002
   240.80000000000126        9.8663750045518583E-002
   241.60000000000127       0.22774258716788129     
   242.40000000000128       0.35077092051133252     
   243.20000000000130       0.46020243297830482     
   244.00000000000131       0.55122357278596834     
   244.80000000000132       0.62399432447347514     
   245.60000000000133       0.68340637419438666     
   246.40000000000134       0.73591545908316935     
   247.20000000000135       0.78522316854406193     
   248.00000000000136       0.82977955672908243     
   248.80000000000138       0.86404951655564599     
   249.60000000000139       0.88277655848127090     
   250.40000000000140       0.88501646773724740     
   251.20000000000141       0.87472113932406192     
   252.00000000000142       0.85750558076049155     
   252.80000000000143       0.83637330928016063     
   253.60000000000144       0.80973966113770501     
   254.40000000000146       0.77295233763408167     
   255.20000000000147       0.72177302656944931     
   256.00000000000148       0.65507199954419659     
   256.80000000000149       0.57499998753188641     
   257.60000000000150       0.48503805498505964     
   258.40000000000151       0.38771189687651519     
   259.20000000000152       0.28354560716999205     
   260.00000000000153       0.17167854747438621     
   260.80000000000155        5.1541613765114458E-002
   261.60000000000156       -7.5403706965959966E-002
   262.40000000000157      -0.20472539489781544     
   263.20000000000158      -0.32941430233136393     
   264.00000000000159      -0.44176334809154660     
   264.80000000000160      -0.53625657490470269     
   265.60000000000161      -0.61207926650085231     
   266.40000000000163      -0.67341943762898271     
   267.20000000000164      -0.72676595561448787     
   268.00000000000165      -0.77659169572804332     
   268.80000000000166      -0.82232495591349519     
   269.60000000000167      -0.85889911750164205     
   270.40000000000168      -0.88065680923615774     
   271.20000000000169      -0.88570300189821705     
   272.00000000000171      -0.87724837885547258     
   272.80000000000172      -0.86093532974985110     
   273.60000000000173      -0.84048295404528284     
   274.40000000000174      -0.81512274004167928     
   275.20000000000175      -0.78052799855707433     
   276.00000000000176      -0.73213403453807735     
   276.80000000000177      -0.66815531640501680     
   277.60000000000178      -0.59024711621988357     
   278.40000000000180      -0.50183000394856248     
   279.20000000000181      -0.40572659432863711     
   280.00000000000182      -0.30282387773892550     
   280.80000000000183      -0.19241027068760527     
   281.60000000000184       -7.3728897668332252E-002
   282.40000000000185        5.2224762115430243E-002
   283.20000000000186       0.18156987324932666     
   284.00000000000188       0.30766836309268519     
   284.80000000000189       0.42274608013833920     
   285.60000000000190       0.52067330787006638     
   286.40000000000191       0.59967969742995642     
   287.20000000000192       0.66316555001030664     
   288.00000000000193       0.71750767676894489     
   288.80000000000194       0.76784198978753226     
   289.60000000000196       0.81458570216266291     
   290.40000000000197       0.85326919643134269     
   291.20000000000198       0.87798512784254723     
   292.00000000000199       0.88593991679699724     
   292.80000000000200       0.87951658530280286     
   293.60000000000201       0.86423680750124676     
   294.40000000000202       0.84444461261520876     
   295.20000000000203       0.82021497010704525     
   296.00000000000205       0.78765745526262299     
   296.80000000000206       0.74198438257075550     
   297.60000000000207       0.68077945702064413     
   298.40000000000208       0.60514808754205807     
   299.20000000000209       0.51837147782379034     
   300.00000000000210       0.42352331933932569     
   300.80000000000211       0.32186266920878637     
   301.60000000000213       0.21287665099652972     
   302.40000000000214        9.5679478451113492E-002
   303.20000000000215       -2.9160632681629245E-002
   304.00000000000216      -0.15831516151222638     
   304.80000000000217      -0.28556738422904665     
   305.60000000000218      -0.40316738740271912     
   306.40000000000219      -0.50446508312778082     
   307.20000000000221      -0.58676653213115881     
   308.00000000000222      -0.65261370817512088     
   308.80000000000223      -0.70812865324982244     
   309.60000000000224      -0.75898948761415697     
   310.40000000000225      -0.80659304177367153     
   311.20000000000226      -0.84718267988707396     
   312.00000000000227      -0.87475822069165099     
   312.80000000000229      -0.88570094788416631     
   313.60000000000230      -0.88149769058928074     
   314.40000000000231      -0.86740112317360141     
   315.20000000000232      -0.84827337725378915     
   316.00000000000233      -0.82504246450918028     
   316.80000000000234      -0.79435889032098406     
   317.60000000000235      -0.75132391881792537     
   318.40000000000236      -0.69292986079923313     
   319.20000000000238      -0.61968621825633508     
   320.00000000000239      -0.53465377842688921     
   320.80000000000240      -0.44110296382972880     
   321.60000000000241      -0.34066618135842075     
   322.40000000000242      -0.23307579686357358     
   323.20000000000243      -0.11737789528714121     
   324.00000000000244        6.2426183674878649E-003
   324.80000000000246       0.13500378589408968     
   325.60000000000247       0.26315330706232010     
   326.40000000000248       0.38305252946071799     
   327.20000000000249       0.48762842682616092     
   328.00000000000250       0.57330981989552809     
   328.80000000000251       0.64172655170089699     
   329.60000000000252       0.69860918191254062     
   330.40000000000254       0.75004569220298256     
   331.20000000000255       0.79838081606774525     
   332.00000000000256       0.84066973468032447     
   332.80000000000257       0.87097921246844812     
   333.60000000000258       0.88496054635232635     
   334.40000000000259       0.88315836393076264     
   335.20000000000260       0.87041249729056847     
   336.00000000000261       0.85198103210454734     
   336.80000000000263       0.82963367309834923     
   337.60000000000264       0.80065619319136405     
   338.40000000000265       0.76015709890523975     
   339.20000000000266       0.70459237940965114     
   340.00000000000267       0.63384137070633717     
   340.80000000000268       0.55066383173968148     
   341.60000000000269       0.45846427583170291     
   342.40000000000271       0.35924012266261707     
   343.20000000000272       0.25301021705771898     
   344.00000000000273       0.13881383345419770     
   344.80000000000274        1.6501532840650604E-002
   345.60000000000275      -0.11167798103848552     
   346.40000000000276      -0.24047156588255036     
   347.20000000000277      -0.36243301258784377     
   348.00000000000279      -0.47016610212343257     
   348.80000000000280      -0.55928237083291688     
   349.60000000000281      -0.63046416669863847     
   350.40000000000282      -0.68892324322992038     
   351.20000000000283      -0.74101630972974275     
   352.00000000000284      -0.78998176191016589     
   352.80000000000285      -0.83376501274432924     
   353.60000000000286      -0.86665785733855649     
   354.40000000000288      -0.88369672450036540     
   355.20000000000289      -0.88446317322137513     
   356.00000000000290      -0.87324939174523764     
   356.80000000000291      -0.85557451415926034     
   357.60000000000292      -0.83401650445034115     
   358.40000000000293      -0.80657687751768536     
   359.20000000000294      -0.76849304042334021     
   360.00000000000296      -0.71575519996606096     
   360.80000000000297      -0.64759231222152536     
   361.60000000000298      -0.56638550162709189     
   362.40000000000299      -0.47560346730045561     
   363.20000000000300      -0.37758997713373638     
   364.00000000000301      -0.27268477418433668     
   364.80000000000302      -0.15998085524690614     
   365.60000000000304       -3.9047772345618653E-002
   366.40000000000305        8.8378193514560416E-002
   367.20000000000306       0.21756900132474852     
   368.00000000000307       0.34134507464711517     
   368.80000000000308       0.45208713171731868     
   369.60000000000309       0.54466138248451379     
   370.40000000000310       0.61878627650711293     
   371.20000000000312       0.67903976636504548     
   372.00000000000313       0.73190071252226241     
   372.80000000000314       0.78142557336339502     
   373.60000000000315       0.82650577075736520     
   374.40000000000316       0.86181015677561223     
   375.20000000000317       0.88189240062169538     
   376.00000000000318       0.88537650972590654     
   376.80000000000319       0.87588552890160098     
   377.60000000000321       0.85905537330049542     
   378.40000000000322       0.83821676955644131     
   379.20000000000323       0.81215071279128892     
   380.00000000000324       0.77634526386431479     
   380.80000000000325       0.72640971582914848     
   381.60000000000326       0.66091798650662381     
   382.40000000000327       0.58180041993368814     
   383.20000000000329       0.49251417486686005     
   384.00000000000330       0.39572021446540639     
   384.80000000000331       0.29210563005165457     
   385.60000000000332       0.18087563855646396     
   386.40000000000333        6.1375667982002863E-002
   387.20000000000334       -6.5142403672007382E-002
   388.00000000000335      -0.19449269116331494     
   388.80000000000337      -0.31982862242444088     
   389.60000000000338      -0.43340653034894938     
   390.40000000000339      -0.52942925706799460     
   391.20000000000340      -0.60665368083422222     
   392.00000000000341      -0.66892371848083654     
   392.80000000000342      -0.72269189707130377     
   393.60000000000343      -0.77273773355171271     
   394.40000000000344      -0.81893044116610847     
   395.20000000000346      -0.85645779004277467     
   396.00000000000347      -0.87953611667759890     
   396.80000000000348      -0.88586395028697906     
   397.60000000000349      -0.87829080715887176     
   398.40000000000350      -0.86241961568969006     
   399.20000000000351      -0.84225718532021721     
   400.00000000000352      -0.81740869539618988     
   400.80000000000354      -0.78373135339358779     
   401.60000000000355      -0.73655099437978044     
   402.40000000000356      -0.67379833227251784     
   403.20000000000357      -0.59688857505393689     
   404.00000000000358      -0.50918750650199851     
   404.80000000000359      -0.41363384688117782     
   405.60000000000360      -0.31127960126262577     
   406.40000000000362      -0.20149746862970203     
   407.20000000000363       -8.3468282312562259E-002
   408.00000000000364        4.2005757607713856E-002
   408.80000000000365       0.17128918106615346     
   409.60000000000366       0.29792640143399790     
   410.40000000000367       0.41414493896779503     
   411.20000000000368       0.51357406079809631     
   412.00000000000369       0.59402934210006397     
   412.80000000000371       0.65853710215315397     
   413.60000000000372       0.71337667132722993     
   414.40000000000373       0.76393871655138867     
   415.20000000000374       0.81107742007788997     
   416.00000000000375       0.85062744288991166     
   416.80000000000376       0.87662244348130491     
   417.60000000000377       0.88589335751685372     
   418.40000000000379       0.88043218685679236     
   419.20000000000380       0.86565774128974082     
   420.00000000000381       0.84615663675241937     
   420.80000000000382       0.82238216050869284     
   421.60000000000383       0.79067256602572455     
   422.40000000000384       0.74617806431194100     
   423.20000000000385       0.68621491631084897     
   424.00000000000387       0.61162880764076666     
   424.80000000000388       0.52561212352533737     
   425.60000000000389       0.43133212179464353     
   426.40000000000390       0.33021367850531003     
   427.20000000000391       0.22184783675941044     
   428.00000000000392       0.10531204082556775     
   428.80000000000393       -1.9000330837296464E-002
   429.60000000000394      -0.14800389884897780     
   430.40000000000396      -0.27568327623361816     
   431.20000000000397      -0.39432820048025308     
   432.00000000000398      -0.49708978611054322     
   432.80000000000399      -0.58087928536101197     
   433.60000000000400      -0.64783992229509790     
   434.40000000000401      -0.70393599440511134     
   435.20000000000402      -0.75504341120235208     
   436.00000000000404      -0.80298396757486856     
   436.80000000000405      -0.84435004343061248     
   437.60000000000406      -0.87315217542124590     
   438.40000000000407      -0.88543583354084054     
   439.20000000000408      -0.88227459504766748     
   440.00000000000409      -0.86875492704875712     
   440.80000000000410      -0.84992959216020481     
   441.60000000000412      -0.82710194778609014     
   442.40000000000413      -0.79719337645596322     
   443.20000000000414      -0.75529408817640420     
   444.00000000000415      -0.69815148220759604     
   444.80000000000416      -0.62599928795230053     
   445.60000000000417      -0.54177436202132323     
   446.40000000000418      -0.44881428364050469     
   447.20000000000420      -0.34891461241414279     
   448.00000000000421      -0.24193007365540148     
   448.80000000000422      -0.12689658217649830     
   449.60000000000423       -3.8450343728961417E-003
   450.40000000000424       0.12468066731942000     
   451.20000000000425       0.25314556524363102     
   452.00000000000426       0.37398688256973411     
   452.80000000000427       0.47997647086301054     
   453.60000000000429       0.56717337189597539     
   454.40000000000430       0.63679114847584906     
   455.20000000000431       0.69434544657400066     
   456.00000000000432       0.74606071869481960     
   456.80000000000433       0.79468518678287459     
   457.60000000000434       0.83765990777922483     
   458.40000000000435       0.86913234313512833     
   459.20000000000437       0.88446655935681195     
   460.00000000000438       0.88378186571564621     
   460.80000000000439       0.87169134651974900     
   461.60000000000440       0.85358564303416351     
   462.40000000000441       0.83159759300097058     
   463.20000000000442       0.80332094705563850     
   464.00000000000443       0.76390643313974438     
   464.80000000000445       0.70959444513181746     
   465.60000000000446       0.63997800539143457     
   466.40000000000447       0.55765840482695173     
   467.20000000000448       0.46607738886467953     
   468.00000000000449       0.36738853222612305     
   468.80000000000450       0.26174898624325205     
   469.60000000000451       0.14821458063856230     
   470.40000000000452        2.6504835118292019E-002
   471.20000000000454      -0.10136128498955876     
   472.00000000000455      -0.23036040955124137     
   472.80000000000456      -0.35315575093737817     
   473.60000000000457      -0.46224019318961157     
   474.40000000000458      -0.55288596198728579     
   475.20000000000459      -0.62534967424550736     
   476.00000000000460      -0.68457581844062587     
   476.80000000000462      -0.73699331153696046     
   477.60000000000463      -0.78621308146753488     
   478.40000000000464      -0.83059380649543491     
   479.20000000000465      -0.86457605165133045     
   480.00000000000466      -0.88296551759036801     
   480.80000000000467      -0.88491771026254118     
   481.60000000000468      -0.87444262292876185     
   482.40000000000470      -0.85712916812266438     
   483.20000000000471      -0.83589654621193898     
   484.00000000000472      -0.80908452221294169     
   484.80000000000473      -0.77202663811408523     
   485.60000000000474      -0.72053333466425507     
   486.40000000000475      -0.65354327765784603     
   487.20000000000476      -0.57324651127160875     
   488.00000000000477      -0.48311617415092545     
   488.80000000000479      -0.38564058911408994     
   489.60000000000480      -0.28131048712139212     
   490.40000000000481      -0.16926153548449829     
   491.20000000000482       -4.8956962005568760E-002
   492.00000000000483        7.8085164834755111E-002
   492.80000000000484       0.20737517184057722     
   493.60000000000485       0.33187320023002220     
   494.40000000000487       0.44389295126897188     
   495.20000000000488       0.53799646598605022     
   496.00000000000489       0.61347526206026237     
   496.80000000000490       0.67459380702919181     
   497.60000000000491       0.72783755170228959     
   498.40000000000492       0.77759570547999557     
   499.20000000000493       0.82318997113472647     
   500.00000000000495       0.85950214921446699     
   500.80000000000496       0.88091808457062271     
   501.60000000000497       0.88564670072765894     
   502.40000000000498       0.87698040965566759     
   503.20000000000499       0.86055912908876364     
   504.00000000000500       0.84002342955342835     
   504.80000000000501       0.81451475442547061     
   505.60000000000502       0.77967027357887830     
   506.40000000000504       0.73096117712177877     
   507.20000000000505       0.66667427538007540     
   508.00000000000506       0.58851930688162424     
   508.80000000000507       0.49992298201631535     
   509.60000000000508       0.40367462597037790     
   510.40000000000509       0.30062121555451371     
   511.20000000000510       0.19003552609957883     
   512.00000000000512        7.1182702860459912E-002
   512.80000000000507       -5.4889028609041601E-002
   513.60000000000502      -0.18423686837020933     
   514.40000000000498      -0.31018065316227084     
   515.20000000000493      -0.42495243646833797     
   516.00000000000489      -0.52248977839687627     
   516.80000000000484      -0.60112945663575235     
   517.60000000000480      -0.66436280297338801     
   518.40000000000475      -0.71858356641704946     
   519.20000000000471      -0.76885642122139375     
   520.00000000000466      -0.81548706547469341     
   520.80000000000462      -0.85393473554281740     
   521.60000000000457      -0.87831547565066692     
   522.40000000000452      -0.88593524192333628     
   523.20000000000448      -0.87927308724184450     
   524.00000000000443      -0.86386900541374290     
   524.80000000000439      -0.84399935247359659     
   525.60000000000434      -0.81964297524356755     
   526.40000000000430      -0.78685669264409375     
   527.20000000000425      -0.74087480575839548     
   528.00000000000421      -0.67935155239533385     
   528.80000000000416      -0.60345613131757125     
   529.60000000000412      -0.51648774804272746     
   530.40000000000407      -0.42149287895536980     
   531.20000000000402      -0.31968815329902267     
   532.00000000000398      -0.21053693426238920     
   532.80000000000393       -9.3166697244810776E-002
   533.60000000000389        3.1806656347341533E-002
   534.40000000000384       0.16099163900990182     
   535.20000000000380       0.28812193991876028     
   536.00000000000375       0.40544170987703743     
   536.80000000000371       0.50635659029435032     
   537.60000000000366       0.58827644787108679     
   538.40000000000362       0.65384374997439310     
   539.20000000000357       0.70921547748496483     
   540.00000000000352       0.76001328364325160     
   540.80000000000348       0.80752314859590302     
   541.60000000000343       0.84790252311126657     
   542.40000000000339       0.87515502998536843     
   543.20000000000334       0.88575250596206423     
   544.00000000000330       0.88128656143041428     
   544.80000000000325       0.86704687363841348     
   545.60000000000321       0.84784130328740404     
   546.40000000000316       0.82450042789923861     
   547.20000000000312       0.79360867521892342     
   548.00000000000307       0.75027508724805458     
   548.80000000000302       0.69155756900060994     
   549.60000000000298       0.61803543984369536     
   550.40000000000293       0.53279805295756022     
   551.20000000000289       0.43909571716889229     
   552.00000000000284       0.33851824058670033     
   552.80000000000280       0.23076813661132017     
   553.60000000000275       0.11489684342905016     
   554.40000000000271       -8.8686909570768191E-003
   555.20000000000266      -0.13768426039106263     
   556.00000000000261      -0.26574267020060549     
   556.80000000000257      -0.38538879403408643     
   557.60000000000252      -0.48959357783046753     
   558.40000000000248      -0.57488386501528121     
   559.20000000000243      -0.64299605554116190     
   560.00000000000239      -0.69971177662087258     
   560.80000000000234      -0.75107856362226411     
   561.60000000000230      -0.79933465767296574     
   562.40000000000225      -0.84143806969585844     
   563.20000000000221      -0.87144032516790659     
   564.00000000000216      -0.88507130212400154     
   564.80000000000211      -0.88298514280277185     
   565.60000000000207      -0.87007563242192465     
   566.40000000000202      -0.85156163509759930     
   567.20000000000198      -0.82911748085053028     
   568.00000000000193      -0.79995197062458090     
   568.80000000000189      -0.75916705427010311     
   569.60000000000184      -0.70327719410462652     
   570.40000000000180      -0.63223525129042968     
   571.20000000000175      -0.54883924137285134     
   572.00000000000171      -0.45648142685234488     
   572.80000000000166      -0.35711799856549675     
   573.60000000000161      -0.25073317130824124     
   574.40000000000157      -0.13636415994227410     
   575.20000000000152       -1.3897502500420156E-002
   576.00000000000148       0.11435770646523991     
   576.80000000000143       0.24308960972870094     
   577.60000000000139       0.36482619305106295     
   578.40000000000134       0.47220346762299437     
   579.20000000000130       0.56092348551370153     
   580.00000000000125       0.63177853077891677     
   580.80000000000121       0.69004583582358547     
   581.60000000000116       0.74205842097455432     
   582.40000000000111       0.79095543763565312     
   583.20000000000107       0.83457690435767451     
   584.00000000000102       0.86718111717147583     
   584.80000000000098       0.88386885596917997     
   585.60000000000093       0.88433248534442610     
   586.40000000000089       0.87293337091516021     
   587.20000000000084       0.85516766228453422     
   588.00000000000080       0.83352284290045198     
   588.80000000000075       0.80591474733593871     
   589.60000000000070       0.76755993616181506     
   590.40000000000066       0.71449817165873442     
   591.20000000000061       0.64603363351201604     
   592.00000000000057       0.56459460745057499     
   592.80000000000052       0.47364604612900874     
   593.60000000000048       0.37549316497560886     
   594.40000000000043       0.27043738360092451     
   595.20000000000039       0.15756260425106700     
   596.00000000000034        3.6467923650879072E-002
   596.80000000000030       -9.1052759772922251E-002
   597.60000000000025      -0.22021007199151993     
   598.40000000000020      -0.34379035519322543     
   599.20000000000016      -0.45419498288123217     
   600.00000000000011      -0.54637184447411880     
   600.80000000000007      -0.62015033652056184     
   601.60000000000002      -0.68018653866712286     
   602.39999999999998      -0.73295273343507206     
   603.19999999999993      -0.78241584315778101     
   603.99999999999989      -0.82735657211369362     
   604.79999999999984      -0.86239310642704070     
   605.59999999999980      -0.88212747369535582     
   606.39999999999975      -0.88529255875994906     
   607.19999999999970      -0.87559387386376741     
   607.99999999999966      -0.85866138124279723     
   608.79999999999961      -0.83774280120814482     
   609.59999999999957      -0.81152696164375071     
   610.39999999999952      -0.77546708220468441     
   611.19999999999948      -0.72521153680347528     
   611.99999999999943      -0.65940921565535815     
   612.79999999999939      -0.58004564614099707     
   613.59999999999934      -0.49058325564114419     
   614.39999999999930      -0.39364835006943327     
   615.19999999999925      -0.28988705554007510     
   615.99999999999920      -0.17848885152455274     
   616.79999999999916       -5.8821970985363251E-002
   617.59999999999911        6.7807675724547697E-002
   618.39999999999907       0.19715133473764129     
   619.19999999999902       0.32232109230827144     
   619.99999999999898       0.43558267696564934     
   620.79999999999893       0.53121073365066196     
   621.59999999999889       0.60807191331864852     
   622.39999999999884       0.67009901564370078     
   623.19999999999879       0.72375508388051779     
   623.99999999999875       0.77374193596154139     
   624.79999999999870       0.81981562467598312     
   625.59999999999866       0.85709753627718555     
   626.39999999999861       0.87983507079489298     
   627.19999999999857       0.88583062759731535     
   627.99999999999852       0.87802725281890992     
   628.79999999999848       0.86203932602410360     
   629.59999999999843       0.84180050348595137     
   630.39999999999839       0.81681965981735194     
   631.19999999999834       0.78290577503048586     
   631.99999999999829       0.73541196775236406     
   632.79999999999825       0.67234171511419549     
   633.59999999999820       0.59517236694867293     
   634.39999999999816       0.50728432959518499     
   635.19999999999811       0.41158671983733963     
   635.99999999999807       0.30908902557917561     
   636.79999999999802       0.19914203683887260     
   637.59999999999798        8.0942424944074623E-002
   638.39999999999793       -4.4657901294712851E-002
   639.19999999999789      -0.17396008931729745     
   639.99999999999784      -0.30046097034395947     
   640.79999999999779      -0.41638666355916842     
   641.59999999999775      -0.51542758208168427     
   642.39999999999770      -0.59550587367910524     
   643.19999999999766      -0.65974546441741633     
   643.99999999999761      -0.71445290407407247     
   644.79999999999757      -0.76495479736782857     
   645.59999999999752      -0.81199258582160350     
   646.39999999999748      -0.85132063523737334     
   647.19999999999743      -0.87698554792799077     
   647.99999999999739      -0.88591420929075027     
   648.79999999999734      -0.88020068895705061     
   649.59999999999729      -0.86529256614231231     
   650.39999999999725      -0.84571530501743919     
   651.19999999999720      -0.82182423074381916     
   651.99999999999716      -0.78989693476250977     
   652.79999999999711      -0.74509806051709182     
   653.59999999999707      -0.68481246586947875     
   654.39999999999702      -0.60995366544143481     
   655.19999999999698      -0.52373815070370111     
   655.99999999999693      -0.42930971350478991     
   656.79999999999688      -0.32805030420143189     
   657.59999999999684      -0.21952346458302116     
   658.39999999999679      -0.10281538179507287     
   659.19999999999675        2.1635848752478884E-002
   659.99999999999670       0.15068192956287807     
   660.79999999999666       0.27825468463825309     
   661.59999999999661       0.39663225466663043     
   662.39999999999657       0.49901571388844063     
   663.19999999999652       0.58241783637249545     
   663.99999999999648       0.64908603408709620     
   664.79999999999643       0.70502776935997624     
   665.59999999999638       0.75606997252525177     
   666.39999999999634       0.80392492019988593     
   667.19999999999629       0.84509291926408336     
   667.99999999999625       0.87357900145928014     
   668.79999999999620       0.88551398314458074     
   669.59999999999616       0.88207926940580295     
   670.39999999999611       0.86840685009651875     
   671.19999999999607       0.84950219987285291     
   671.99999999999602       0.82657162795510397     
   672.79999999999598       0.79646471774380467     
   673.59999999999593       0.75427251513937854     
   674.39999999999588       0.69680493405600619     
   675.19999999999584       0.62436774596391209     
   675.99999999999579       0.53993129132273221     
   676.79999999999575       0.44681680201869695     
   677.59999999999570       0.34677769207466175     
   678.39999999999566       0.23963628925399352     
   679.19999999999561       0.12443014050254948     
   679.99999999999557        1.2292756011962197E-003
   680.79999999999552      -0.12736088553379926     
   681.59999999999548      -0.25574843277630166     
   682.39999999999543      -0.37634951920889570     
   683.19999999999538      -0.48197448211536820     
   683.99999999999534      -0.56877718465074367     
   684.79999999999529      -0.63807975134715311     
   685.59999999999525      -0.69545583511896969     
   686.39999999999520      -0.74709705894323086     
   687.19999999999516      -0.79564803373797488     
   687.99999999999511      -0.83844837439834896     
   688.79999999999507      -0.86962176113339285     
   689.59999999999502      -0.88460462309839394     
   690.39999999999498      -0.88362689575697284     
   691.19999999999493      -0.87136289425880620     
   691.99999999999488      -0.85317135387652088     
   692.79999999999484      -0.83109158137057049     
   693.59999999999479      -0.80263601694031295     
   694.39999999999475      -0.76294222410543444     
   695.19999999999470      -0.70830520609711300     
   695.99999999999466      -0.63839258729298298     
   696.79999999999461      -0.55584816173597473     
   697.59999999999457      -0.46410529383386562     
   698.39999999999452      -0.36527740751914445     
   699.19999999999447      -0.25948517226990270     
   699.99999999999443      -0.14577904508669487     
   700.79999999999438       -2.3911588257491928E-002
   701.59999999999434       0.10403900618149656     
   702.39999999999429       0.23298929666720550     
   703.19999999999425       0.35557277602045112     
   703.99999999999420       0.46430928074857469     
   704.79999999999416       0.55455773266100428     
   705.59999999999411       0.62668546580468942     
   706.39999999999407       0.68570840248327725     
   707.19999999999402       0.73803944795749210     
   707.99999999999397       0.78719433234317893     
   708.79999999999393       0.83142354358055748     
   709.59999999999388       0.86512625270331556     
   710.39999999999384       0.88316552884820920     
   711.19999999999379       0.88480724073747941     
   711.99999999999375       0.87413681274621358     
   712.79999999999370       0.85672775453944305     
   713.59999999999366       0.83541181993414737     
   714.39999999999361       0.80843987423310715     
   715.19999999999357       0.77111825603406847     
   715.99999999999352       0.71930243466001986     
   716.79999999999347       0.65200644133139796     
   717.59999999999343       0.57147122505014536     
   718.39999999999338       0.48117019373691072     
   719.19999999999334       0.38355473027013343     
   719.99999999999329       0.27907591987688907     
   720.79999999999325       0.16685728530034802     
   721.59999999999320        4.6388591900578216E-002
   722.39999999999316       -8.0755993845268756E-002
   723.19999999999311      -0.21002464417953903     
   723.99999999999307      -0.33434003559956693     
   724.79999999999302      -0.44603144007397189     
   725.59999999999297      -0.53973828720089989     
   726.39999999999293      -0.61486279167679458     
   727.19999999999288      -0.67575259786650543     
   727.99999999999284      -0.72889422367932832     
   728.79999999999279      -0.77859236341744964     
   729.59999999999275      -0.82405654401407957     
   730.39999999999270      -0.86011068876768637     
   731.19999999999266      -0.88118143252596193     
   731.99999999999261      -0.88558472691721457     
   732.79999999999256      -0.87670067985055267     
   733.59999999999252      -0.86017099036273936     
   734.39999999999247      -0.83955732658503124     
   735.19999999999243      -0.81390681772329809     
   735.99999999999238      -0.77881573048547159     
   736.79999999999234      -0.72978922804110191     
   737.59999999999229      -0.66518835343618865     
   738.39999999999225      -0.58678127656142087     
   739.19999999999220      -0.49800411969873476     
   739.99999999999216      -0.40161366860812847     
   740.79999999999211      -0.29841510766655766     
   741.59999999999206      -0.18766265879588787     
   742.39999999999202       -6.8641186778230265E-002
   743.19999999999197        5.7548892484092826E-002
   743.99999999999193       0.18690155926376584     
   744.79999999999188       0.31269240502664836     
   745.59999999999184       0.42715801323305225     
   746.39999999999179       0.52430309510384077     
   747.19999999999175       0.60257302365747345     
   747.99999999999170       0.66555214834722631     
   748.79999999999166       0.71965221992246742     
   749.59999999999161       0.76986606190531182     
   750.39999999999156       0.81638604312890017     
   751.19999999999152       0.85459859640842073     
   751.99999999999147       0.87864286159821714     
   752.79999999999143       0.88592549996410208     
   753.59999999999138       0.87902321264085526     
   754.39999999999134       0.86349516870527154     
   755.19999999999129       0.84354964665761256     
   755.99999999999125       0.81906813976568216     
   756.79999999999120       0.78605358275476633     
   757.59999999999116       0.73976196941660755     
   758.39999999999111       0.67791869168287622     
   759.19999999999106       0.60175778376201172     
   759.99999999999102       0.51459728182558440     
   760.79999999999097       0.41945665689962719     
   761.59999999999093       0.31750969763959491     
   762.39999999999088       0.20819529833282899     
   763.19999999999084        9.0653631766149240E-002
   763.99999999999079       -3.4451830687818874E-002
   764.79999999999075      -0.16366630805095614     
   765.59999999999070      -0.29067347010697825     
   766.39999999999065      -0.40771146412265352     
   767.19999999999061      -0.50824216986978599     
   767.99999999999056      -0.58978000589624446     
   768.79999999999052      -0.65506823290756089     
   769.59999999999047      -0.71029823165424133     
   770.39999999999043      -0.76103411931116804     
   771.19999999999038      -0.80845022194133487     
   771.99999999999034      -0.84861819524145965     
   772.79999999999029      -0.87554644283157579     
   773.59999999999025      -0.88579836839817683     
   774.39999999999020      -0.88107055759451613     
   775.19999999999015      -0.86668897786229060     
   775.99999999999011      -0.84740626986593848     
   776.79999999999006      -0.82395513363365191     
   777.59999999999002      -0.79285422069795641     
   778.39999999998997      -0.74922105369627690     
   779.19999999998993      -0.69017967133762970     
   779.99999999998988      -0.61637928141713738     
   780.79999999998984      -0.53093752638540248     
   781.59999999998979      -0.43708429042374508     
   782.39999999998975      -0.33636665413121547     
   783.19999999998970      -0.22845736798190056     
   783.99999999998965      -0.11241345715647283     
   784.79999999998961        1.1495819786950121E-002
   785.59999999998956       0.14036384700924026     
   786.39999999998952       0.26832866807069355     
   787.19999999998947       0.38771926860764433     
   787.99999999998943       0.49155149454824004     
   788.79999999998938       0.57645093473856979     
   789.59999999998934       0.64426038801460161     
   790.39999999998929       0.70081137376249247     
   791.19999999998925       0.75210949046640174     
   791.99999999998920       0.80028575444144068     
   792.79999999998915       0.84220164401232389     
   793.59999999998911       0.87189503694683079     
   794.39999999998906       0.88517568211285647     
   795.19999999998902       0.88280716167185358     
   795.99999999998897       0.86973589519934980     
   796.79999999998893       0.85114010451125610     
   797.59999999998888       0.82859830842419868     
   798.39999999998884       0.79924307888404678     
   799.19999999998879       0.75817103148259790     
