   0.0000000000000000        4.5493535362917892E-002
  0.80000000000000004      -0.60571990821615440     
   1.6000000000000001       -1.2390407555359380     
   2.4000000000000004       -1.3751876093521673     
   3.2000000000000002      -0.46577078350500223     
   4.0000000000000000        1.1314577502454881     
   4.7999999999999998        1.9883778532037590     
   5.5999999999999996       0.93491920996183731     
   6.3999999999999995       -1.0623098400152995     
   7.1999999999999993       -2.0804162934083905     
   7.9999999999999991      -0.98239425588561136     
   8.7999999999999989       0.89888994070835238     
   9.5999999999999996        1.7452053820772797     
   10.400000000000000       0.90659003497759660     
   11.200000000000001      -0.38716085340543582     
   12.000000000000002      -0.92713756818988524     
   12.800000000000002      -0.65717854618579619     
   13.600000000000003      -0.33151378396159953     
   14.400000000000004      -0.27690215174247285     
   15.200000000000005       -5.4309226191200877E-002
   16.000000000000004       0.63341963221695829     
   16.800000000000004        1.1688355944140219     
   17.600000000000005       0.67828182103785795     
   18.400000000000006      -0.62534282684831577     
   19.200000000000006       -1.4771513231893612     
   20.000000000000007      -0.87491375174679276     
   20.800000000000008       0.52217553793422156     
   21.600000000000009        1.2829331226148482     
   22.400000000000009       0.74450980257714816     
   23.200000000000010      -0.25512374507481306     
   24.000000000000011      -0.63465342109972178     
   24.800000000000011      -0.30984009423432107     
   25.600000000000012       -4.1716192854049650E-002
   26.400000000000013      -0.23177918550324608     
   27.200000000000014      -0.37955150000203070     
   28.000000000000014        8.9947789420079249E-002
   28.800000000000015       0.83565097296402358     
   29.600000000000016       0.87371972287503497     
   30.400000000000016       -6.2435889658272958E-002
   31.200000000000017       -1.0370184417952197     
   32.000000000000014      -0.94671302209204256     
   32.800000000000011        7.5716933129241548E-002
   33.600000000000009       0.86092410788398732     
   34.400000000000006       0.63788387108657840     
   35.200000000000003      -0.10125770101109699     
   36.000000000000000      -0.38477697918737730     
   36.799999999999997       -4.1086297785590364E-002
   37.599999999999994       0.20822914562150405     
   38.399999999999991      -0.13412926715291065     
   39.199999999999989      -0.58736813630241858     
   39.999999999999986      -0.35752360144943701     
   40.799999999999983       0.47563998375187494     
   41.599999999999980       0.92854826774135679     
   42.399999999999977       0.36024920527689530     
   43.199999999999974      -0.61584602198311522     
   43.999999999999972      -0.87951930012890600     
   44.799999999999969      -0.18749432851147418     
   45.599999999999966       0.54889392138725157     
   46.399999999999963       0.49019626275436390     
   47.199999999999960      -0.10681765924583519     
   47.999999999999957      -0.33927255440641524     
   48.799999999999955        7.4328529631742968E-002
   49.599999999999952       0.44279384046786857     
   50.399999999999949       0.11290172256395731     
   51.199999999999946      -0.56141081170229423     
   51.999999999999943      -0.64222062568431737     
   52.799999999999940        9.7509746361579164E-002
   53.599999999999937       0.79634356945219520     
   54.399999999999935       0.58018066984670535     
   55.199999999999932      -0.27956938093450079     
   55.999999999999929      -0.72824682286271292     
   56.799999999999926      -0.27865314170909855     
   57.599999999999923       0.39469572524490576     
   58.399999999999920       0.41139329302765304     
   59.199999999999918      -0.15505822125068713     
   59.999999999999915      -0.43475562928634393     
   60.799999999999912        6.0751040500164333E-003
   61.599999999999909       0.55165419192752507     
   62.399999999999906       0.38076339281794158     
   63.199999999999903      -0.37048479282166513     
   63.999999999999901      -0.73793293147721650     
   64.799999999999898      -0.20268242719581087     
   65.599999999999895       0.58396273880842131     
   66.399999999999892       0.64126899549482619     
   67.199999999999889       -6.4796293322006204E-002
   67.999999999999886      -0.59897992546450174     
   68.799999999999883      -0.30711169616540029     
   69.599999999999881       0.34262549619341393     
   70.399999999999878       0.43746077065801992     
   71.199999999999875      -0.13316461585664974     
   71.999999999999872      -0.54099348662478475     
   72.799999999999869      -0.17065019168924223     
   73.599999999999866       0.51194762550242068     
   74.399999999999864       0.56926777550642615     
   75.199999999999861      -0.12807654394475387     
   75.999999999999858      -0.69542590705335461     
   76.799999999999855      -0.39292179060249743     
   77.599999999999852       0.38219280302687542     
   78.399999999999849       0.63007610391059010     
   79.199999999999847        6.5451478557915110E-002
   79.999999999999844      -0.52318442390170794     
   80.799999999999841      -0.35482147992479651     
   81.599999999999838       0.30184460567012439     
   82.399999999999835       0.51708449550221713     
   83.199999999999832       -2.2052323183167744E-002
   83.999999999999829      -0.57717130461641752     
   84.799999999999827      -0.36178994525288732     
   85.599999999999824       0.37204272857225884     
   86.399999999999821       0.65317759396858821     
   87.199999999999818        9.0703729512058295E-002
   87.999999999999815      -0.58674087438515987     
   88.799999999999812      -0.49803178902839029     
   89.599999999999810       0.21906656662579405     
   90.399999999999807       0.60589731514572975     
   91.199999999999804       0.16820301194661347     
   91.999999999999801      -0.47191906050571208     
   92.799999999999798      -0.43618552406123484     
   93.599999999999795       0.21893710427438168     
   94.399999999999793       0.58453717379294534     
   95.199999999999790       0.13954008843554139     
   95.999999999999787      -0.52835189551926742     
   96.799999999999784      -0.50962072638110123     
   97.599999999999781       0.19241501182337761     
   98.399999999999778       0.65379467106068478     
   99.199999999999775       0.26148686204113047     
   99.999999999999773      -0.45975402195554227     
   100.79999999999977      -0.55622220856974347     
   101.59999999999977        8.1525938446819435E-002
   102.39999999999976       0.58238762308585701     
   103.19999999999976       0.27581381392484910     
   103.99999999999976      -0.40623586628525404     
   104.79999999999976      -0.52518199320305270     
   105.59999999999975        8.8641210804699111E-002
   106.39999999999975       0.60168086525364739     
   107.19999999999975       0.30493020312683344     
   107.99999999999974      -0.41652399098950849     
   108.79999999999974      -0.59655868669631318     
   109.59999999999974        1.3124204492309555E-002
   110.39999999999974       0.60261055835520871     
   111.19999999999973       0.38950073632112858     
   111.99999999999973      -0.33060042105740639     
   112.79999999999973      -0.59029858334058094     
   113.59999999999972       -5.0547485348031551E-002
   114.39999999999972       0.54690338980771758     
   115.19999999999972       0.38946742413617408     
   115.99999999999972      -0.30614711152388252     
   116.79999999999971      -0.59070991042141197     
   117.59999999999971       -6.8179034919255921E-002
   118.39999999999971       0.56097110800680650     
   119.19999999999970       0.44341267149000851     
   119.99999999999970      -0.27100960436262267     
   120.79999999999970      -0.62801950400502449     
   121.59999999999970      -0.14912486164947625     
   122.39999999999969       0.52112522802765293     
   123.19999999999969       0.48618798009587783     
   123.99999999999969      -0.19771159212071765     
   124.79999999999968      -0.60365283285448923     
   125.59999999999968      -0.18556921647962821     
   126.39999999999968       0.48402652407955737     
   127.19999999999968       0.49368285071434581     
   127.99999999999967      -0.17309281568123180     
   128.79999999999967      -0.61413056054269011     
   129.59999999999968      -0.22646355015056652     
   130.39999999999969       0.47250125202982318     
   131.19999999999970       0.54225111999839037     
   131.99999999999972      -0.11356761086114420     
   132.79999999999973      -0.61542241979576284     
   133.59999999999974      -0.29079695550182427     
   134.39999999999975       0.41829211748938633     
   135.19999999999976       0.55687998315310927     
   135.99999999999977       -5.7268262415842486E-002
   136.79999999999978      -0.58973287866416391     
   137.59999999999980      -0.31870306297023621     
   138.39999999999981       0.38750750030932690     
   139.19999999999982       0.57138898226824220     
   139.99999999999983       -2.0424012105590639E-002
   140.79999999999984      -0.59092437329506886     
   141.59999999999985      -0.36763113942258729     
   142.39999999999986       0.35118982728584625     
   143.19999999999987       0.59963503991673262     
   143.99999999999989        4.3409787812680345E-002
   144.79999999999990      -0.56740215953266815     
   145.59999999999991      -0.41130089082462606     
   146.39999999999992       0.29666146451659425     
   147.19999999999993       0.59964434629818775     
   147.99999999999994        8.9091742583523925E-002
   148.79999999999995      -0.54208217961369387     
   149.59999999999997      -0.43834523675481740     
   150.39999999999998       0.26120133445504057     
   151.19999999999999       0.61155071087266455     
   152.00000000000000       0.13602901863580347     
   152.80000000000001      -0.52553092204858332     
   153.60000000000002      -0.48101807232731264     
   154.40000000000003       0.21007355922701598     
   155.20000000000005       0.61757114312796046     
   156.00000000000006       0.19286797537221184     
   156.80000000000007      -0.48871826354020248     
   157.60000000000008      -0.50798984626384414     
   158.40000000000009       0.15877314981558177     
   159.20000000000010       0.60950950545939797     
   160.00000000000011       0.23391830400568581     
   160.80000000000013      -0.45937525421271619     
   161.60000000000014      -0.53268065924441332     
   162.40000000000015       0.11499568691077333     
   163.20000000000016       0.61024298448683745     
   164.00000000000017       0.28286607948543263     
   164.80000000000018      -0.42596011583701832     
   165.60000000000019      -0.56131257097807308     
   166.40000000000020        5.9122872825327244E-002
   167.20000000000022       0.59825939116291227     
   168.00000000000023       0.32900856712205712     
   168.80000000000024      -0.38275509310508188     
   169.60000000000025      -0.57595787935041509     
   170.40000000000026        1.0173327621933015E-002
   171.20000000000027       0.58280223467565440     
   172.00000000000028       0.36693194710305721     
   172.80000000000030      -0.34581286364557140     
   173.60000000000031      -0.59320547655841582     
   174.40000000000032       -3.9404365268644881E-002
   175.20000000000033       0.56871444871503130     
   176.00000000000034       0.41014596788279756     
   176.80000000000035      -0.30078151770094319     
   177.60000000000036      -0.60583081313352205     
   178.40000000000038       -9.3404035486205239E-002
   179.20000000000039       0.54368548485411017     
   180.00000000000040       0.44546332104383135     
   180.80000000000041      -0.25404429060200806     
   181.60000000000042      -0.61004034500947579     
   182.40000000000043      -0.14068526576659957     
   183.20000000000044       0.51935981076624049     
   184.00000000000045       0.47807658183566215     
   184.80000000000047      -0.20929345995073634     
   185.60000000000048      -0.61548965232227815     
   186.40000000000049      -0.19088962241853752     
   187.20000000000050       0.49118776882640630     
   188.00000000000051       0.51067041315710926     
   188.80000000000052      -0.15834296682194926     
   189.60000000000053      -0.61318613279860767     
   190.40000000000055      -0.23954142603627304     
   191.20000000000056       0.45665610861349137     
   192.00000000000057       0.53550173554196245     
   192.80000000000058      -0.10931291428163670     
   193.60000000000059      -0.60682206506957825     
   194.40000000000060      -0.28397576126213686     
   195.20000000000061       0.42272109840229033     
   196.00000000000063       0.55932993714320511     
   196.80000000000064       -5.9392254974449776E-002
   197.60000000000065      -0.59858157790132760     
   198.40000000000066      -0.32973253503477440     
   199.20000000000067       0.38352168492902927     
   200.00000000000068       0.57914842083001683     
   200.80000000000069       -7.0337817138692582E-003
   201.60000000000070      -0.58324799332119515     
   202.40000000000072      -0.37114597460826293     
   203.20000000000073       0.34176096772214826     
   204.00000000000074       0.59314586535274905     
   204.80000000000075        4.2818692769900135E-002
   205.60000000000076      -0.56570983592444424     
   206.40000000000077      -0.41009372384451226     
   207.20000000000078       0.29926179146344034     
   208.00000000000080       0.60532899460727962     
   208.80000000000081        9.3967671077513582E-002
   209.60000000000082      -0.54419817236400525     
   210.40000000000083      -0.44762469734004279     
   211.20000000000084       0.25269798696476192     
   212.00000000000085       0.61188959121759812     
   212.80000000000086       0.14442051843587311     
   213.60000000000088      -0.51763984493579374     
   214.40000000000089      -0.48029347880603313     
   215.20000000000090       0.20563072165766405     
   216.00000000000091       0.61425147387046231     
   216.80000000000092       0.19277160830953821     
   217.60000000000093      -0.48907908767018482     
   218.40000000000094      -0.51074910332200463     
   219.20000000000095       0.15713077693678368     
   220.00000000000097       0.61335806335669063     
   220.80000000000098       0.24117030517488475     
   221.60000000000099      -0.45617255904276460     
   222.40000000000100      -0.53764888783344433     
   223.20000000000101       0.10667418349923785     
   224.00000000000102       0.60697714532328051     
   224.80000000000103       0.28706313723972976     
   225.60000000000105      -0.42012104121378013     
   226.40000000000106      -0.56005378006267170     
   227.20000000000107        5.6559161665582058E-002
   228.00000000000108       0.59714304823652187     
   228.80000000000109       0.33099132593070779     
   229.60000000000110      -0.38186814990837137     
   230.40000000000111      -0.57954510204679066     
   231.20000000000113        5.4059369098277132E-003
   232.00000000000114       0.58316833291528669     
   232.80000000000115       0.37324608742612392     
   233.60000000000116      -0.34013842008300915     
   234.40000000000117      -0.59444093880300353     
   235.20000000000118       -4.5783815945465878E-002
   236.00000000000119       0.56460200475852174     
   236.80000000000121       0.41218579721720472     
   237.60000000000122      -0.29657205706155543     
   238.40000000000123      -0.60522210735924431     
   239.20000000000124       -9.6180039349756385E-002
   240.00000000000125       0.54278861352351804     
   240.80000000000126       0.44873274266579799     
   241.60000000000127      -0.25097271217319728     
   242.40000000000128      -0.61224135910782063     
   243.20000000000130      -0.14649042747787311     
   244.00000000000131       0.51682142874524595     
   244.80000000000132       0.48218526912537452     
   245.60000000000133      -0.20326875854917092     
   246.40000000000134      -0.61450067146723208     
   247.20000000000135      -0.19544788511183703     
   248.00000000000136       0.48726919130025331     
   248.80000000000138       0.51197451493885748     
   249.60000000000139      -0.15461962484803138     
   250.40000000000140      -0.61281045547294455     
   251.20000000000141      -0.24305413516397567     
   252.00000000000142       0.45464917863496890     
   252.80000000000143       0.53862819467713419     
   253.60000000000144      -0.10464305389437778     
   254.40000000000146      -0.60688076665845514     
   255.20000000000147      -0.28924825547658817     
   256.00000000000148       0.41853372216051732     
   256.80000000000149       0.56131961079911574     
   257.60000000000150       -5.3939716841992946E-002
   258.40000000000151      -0.59650797766760988     
   259.20000000000152      -0.33313995732461960     
   260.00000000000153       0.37973756338420911     
   260.80000000000155       0.58012206707389624     
   261.60000000000156       -3.0731425650044608E-003
   262.40000000000157      -0.58227948209629443     
   263.20000000000158      -0.37491975542891465     
   264.00000000000159       0.33833345988909691     
   264.80000000000160       0.59509435406694278     
   265.60000000000161        4.8054907596897345E-002
   266.40000000000163      -0.56385382949163876     
   267.20000000000164      -0.41412189405068883     
   268.00000000000165       0.29443566755194434     
   268.80000000000166       0.60572994271352809     
   269.60000000000167        9.8711021516090680E-002
   270.40000000000168      -0.54151368765187058     
   271.20000000000169      -0.45032461923645384     
   272.00000000000171       0.24870157892909917     
   272.80000000000172       0.61229672065544016     
   273.60000000000173       0.14868032053908542     
   274.40000000000174      -0.51555399865900398     
   275.20000000000175      -0.48358742236855756     
   276.00000000000176       0.20114896288589146     
   276.80000000000177       0.61462843389798216     
   277.60000000000178       0.19773876024451831     
   278.40000000000180      -0.48587824436059301     
   279.20000000000181      -0.51341365798814498     
   280.00000000000182       0.15220709602142812     
   280.80000000000183       0.61259936914704438     
   281.60000000000184       0.24530654840764865     
   282.40000000000185      -0.45292859105650463     
   283.20000000000186      -0.53968694103700765     
   284.00000000000188       0.10230928944909290     
   284.80000000000189       0.60644102305692515     
   285.60000000000190       0.29126033650969868     
   286.40000000000191      -0.41685754598456487     
   287.20000000000192      -0.56230832483037163     
   288.00000000000193        5.1608598493131375E-002
   288.80000000000194       0.59601264180446922     
   289.60000000000196       0.33521373075872651     
   290.40000000000197      -0.37783965491968363     
   291.20000000000198      -0.58094993805814843     
   292.00000000000199        6.1202640689328458E-004
   292.80000000000200       0.58144758657119344     
   293.60000000000201       0.37679620308291883     
   294.40000000000202      -0.33629679003924884     
   295.20000000000203      -0.59562306573278723     
   296.00000000000205       -5.0382341451915225E-002
   296.80000000000206       0.56290901150229222     
   297.60000000000207       0.41585129739324822     
   298.40000000000208      -0.29239344419902769     
   299.20000000000209      -0.60617722517442973     
   300.00000000000210      -0.10107759288469331     
   300.80000000000211       0.54040873167092429     
   301.60000000000213       0.45199848090453365     
   302.40000000000214      -0.24647359663276702     
   303.20000000000215      -0.61248972403866342     
   304.00000000000216      -0.15102282282632107     
   304.80000000000217       0.51420201908321594     
   305.60000000000218       0.48502253697940523     
   306.40000000000219      -0.19889758866430429     
   307.20000000000221      -0.61460757949536760     
   308.00000000000222      -0.19995924170496970     
   308.80000000000223       0.48444199418088063     
   309.60000000000224       0.51473108553424851     
   310.40000000000225      -0.14991289169314359     
   311.20000000000226      -0.61243895141091831     
   312.00000000000227      -0.24752297836058668     
   312.80000000000229       0.45130292335818856     
   313.60000000000230       0.54084547058522892     
   314.40000000000231       -9.9922661499402099E-002
   315.20000000000232      -0.60602206160221317     
   316.00000000000233      -0.29335657684045136     
   316.80000000000234       0.41508037893588301     
   317.60000000000235       0.56324208974451517     
   318.40000000000236       -4.9250323634270399E-002
   319.20000000000238      -0.59542822620777103     
   320.00000000000239      -0.33719920662333253     
   320.80000000000240       0.37597564016645107     
   321.60000000000241       0.58174565038968273     
   322.40000000000242        1.7796832585407207E-003
   323.20000000000243      -0.58068124697753187     
   324.00000000000244      -0.37870242633409429     
   324.80000000000246       0.33427659698070827     
   325.60000000000247       0.59620508314953047     
   326.40000000000248        5.2773439911229070E-002
   327.20000000000249      -0.56192478167782556     
   328.00000000000250      -0.41759282368983264     
   328.80000000000251       0.29029195491570869     
   329.60000000000252       0.60655734779189774     
   330.40000000000254       0.10341577089369747     
   331.20000000000255      -0.53927831712913299     
   332.00000000000256      -0.45361720389041649     
   332.80000000000257       0.24429222796640859     
   333.60000000000258       0.61269752925300280     
   334.40000000000259       0.15334823376894813     
   335.20000000000260      -0.51288562850292763     
   336.00000000000261      -0.48649514056651399     
   336.80000000000263       0.19662272057833552     
   337.60000000000264       0.61459095661387964     
   338.40000000000265       0.20221433330674621     
   339.20000000000266      -0.48295887110266289     
   340.00000000000267      -0.51602216757824837     
   340.80000000000268       0.14760434658025434     
   341.60000000000269       0.61223524882112024     
   342.40000000000271       0.24970112094652630     
   343.20000000000272      -0.44968630877712723     
   344.00000000000273      -0.54198525648843021     
   344.80000000000274        9.7564108316261944E-002
   345.60000000000275       0.60562490798662072     
   346.40000000000276       0.29546250444552374     
   347.20000000000277      -0.41330675023286062     
   348.00000000000279      -0.56419373975942388     
   348.80000000000280        4.6864500544451237E-002
   349.60000000000281       0.59482238743758042     
   350.40000000000282       0.33918796181663335     
   351.20000000000283      -0.37408255982346306     
   352.00000000000284      -0.58250846427299596     
   352.80000000000285       -4.1606803228885214E-003
   353.60000000000286       0.57989831077081277     
   354.40000000000288       0.38058246004387675     
   355.20000000000289      -0.33227236144203320     
   356.00000000000290      -0.59678770890445476     
   356.80000000000291       -5.5156987679662151E-002
   357.60000000000292       0.56095048985556284     
   358.40000000000293       0.41934663691365748     
   359.20000000000294      -0.28817791886469180     
   360.00000000000296      -0.60693436463195338     
   360.80000000000297      -0.10576837826516228     
   361.60000000000298       0.53812323608451385     
   362.40000000000299       0.45522168957600884     
   363.20000000000300      -0.24210168942549515     
   364.00000000000301      -0.61288163147381369     
   364.80000000000302      -0.15565698998353805     
   365.60000000000304       0.51156782543997481     
   366.40000000000305       0.48795563914696355     
   367.20000000000306      -0.19435749596081880     
   368.00000000000307      -0.61457791519102001     
   368.80000000000308      -0.20447197172731346     
   369.60000000000309       0.48147286899657915     
   370.40000000000310       0.51731662831323266     
   371.20000000000312      -0.14528242453658569     
   372.00000000000313      -0.61201730321682701     
   372.80000000000314      -0.25187928611135402     
   373.60000000000315       0.44805293457277728     
   374.40000000000316       0.54310684882937910     
   375.20000000000317       -9.5208328338486137E-002
   376.00000000000318      -0.60521507887271031     
   376.80000000000319      -0.29755530140415654     
   377.60000000000321       0.41153563856352671     
   378.40000000000322       0.56514069243712417     
   379.20000000000323       -4.4481036650343753E-002
   380.00000000000324      -0.59421536616409465     
   380.80000000000325      -0.34117930854796141     
   381.60000000000326       0.37218058358695438     
   382.40000000000327       0.58326517844626413     
   383.20000000000329        6.5484066070535807E-003
   384.00000000000330      -0.57909970857488335     
   384.80000000000331      -0.38245382757305579     
   385.60000000000332       0.33026063954101181     
   386.40000000000333       0.59735519184378361     
   387.20000000000334        5.7533747786608469E-002
   388.00000000000335      -0.55997023158545045     
   388.80000000000337      -0.42109198898580091     
   389.60000000000338       0.28606490973608178     
   390.40000000000339       0.60730754418098076     
   391.20000000000340       0.10812160085411704     
   392.00000000000341      -0.53696198743665691     
   392.80000000000342      -0.45682403096129653     
   393.60000000000343       0.23990286334813948     
   394.40000000000344       0.61305446718257905     
   395.20000000000346       0.15796510727585467     
   396.00000000000347      -0.51023804137270290     
   396.80000000000348      -0.48940462307922217     
   397.60000000000349       0.19209102682499035     
   398.40000000000350       0.61455400062338694     
   399.20000000000351       0.20672285304581495     
   400.00000000000352      -0.47998323539799070     
   400.80000000000354      -0.51860479125397985     
   401.60000000000355       0.14295970013633252     
   402.40000000000356       0.61179339899293117     
   403.20000000000357       0.25405684985659388     
   404.00000000000358      -0.44641149843905931     
   404.80000000000359      -0.54422143750998819     
   405.60000000000360        9.2848232325862368E-002
   406.40000000000362       0.60479321097300576     
   407.20000000000363       0.29964246205064760     
   408.00000000000364      -0.40975720288615836     
   408.80000000000365      -0.56607651219551569     
   409.60000000000366        4.2099380539463716E-002
   410.40000000000367       0.59360034237101500     
   411.20000000000368       0.34316455841191718     
   412.00000000000369      -0.37027527767807811     
   412.80000000000371      -0.58401528516355738     
   413.60000000000372       -8.9369001433354800E-003
   414.40000000000373       0.57829320994265232     
   415.20000000000374       0.38432142668841840     
   416.00000000000375      -0.32824200767555567     
   416.80000000000376      -0.59791284265700173     
   417.60000000000377       -5.9910405161562541E-002
   418.40000000000379       0.55897968795481967     
   419.20000000000380       0.42282927129538633     
   420.00000000000381      -0.28394825622300063     
   420.80000000000382      -0.60767083183259429     
   421.60000000000383      -0.11047163601486198     
   422.40000000000384       0.53579412636343438     
   423.20000000000385       0.45842007424495718     
   424.00000000000387      -0.23770104760015692     
   424.80000000000388      -0.61321941594296603     
   425.60000000000389      -0.16027216894435242     
   426.40000000000390       0.50890002354294506     
   427.20000000000391       0.49084675027908847     
   428.00000000000392      -0.18982044397384074     
   428.80000000000393      -0.61451957942794722     
   429.60000000000394      -0.20897017009441243     
   430.40000000000396       0.47848584795502747     
   431.20000000000397       0.51988402422184199     
   432.00000000000398      -0.14063585684655211     
   432.80000000000399      -0.61156061626326408     
   433.60000000000400      -0.25623016208993671     
   434.40000000000401       0.44476428814908248     
   435.20000000000402       0.54532871569063679     
   436.00000000000404       -9.0486403554175032E-002
   436.80000000000405      -0.60436256192923699     
   437.60000000000406      -0.30172595365229232     
   438.40000000000407       0.40797177723189731     
   439.20000000000408       0.56700345637053140     
   440.00000000000409       -3.9716753016641682E-002
   440.80000000000410      -0.59297555447918870     
   441.60000000000412      -0.34514392567712449     
   442.40000000000413       0.36836464845734229     
   443.20000000000414       0.58475624528350245     
   444.00000000000415        1.1324595288207173E-002
   444.80000000000416      -0.57747857681858061     
   445.60000000000417      -0.38618346386240887     
   446.40000000000418       0.32621870658709406     
   447.20000000000420       0.59846203081289973     
   448.00000000000421        6.2286707250285844E-002
   448.80000000000422      -0.55798047219782243     
   449.60000000000423      -0.42456041033681668     
   450.40000000000424       0.28182680768749890     
   451.20000000000425       0.60802441809838836     
   452.00000000000426       0.11281983181357164     
   452.80000000000427      -0.53461793140341185     
   453.60000000000429      -0.46000873490109784     
   454.40000000000430       0.23549608436555458     
   455.20000000000431       0.61337522631264374     
   456.00000000000432       0.16257662895358815     
   456.80000000000433      -0.50755471612534353     
   457.60000000000434      -0.49228184224948218     
   458.40000000000435       0.18754687636607864     
   459.20000000000437       0.61447601256586681     
   460.00000000000438       0.21121469867968923     
   460.80000000000439      -0.47698089025598300     
   461.60000000000440      -0.52115527687764684     
   462.40000000000441       0.13830975021770497     
   463.20000000000442       0.61131823628720006     
   464.00000000000443       0.25839932199591426     
   464.80000000000445      -0.44311046046601216     
   465.60000000000446      -0.54642761156764585     
   466.40000000000447        8.8123498312963178E-002
   467.20000000000448       0.60392301008533233     
   468.00000000000449       0.30380499024320151     
   468.80000000000450      -0.40618031627899343     
   469.60000000000451      -0.56792207073038470     
   470.40000000000452        3.7333304616554042E-002
   471.20000000000454       0.59234169576817497     
   472.00000000000455       0.34711819488664503     
   472.80000000000456      -0.36644824350287247     
   473.60000000000457      -0.58548814760879664     
   474.40000000000458       -1.3712049226175860E-002
   475.20000000000459       0.57665509275706162     
   476.00000000000460       0.38803948163997420     
   476.80000000000462      -0.32419066882437669     
   477.60000000000463      -0.59900221520062191     
   478.40000000000464       -6.4661986756701761E-002
   479.20000000000465       0.55697297617499897     
   480.00000000000466       0.42628529916644609     
   480.80000000000467      -0.27970106623019131     
   481.60000000000468      -0.60836886591217576     
   482.40000000000470      -0.11516648045701638     
   483.20000000000471       0.53343350104249243     
   484.00000000000472       0.46159040199980617     
   484.80000000000473      -0.23328751270261328     
   485.60000000000474      -0.61352160195371130     
   486.40000000000475      -0.16487852052122154     
   487.20000000000476       0.50620176758571511     
   488.00000000000477       0.49370943735688794     
   488.80000000000479      -0.18527061003618833     
   489.60000000000480      -0.61442323726338133     
   490.40000000000481      -0.21345608249897197     
   491.20000000000482       0.47546877427193468     
   492.00000000000483       0.52241875671543792     
   492.80000000000484      -0.13598147331074140     
   493.60000000000485      -0.61106655463064219     
   494.40000000000487      -0.26056463647362488     
   495.20000000000488       0.44144984481129107     
   496.00000000000489       0.54751815796279857     
   496.80000000000490       -8.5759297937520795E-002
   497.60000000000491      -0.60347425709607683     
   498.40000000000492      -0.30587936703549667     
   499.20000000000493       0.40438279878313943     
   500.00000000000495       0.56883211431378600     
   500.80000000000496       -3.4949335176000851E-002
   501.60000000000497      -0.59169892914894973     
   502.40000000000498      -0.34908729588976356     
   503.20000000000499       0.36452629351512406     
   504.00000000000500       0.58621121802105303     
   504.80000000000501        1.6099358419138454E-002
   505.60000000000502      -0.57582280945080544     
   506.40000000000504      -0.38988962801088101     
   507.20000000000505       0.32215771805552051     
   508.00000000000506       0.59953326821994291     
   508.80000000000507        6.7036241774776739E-002
   509.60000000000508      -0.55595705617342950     
   510.40000000000509      -0.42800372840305356     
   511.20000000000510       0.27757116606480059     
   512.00000000000512       0.60870413933968237     
   512.80000000000507       0.11751140881646721     
   513.60000000000502      -0.53224101639207744     
   514.40000000000498      -0.46316514314888407     
   515.20000000000493       0.23107539443264408     
   516.00000000000489       0.61365866492568588     
   516.80000000000484       0.16717795061913387     
   517.60000000000480      -0.50484111909814811     
   518.40000000000475      -0.49512953791189646     
   519.20000000000471       0.18299157038529151     
   520.00000000000466       0.61436112678778687     
   520.80000000000462       0.21569421789355203     
   521.60000000000457      -0.47394949976755107     
   522.40000000000452      -0.52367434790090261     
   523.20000000000448       0.13365117156617834     
   524.00000000000443       0.61080563728798598     
   524.80000000000439       0.26272605320013076     
   525.60000000000434      -0.43978255287597001     
   526.40000000000430      -0.54860043698914174     
   527.20000000000425        8.3393784553910777E-002
   528.00000000000421       0.60301632835881047     
   528.80000000000416       0.30794912773408034     
   529.60000000000412      -0.40257916540106897     
   530.40000000000407      -0.56973352490815810     
   531.20000000000402        3.2564864105434910E-002
   532.00000000000398       0.59104719651238213     
   532.80000000000393       0.35105112260995586     
   533.60000000000389      -0.36259886905064975     
   534.40000000000384      -0.58692543088813887     
   535.20000000000380       -1.8486428085261242E-002
   536.00000000000375       0.57498180783405606     
   536.80000000000371       0.39173391184474154     
   537.60000000000366      -0.32011989876257979     
   538.40000000000362      -0.60005523457359211     
   539.20000000000357       -6.9409495691354905E-002
   540.00000000000352       0.55493269550691871     
   540.80000000000348       0.42971568343184008     
   541.60000000000343      -0.27543709279147943     
   542.40000000000339      -0.60903017997291675     
   543.20000000000334      -0.11985455351489394     
   544.00000000000330       0.53104048471269716     
   544.80000000000325       0.46473289333435996     
   545.60000000000321      -0.22885980912750126     
   546.40000000000316      -0.61378643821705436     
   547.20000000000312      -0.16947487521873528     
   548.00000000000307       0.50347282842961893     
   548.80000000000302       0.49654216338709672     
   549.60000000000298      -0.18070977021576656     
   550.40000000000293      -0.61428969068141914     
   551.20000000000289      -0.21792910311337121     
   552.00000000000284       0.47242305369336490     
   552.80000000000280       0.52492201180032483     
   553.60000000000275      -0.13131887223187799     
   554.40000000000271      -0.61053545924323038     
   555.20000000000266      -0.26488350780356684     
   556.00000000000261       0.43810862685957364     
   556.80000000000257       0.54967442528707544     
   557.60000000000252       -8.1027018901355219E-002
   558.40000000000248      -0.60254925932845216     
   559.20000000000243      -0.31001425587555381     
   560.00000000000239       0.40076945005323833     
   560.80000000000234       0.57062631115624163     
   561.60000000000230       -3.0179902587309293E-002
   562.40000000000225      -0.59038649476253113     
   563.20000000000221      -0.35300965072180923     
   564.00000000000216       0.36066597947633272     
   564.80000000000211       0.58763075305037515     
   565.60000000000207        2.0873211070603581E-002
   566.40000000000202      -0.57413209567296641     
   567.20000000000198      -0.39357228771561759     
   568.00000000000193       0.31807726116765600     
   568.80000000000189       0.60056811634142937     
   569.60000000000184        7.1781708391773336E-002
   570.40000000000180      -0.55389992564846002     
   571.20000000000175      -0.43142115534173447     
   572.00000000000171       0.27329887002277292     
   572.80000000000166       0.60934698672411480     
   573.60000000000161       0.12219589293991856     
   574.40000000000157      -0.52983190924712398     
   575.20000000000152      -0.46629362088005510     
   576.00000000000148       0.22664078656956843     
   576.80000000000143       0.61390490745940829     
   577.60000000000139       0.17176924652044978     
   578.40000000000134      -0.50209692332071354     
   579.20000000000130      -0.49794728909668473     
   580.00000000000125       0.17842525466983794     
   580.80000000000121       0.61420894182899921     
   581.60000000000116       0.22016071040165086     
   582.40000000000111      -0.47088946240266571     
   583.20000000000107      -0.52616173889512363     
   584.00000000000102       0.12898460011565083     
   584.80000000000098       0.61025601928887330     
   585.60000000000093       0.26703697023315154     
   586.40000000000089      -0.43642808382228770     
   587.20000000000084      -0.55074009719155281     
   588.00000000000080        7.8659041083874004E-002
   588.80000000000075       0.60207305476393314     
   589.60000000000070       0.31207471281370014     
   590.40000000000066      -0.39895368840346135     
   591.20000000000061      -0.57151046343254819     
   592.00000000000057        2.7794488526536210E-002
   592.80000000000052       0.58971684071829034     
   593.60000000000048       0.35496285766898406     
   594.40000000000043      -0.35872765069086343     
   595.20000000000039      -0.58832717546695434     
   596.00000000000034       -2.3259677326540218E-002
   596.80000000000030       0.57327367965853260     
   597.60000000000025       0.39540472460859566     
   598.40000000000020      -0.31602983455132561     
   599.20000000000016      -0.60107190034631319     
   600.00000000000011       -7.4152838719748093E-002
   600.80000000000007       0.55285876517780719     
   601.60000000000002       0.43312011677276063     
   602.39999999999998      -0.27115653470078971     
   603.19999999999993      -0.60965455958270087     
   603.99999999999989      -0.12453539424353599     
   604.79999999999984       0.52861530991269368     
   605.59999999999980       0.46784730608155817     
   606.39999999999975      -0.22441835596043164     
   607.19999999999970      -0.61401406860892060     
   607.99999999999966      -0.17406103113984261     
   608.79999999999961       0.50071342123748153     
   609.59999999999957       0.49934488978557751     
   610.39999999999952      -0.17613805997932369     
   611.19999999999948      -0.61411888030513695     
   611.99999999999943      -0.22238900295490760     
   612.79999999999939       0.46934875275115084     
   613.59999999999934       0.52739351187888439     
   614.39999999999930      -0.12664839129284455     
   615.19999999999925      -0.60996732448983693     
   615.99999999999920      -0.26918641092326356     
   616.79999999999916       0.43474094803893493     
   617.59999999999911       0.55179743721103258     
   618.39999999999907       -7.6289884216508064E-002
   619.19999999999902      -0.60158771927614008     
   619.99999999999898      -0.31413046614094275     
   620.79999999999893       0.39713190735119419     
   621.59999999999889       0.57238596593425761     
   622.39999999999884       -2.5408660052477994E-002
   623.19999999999879      -0.58903824572650987     
   623.99999999999875      -0.35691071320665974     
   624.79999999999870       0.35678391412414406     
   625.59999999999866       0.58901468945234803     
   626.39999999999861        2.5645791942335627E-002
   627.19999999999857      -0.57240657357904168     
   627.99999999999852      -0.39723119644363408     
   628.79999999999848       0.31397764816810464     
   629.59999999999843       0.60156657792163637     
   630.39999999999839        7.6522851568041839E-002
   631.19999999999834      -0.55180922853235093     
   631.99999999999829      -0.43481254032077932     
   632.79999999999825       0.26901011995575796     
   633.59999999999820       0.60995289324699797     
   634.39999999999816       0.12687302088923802     
   635.19999999999811      -0.52739070679278166     
   635.99999999999807      -0.46939392594345614     
   636.79999999999802       0.22219255128028420     
   637.59999999999798       0.61411392109984997     
   638.39999999999793       0.17635019578739453     
   639.19999999999789      -0.49932234283301935     
   639.99999999999784      -0.50073494451683254     
   640.79999999999779       0.17384821954502061     
   641.59999999999775       0.61401950629843771     
   642.39999999999770       0.22461394667500367     
   643.19999999999766      -0.46780094797410288     
   643.99999999999761      -0.52861731098600373     
   644.79999999999757       0.12431028186349757     
   645.59999999999752       0.60966937964251300     
   646.39999999999748       0.27133179711393984     
   647.19999999999743      -0.43304724612133483     
   647.99999999999739      -0.55284642999800382     
   648.79999999999734        7.3919583533147204E-002
   649.59999999999729       0.60109326054255519     
   650.39999999999725       0.31618148549553460     
   651.19999999999720      -0.39530413391405761     
   651.99999999999716      -0.57325280486411201     
   652.79999999999711        2.3022452766975010E-002
   653.59999999999707       0.58835071951854312     
   654.39999999999702       0.35885318717199499     
   655.19999999999698      -0.35483479961292430     
   655.99999999999693      -0.58969328418105482     
   656.79999999999688       -2.8031518495470142E-002
   657.59999999999684       0.57153079132495643     
   658.39999999999679       0.39905167577137068     
   659.19999999999675      -0.31192073333138293     
   659.99999999999670      -0.60205214190507328     
   660.79999999999666       -7.8891711818713905E-002
   661.59999999999661       0.55075133160055778     
   662.39999999999657       0.43649840043766941     
   663.19999999999652      -0.26685965780127163     
   663.99999999999648      -0.61024198258249007     
   664.79999999999643      -0.12920873751115480     
   665.59999999999638       0.52615811852564998     
   666.39999999999634       0.47093345652399521     
   667.19999999999629      -0.21996340651709567     
   667.99999999999625      -0.61420446347553836     
   668.79999999999620      -0.17863670584914376     
   669.59999999999616       0.49792370979369466     
   670.39999999999611       0.50211743244261631     
   671.19999999999607      -0.17155576771200409     
   671.99999999999602      -0.61391082136772468     
   672.79999999999598      -0.22683550831715593     
   673.59999999999593       0.46624607145443886     
   674.39999999999588       0.52983311737364247     
   675.19999999999584      -0.12197030689056709     
   675.99999999999579      -0.60936218896777095     
   676.79999999999575      -0.27347309613247661     
   677.59999999999570       0.43134700405805360     
   678.39999999999566       0.55388705937922311     
   679.19999999999561       -7.1548174902497985E-002
   679.99999999999557      -0.60058968634737697     
   680.79999999999552      -0.31822773995936521     
   681.59999999999548       0.39347039603491735     
   682.39999999999543       0.57411096711345144     
   683.19999999999538       -2.0635902309986354E-002
   683.99999999999534      -0.58765427253211389     
   684.79999999999529      -0.36079025021694544     
   685.59999999999525       0.35288033659116269     
   686.39999999999520       0.59036294899019359     
   687.19999999999516        3.0416821061487798E-002
   687.99999999999511      -0.57064634626212107     
   688.79999999999507      -0.40086613480300698     
   689.59999999999502       0.30985912138960819     
   690.39999999999498       0.60252858483044935     
   691.19999999999493        8.1259383799267892E-002
   691.99999999999488      -0.54968509077601557     
   692.79999999999484      -0.43817767164947502     
   693.59999999999479       0.26470518069965004     
   694.39999999999475       0.61052182311009884     
   695.19999999999470       0.13154250909839038     
   695.99999999999466      -0.52491756390034328     
   696.79999999999461      -0.47246587433113790     
   697.59999999999457       0.21773095525897485     
   698.39999999999452       0.61428569412816714     
   699.19999999999447       0.18092052677208237     
   699.99999999999443      -0.49651754361033851     
   700.79999999999438      -0.50349233243076719     
   701.59999999999434       0.16926073911473050     
   702.39999999999429       0.61379282719247019     
   703.19999999999425       0.22905365441706105     
   703.99999999999420      -0.46468414703308769     
   704.79999999999416      -0.53104091254634100     
   705.59999999999411       0.11962850148572790     
   706.39999999999407       0.60904575707265285     
   707.19999999999402       0.27561027567283780     
   707.99999999999397      -0.42964024773806453     
   708.79999999999393      -0.55491930932574629     
   709.59999999999388        6.9175693997076571E-002
   710.39999999999384       0.60007700433992150     
   711.19999999999379       0.32026919851031355     
   711.99999999999375      -0.39163072172383329     
   712.79999999999370      -0.57496043951591025     
   713.59999999999366        1.8249044565257222E-002
   714.39999999999361       0.58694891549670081     
   715.19999999999357       0.36272187305731862     
   715.99999999999352      -0.35092055473881179     
   716.79999999999347      -0.59102367356712271     
   717.59999999999343       -3.2801663854788998E-002
   718.39999999999338       0.56975325190713966     
   719.19999999999334       0.40267454598606855     
   719.99999999999329      -0.30779284357107606     
   720.79999999999325      -0.60299589925082264     
   721.59999999999320       -8.3625831868660683E-002
   722.39999999999316       0.54861052244720954     
   723.19999999999311       0.43985032841419131     
   723.99999999999307      -0.26254672127320827     
   724.79999999999302      -0.61079241047869903     
   725.59999999999297      -0.13387430055215066     
   726.39999999999293       0.52366906197536789     
   727.19999999999288       0.47399115607114550     
   727.99999999999284      -0.21549523115441893     
   728.79999999999279      -0.61435761169760017     
   729.59999999999275      -0.18320162417047853     
   730.39999999999270       0.49510386580746352     
   731.19999999999266       0.50485962347365154     
   731.99999999999261      -0.16696316833255365     
   732.79999999999256      -0.61366552547993991     
   733.59999999999252      -0.23126835148915226     
   734.39999999999247       0.46311519864535677     
   735.19999999999243       0.53224067804822972     
   735.99999999999238      -0.11728490088671417     
   736.79999999999234      -0.60872008877006656     
   737.59999999999229      -0.27774330348004150     
   738.39999999999225       0.42792700321931998     
   739.19999999999220       0.55594316402473309     
   739.99999999999216       -6.6802176450199258E-002
   740.79999999999211      -0.59955522231927205     
   741.59999999999206      -0.32230583025930126     
   742.39999999999202       0.38978513899907818     
   743.19999999999197       0.57580120898743647     
   743.99999999999193       -1.5861915413227123E-002
   744.79999999999188      -0.58623465922297269     
   745.59999999999184      -0.36464802642014593     
   746.39999999999179       0.34895548385495201     
   747.19999999999175       0.59167544772802971     
   747.99999999999170        3.5186011046900334E-002
   748.79999999999166      -0.56885152197189082     
   749.59999999999161      -0.40447688189510045     
   750.39999999999156       0.30572193117816215     
   751.19999999999152       0.60345407790284078     
   751.99999999999147        8.5991020456578360E-002
   752.79999999999143      -0.54752764309795765     
   753.59999999999138      -0.44151634529422401     
   754.39999999999134       0.26038431216186020     
   755.19999999999129       0.61105374043078486     
   755.99999999999125       0.13620407677359975     
   756.79999999999120      -0.52241263192449905     
   757.59999999999116      -0.47550927852255981     
   758.39999999999111       0.21325626793979008     
   759.19999999999106       0.61442021499193222     
   759.99999999999102       0.18547996369236425     
   760.79999999999097      -0.49368269805449400     
   761.59999999999093      -0.50621928471505018     
   762.39999999999088       0.16466308995877954     
   763.19999999999084       0.61352891808569021     
   763.99999999999079       0.23347956612469173     
   764.79999999999075      -0.46153925029878445     
   765.59999999999070      -0.53343239552431654     
   766.39999999999065       0.11493954035222775     
   767.19999999999061       0.60838518899130922     
   767.99999999999056       0.27987214733052551     
   768.79999999999052      -0.42620729667323159     
   769.59999999999047      -0.55695860778642881     
   770.39999999999043        6.4427657931141136E-002
   771.19999999999038       0.59902434825155848     
   771.99999999999034       0.32433760440352277     
   772.79999999999029      -0.38793367596909845     
   773.59999999999025      -0.57663326259482472     
   774.39999999999020        1.3474550715373734E-002
   775.19999999999015       0.58551151464538309     
   775.99999999999011       0.36656868111577751     
   776.79999999999006      -0.34698515379868250     
   777.59999999999002      -0.59231826140483013     
   778.39999999998997       -3.7569826804555451E-002
   779.19999999998993       0.56794117029868740     
   779.99999999998988       0.40627311518012355     
   780.79999999998984      -0.30364641559731198     
   781.59999999998979      -0.60390311367284411     
   782.39999999998975       -8.8354914008005991E-002
   783.19999999998970       0.54643646935287782     
   783.99999999998965       0.44317569696622755     
   784.79999999998961      -0.25821798605291663     
   785.59999999998956      -0.61130580885288599     
   786.39999999998952      -0.13853180270380228     
   787.19999999998947       0.52114829302892451     
   787.99999999998943       0.47702021856312143     
   788.79999999998938      -0.21101409939520083     
   789.59999999998934      -0.61447350295242176     
   790.39999999998929      -0.18775551101376364     
   791.19999999998925       0.49225406214075629     
   791.99999999998920       0.50757129541112744     
   792.79999999998915      -0.16236053863108635     
   793.59999999998911      -0.61338300701957515     
   794.39999999998906      -0.23568726497136128     
   795.19999999998902       0.45995632610762105     
   795.99999999998897       0.53461604674869423     
   796.79999999998893      -0.11259245515630023     
   797.59999999998888      -0.60804106280497094     
   798.39999999998884      -0.28199677506324328     
   799.19999999998879       0.42448115435968004     
