   0.0000000000000000        9.3568156620572052E-002
  0.80000000000000004       0.35680440000017188     
   1.6000000000000001       -2.5472925848446848E-002
   2.4000000000000004      -0.41158699954959399     
   3.2000000000000002      -0.11887503741202221     
   4.0000000000000000       0.30531237748408480     
   4.7999999999999998       0.11551824625842522     
   5.5999999999999996      -0.25291463131736108     
   6.3999999999999995       -5.2129647137697216E-002
   7.1999999999999993       0.33404351775265728     
   7.9999999999999991       0.12291738695994292     
   8.7999999999999989      -0.35139449911566023     
   9.5999999999999996      -0.23466246610551519     
   10.400000000000000       0.24942179583869664     
   11.200000000000001       0.22275636481846683     
   12.000000000000002      -0.20516514260126784     
   12.800000000000002      -0.17841032736184309     
   13.600000000000003       0.25794647874010362     
   14.400000000000004       0.24229580023361513     
   15.200000000000005      -0.24754021242211416     
   16.000000000000004      -0.32245080877144466     
   16.800000000000004       0.15140968747525063     
   17.600000000000005       0.30107948947246621     
   18.400000000000006      -0.11229527305910558     
   19.200000000000006      -0.26598885685935325     
   20.000000000000007       0.14223653150462257     
   20.800000000000008       0.31625542308743748     
   21.600000000000009      -0.11377579466260590     
   22.400000000000009      -0.36642191376044564     
   23.200000000000010        2.6155851659909635E-002
   24.000000000000011       0.33489864664909669     
   24.800000000000011        7.8252437791845320E-003
   25.600000000000012      -0.30197075098357912     
   26.400000000000013        6.3180939198838049E-003
   27.200000000000014       0.33504611720699773     
   28.000000000000014        3.0826885635004131E-002
   28.800000000000015      -0.35803148197428414     
   29.600000000000016      -0.10653999604426900     
   30.400000000000016       0.31677644272747268     
   31.200000000000017       0.13343719346186350     
   32.000000000000014      -0.28196433310236546     
   32.800000000000011      -0.12752936931617373     
   33.600000000000009       0.29737880166405906     
   34.400000000000006       0.16484914503051012     
   35.200000000000003      -0.29747167203059421     
   36.000000000000000      -0.22517863361996429     
   36.799999999999997       0.24842347659504851     
   37.599999999999994       0.24222458669948937     
   38.399999999999991      -0.21062325929773967     
   39.199999999999989      -0.23750164513362149     
   39.999999999999986       0.21063222950372151     
   40.799999999999983       0.26799337668974915     
   41.599999999999980      -0.19350798239506867     
   42.399999999999977      -0.31017462592631467     
   43.199999999999974       0.14008951462873032     
   43.999999999999972       0.31490207610604770     
   44.799999999999969      -0.10068652086199320     
   45.599999999999966      -0.30577527914450214     
   46.399999999999963        8.9640330125820566E-002
   47.199999999999960       0.32458494157641937     
   47.999999999999957       -6.1962687927157922E-002
   48.799999999999955      -0.34730538320345972     
   49.599999999999952        8.7169256186295785E-003
   50.399999999999949       0.33846362008323444     
   51.199999999999946        2.9105732318121025E-002
   51.999999999999943      -0.32151363493327823     
   52.799999999999940       -4.5568441975995411E-002
   53.599999999999937       0.32636229233677344     
   54.399999999999935        7.6756476204759061E-002
   55.199999999999932      -0.33023612226880461     
   55.999999999999929      -0.12476778303778524     
   56.799999999999926       0.30834320340809057     
   57.599999999999923       0.15689994772181709     
   58.399999999999920      -0.28262680599098189     
   59.199999999999918      -0.17277887281912152     
   59.999999999999915       0.27386694962934310     
   60.799999999999912       0.20080739290708285     
   61.599999999999909      -0.26152939504199968     
   62.399999999999906      -0.23877888043429488     
   63.199999999999903       0.22898800762247715     
   63.999999999999901       0.26116046181485603     
   64.799999999999898      -0.19591954646245635     
   65.599999999999895      -0.27106448291301188     
   66.399999999999892       0.17622867548832621     
   67.199999999999889       0.29045447681468084     
   67.999999999999886      -0.15207095362444956     
   68.799999999999883      -0.31467165104000738     
   69.599999999999881       0.11290740830924029     
   70.399999999999878       0.32423857772805653     
   71.199999999999875       -7.5814236764518761E-002
   71.999999999999872      -0.32426900661151259     
   72.799999999999869        4.9620947130308068E-002
   73.599999999999866       0.33145984655903127     
   74.399999999999864       -1.9258126752703497E-002
   75.199999999999861      -0.34000046693986813     
   75.999999999999858       -2.1407203477816605E-002
   76.799999999999855       0.33541231751873241     
   77.599999999999852        5.7956869119051013E-002
   78.399999999999849      -0.32377469231968076     
   79.199999999999847       -8.5235501287961313E-002
   79.999999999999844       0.31756108341625244     
   80.799999999999841       0.11568365739186579     
   81.599999999999838      -0.31067218478309999     
   82.399999999999835      -0.15235936805843581     
   83.199999999999832       0.29266170884775650     
   83.999999999999829       0.18339579114909871     
   84.799999999999827      -0.26986989855557231     
   85.599999999999824      -0.20624678199298871     
   86.399999999999821       0.25143828723976092     
   87.199999999999818       0.23099946228848411     
   87.999999999999815      -0.23151401012035655     
   88.799999999999812      -0.25867133840094375     
   89.599999999999810       0.20282321013481786     
   90.399999999999807       0.27974789426644342     
   91.199999999999804      -0.17150402636386158     
   91.999999999999801      -0.29349416548838758     
   92.799999999999798       0.14410870945433107     
   93.599999999999795       0.30797593557108155     
   94.399999999999793      -0.11532774543266222     
   95.199999999999790      -0.32295161259808458     
   95.999999999999787        8.0313540977578868E-002
   96.799999999999784       0.33100517415711916     
   97.599999999999781       -4.4714344451781962E-002
   98.399999999999778      -0.33261862391070063     
   99.199999999999775        1.3094747448239741E-002
   99.999999999999773       0.33417219357874978     
   100.79999999999977        1.9184506416297098E-002
   101.59999999999977      -0.33472710161289848     
   102.39999999999976       -5.5176807190804866E-002
   103.19999999999976       0.32867983076485419     
   103.99999999999976        8.9890145961937201E-002
   104.79999999999976      -0.31728636485571837     
   105.59999999999975      -0.12027669506737171     
   106.39999999999975       0.30554625987456380     
   107.19999999999975       0.15029349538536968     
   107.99999999999974      -0.29220319338912304     
   108.79999999999974      -0.18172391635181540     
   109.59999999999974       0.27316800632252169     
   110.39999999999974       0.21031827850686302     
   111.19999999999973      -0.25013935786568603     
   111.99999999999973      -0.23418598006198310     
   112.79999999999973       0.22699682640620988     
   113.59999999999972       0.25665941470287013     
   114.39999999999972      -0.20240590174072148     
   115.19999999999972      -0.27867610997221159     
   115.99999999999972       0.17349903688942492     
   116.79999999999971       0.29675758947113517     
   117.59999999999971      -0.14217122195502491     
   118.39999999999971      -0.30989563269669823     
   119.19999999999970       0.11139735025225039     
   119.99999999999970       0.32088752466167125     
   120.79999999999970       -7.9899760977014511E-002
   121.59999999999970      -0.33015213457691356     
   122.39999999999969        4.5757491135927308E-002
   123.19999999999969       0.33496249626606611     
   123.99999999999969       -1.0880089033316664E-002
   124.79999999999968      -0.33497545095217640     
   125.59999999999968       -2.2492364713430302E-002
   126.39999999999968       0.33254446696321849     
   127.19999999999968        5.5522723566714727E-002
   127.99999999999967      -0.32780273571557872     
   128.79999999999967       -8.9435730358689736E-002
   129.59999999999968       0.31871292745296309     
   130.39999999999969       0.12244228008070018     
   131.19999999999970      -0.30541661577954055     
   131.99999999999972      -0.15291055704649004     
   132.79999999999973       0.28989890787114997     
   133.59999999999974       0.18188437205756425     
   134.39999999999975      -0.27215788042892863     
   135.19999999999976      -0.21011374614553774     
   135.99999999999977       0.25075335795722586     
   136.79999999999978       0.23603000375313768     
   137.59999999999980      -0.22615803432766626     
   138.39999999999981      -0.25851757064293507     
   139.19999999999982       0.20004447421602783     
   139.99999999999983       0.27852796693009535     
   140.79999999999984      -0.17236219752014975     
   141.59999999999985      -0.29652313624164051     
   142.39999999999986       0.14215855450168613     
   143.19999999999987       0.31122178373331699     
   143.99999999999989      -0.11010628369972830     
   144.79999999999990      -0.32195186852002994     
   145.59999999999991        7.7602927202679417E-002
   146.39999999999992       0.32960764544269083     
   147.19999999999993       -4.4587941691777433E-002
   147.99999999999994      -0.33450561347170166     
   148.79999999999995        1.0479236124306734E-002
   149.59999999999997       0.33568176415050455     
   150.39999999999998        2.3963073981501382E-002
   151.19999999999999      -0.33283844428896819     
   152.00000000000000       -5.7596848027907710E-002
   152.80000000000001       0.32683748164462689     
   153.60000000000002        9.0490543149602670E-002
   154.40000000000003      -0.31794321674425352     
   155.20000000000005      -0.12297367748318544     
   156.00000000000006       0.30550162300628964     
   156.80000000000007       0.15429700625287879     
   157.60000000000008      -0.28951558223427265     
   158.40000000000009      -0.18357003549441528     
   159.20000000000010       0.27082167114615618     
   160.00000000000011       0.21089165811106922     
   160.80000000000013      -0.24968095902140394     
   161.60000000000014      -0.23645118232769091     
   162.40000000000015       0.22571281014627836     
   163.20000000000016       0.25959365618972863     
   164.00000000000017      -0.19914282729339161     
   164.80000000000018      -0.27968470965050191     
   165.60000000000019       0.17077393823459730     
   166.40000000000020       0.29688618413021883     
   167.20000000000022      -0.14087904013700447     
   168.00000000000023      -0.31134361277655509     
   168.80000000000024       0.10929520919695612     
   169.60000000000025       0.32255794509078251     
   170.40000000000026       -7.6392189460814164E-002
   171.20000000000027      -0.33015077035006996     
   172.00000000000028        4.2918654571302672E-002
   172.80000000000030       0.33437263047751020     
   173.60000000000031       -9.1491195435916550E-003
   174.40000000000032      -0.33539363346329332     
   175.20000000000033       -2.4929424413232260E-002
   176.00000000000034       0.33290176415523542     
   176.80000000000035        5.8881261533138662E-002
   177.60000000000036      -0.32675825861303676     
   178.40000000000038       -9.2043145914719626E-002
   179.20000000000039       0.31730931386433608     
   180.00000000000040       0.12416829947056024     
   180.80000000000041      -0.30478397795890427     
   181.60000000000042      -0.15519453322017090     
   182.40000000000043       0.28905643649475260     
   183.20000000000044       0.18469649514636166     
   184.00000000000045      -0.27019251104751074     
   184.80000000000047      -0.21213461362541777     
   185.60000000000048       0.24862073838101725     
   186.40000000000049       0.23733029512471265     
   187.20000000000050      -0.22463374172092138     
   188.00000000000051      -0.26022023327239840     
   188.80000000000052       0.19826604561109740     
   189.60000000000053       0.28045814923183104     
   190.40000000000055      -0.16973922211346909     
   191.20000000000056      -0.29766468085600684     
   192.00000000000057       0.13953563112851936     
   192.80000000000058       0.31176850185540977     
   193.60000000000059      -0.10799439002112737     
   194.40000000000060      -0.32276670672967223     
   195.20000000000061        7.5267559185915156E-002
   196.00000000000063       0.33044237493999817     
   196.80000000000064       -4.1674929424256157E-002
   197.60000000000065      -0.33459849393011182     
   198.40000000000066        7.7130754890609166E-003
   199.20000000000067       0.33529456528665047     
   200.00000000000068        2.6265660832803794E-002
   200.80000000000069      -0.33262493884629285     
   201.60000000000070       -6.0046345493507181E-002
   202.40000000000072       0.32652444537517405     
   203.20000000000073        9.3274462161051674E-002
   204.00000000000074      -0.31697723352886603     
   204.80000000000075      -0.12548738666597140     
   205.60000000000076       0.30417384876171905     
   206.40000000000077       0.15636455061043072     
   207.20000000000078      -0.28831407723981950     
   208.00000000000080      -0.18568986660736167     
   208.80000000000081       0.26947857167882205     
   209.60000000000082       0.21313966068415596     
   210.40000000000083      -0.24780894647048080     
   211.20000000000084      -0.23833691976405913     
   212.00000000000085       0.22360592773774551     
   212.80000000000086       0.26104198543290164     
   213.60000000000088      -0.19715944623176257     
   214.40000000000089      -0.28109791428722908     
   215.20000000000090       0.16866869623353503     
   216.00000000000091       0.29827091290264968     
   216.80000000000092      -0.13839308551897606     
   217.60000000000093      -0.31231446570157284     
   218.40000000000094       0.10670780855435935     
   219.20000000000095       0.32311078040961605     
   220.00000000000097       -7.3961064297407952E-002
   220.80000000000098      -0.33060823329582073     
   221.60000000000099        4.0428592750073988E-002
   222.40000000000100       0.33470313762007126     
   223.20000000000101       -6.4370170036340824E-003
   224.00000000000102      -0.33530504977148418     
   224.80000000000103       -2.7610488607579975E-002
   225.60000000000105       0.33243832098595349     
   226.40000000000106        6.1351693275171371E-002
   227.20000000000107      -0.32617788670949371     
   228.00000000000108       -9.4486971506912487E-002
   228.80000000000109       0.31656320531205667     
   229.60000000000110       0.12668074949993308     
   230.40000000000111      -0.30365969003493071     
   231.20000000000113      -0.15755592188407772     
   232.00000000000114       0.28762898745460219     
   232.80000000000115       0.18678851402443664     
   233.60000000000116      -0.26866746314418954     
   234.40000000000117      -0.21411324160988293     
   235.20000000000118       0.24694507092872564     
   236.00000000000119       0.23924608733738190     
   236.80000000000121      -0.22266036142624002     
   237.60000000000122      -0.26189106259259137     
   238.40000000000123       0.19608695678045712     
   239.20000000000124       0.28181445122240867     
   240.00000000000125      -0.16751737234887620     
   240.80000000000126      -0.29883950735732079     
   241.60000000000127       0.13722084185713967     
   242.40000000000128       0.31278611806727358     
   243.20000000000130      -0.10549071035831398     
   244.00000000000131      -0.32348390895776769     
   244.80000000000132        7.2673126354675377E-002
   245.60000000000133       0.33082844156560526     
   246.40000000000134       -3.9117380268741342E-002
   247.20000000000135      -0.33476869780722585     
   248.00000000000136        5.1477238491657862E-003
   248.80000000000138       0.33526014927642878     
   249.60000000000139        2.8897147090990061E-002
   250.40000000000140      -0.33228013059520345     
   251.20000000000141       -6.2648373880674013E-002
   252.00000000000142       0.32586872025314589     
   252.80000000000143        9.5749729096204605E-002
   253.60000000000144      -0.31611196772578831     
   254.40000000000146      -0.12787560528192760     
   255.20000000000147       0.30310563575070743     
   256.00000000000148       0.15869893079046180     
   256.80000000000149      -0.28697060854966039     
   257.60000000000150      -0.18788440482915375     
   258.40000000000151       0.26788149366022090     
   259.20000000000152       0.21512430331125018     
   260.00000000000153      -0.24604804731081029     
   260.80000000000155      -0.24014884476015030     
   261.60000000000156       0.22168755845901755     
   262.40000000000157       0.26270028325965450     
   263.20000000000158      -0.19503913913093024     
   264.00000000000159      -0.28253157354214004     
   264.80000000000160       0.16638280869921424     
   265.60000000000161       0.29943502862820559     
   266.40000000000163      -0.13602077945479968     
   267.20000000000164      -0.31324662470487202     
   268.00000000000165       0.10425665608124185     
   268.80000000000166       0.32382469158815569     
   269.60000000000167       -7.1407893170248815E-002
   270.40000000000168      -0.33105112686584087     
   271.20000000000169        3.7817566845931294E-002
   272.00000000000171       0.33485298972221861     
   272.80000000000172       -3.8364586094453701E-003
   273.60000000000173      -0.33520195926975832     
   274.40000000000174       -3.0192540591497397E-002
   275.20000000000175       0.33209638263153329     
   276.00000000000176        6.3924130979310601E-002
   276.80000000000177      -0.32556326399621910     
   277.60000000000178       -9.7004277889081614E-002
   278.40000000000180       0.31567355914466594     
   279.20000000000181       0.12908668823181235     
   280.00000000000182      -0.30253819303443014     
   280.80000000000183      -0.15984432330421897     
   281.60000000000184       0.28629290360561765     
   282.40000000000185       0.18896105622688297     
   283.20000000000186      -0.26710028141542702     
   284.00000000000188      -0.21612897179381818     
   284.80000000000189       0.24516000063037735     
   285.60000000000190       0.24106269622049808     
   286.40000000000191      -0.22070278025635831     
   287.20000000000192      -0.26350731274493838     
   288.00000000000193       0.19397772298412358     
   288.80000000000194       0.28323123883968665     
   289.60000000000196      -0.16525408006883779     
   290.40000000000197      -0.30002529614442819     
   291.20000000000198       0.13482753178077350     
   292.00000000000199       0.31371409190861538     
   292.80000000000200      -0.10301303840742254     
   293.60000000000201      -0.32416041312183413     
   294.40000000000202        7.0134251558174265E-002
   295.20000000000203       0.33125843023886731     
   296.00000000000205       -3.6524726151918097E-002
   296.80000000000206      -0.33493303006321440     
   297.60000000000207        2.5310984081171606E-003
   298.40000000000208       0.33514781803862098     
   299.20000000000209        3.1494578707567666E-002
   300.00000000000210      -0.33190627913942911     
   300.80000000000211       -6.5203748537020989E-002
   301.60000000000213       0.32524489847504440     
   302.40000000000214        9.8250770227962192E-002
   303.20000000000215      -0.31523209278409237     
   304.00000000000216      -0.13029200444230474     
   304.80000000000217       0.30197314219748450     
   305.60000000000218       0.16099340280345914     
   306.40000000000219      -0.28560890360838820     
   307.20000000000221      -0.19003782586003476     
   308.00000000000222       0.26630901293667492     
   308.80000000000223       0.21712476487932658     
   309.60000000000224      -0.24427040600680261     
   310.40000000000225      -0.24197063245594641     
   311.20000000000226       0.21971986417637429     
   312.00000000000227       0.26431545924634736     
   312.80000000000229      -0.19291113044333402     
   313.60000000000230      -0.28392826878635236     
   314.40000000000231       0.16411840947049594     
   315.20000000000232       0.30060637110711025     
   316.00000000000233      -0.13363453016014609     
   316.80000000000234      -0.31417563665100423     
   317.60000000000235       0.10177163959466234     
   318.40000000000236       0.32449540560066475     
   319.20000000000238       -6.8857264772021753E-002
   320.00000000000239      -0.33146146417243899     
   320.80000000000240        3.5228127327020964E-002
   321.60000000000241       0.33500423872774238     
   322.40000000000242       -1.2279169928414158E-003
   323.20000000000243      -0.33508818739930085     
   324.00000000000244       -3.2793473420660690E-002
   324.80000000000246       0.33171451071727814     
   325.60000000000247        6.6484544933663126E-002
   326.40000000000248      -0.32492176328313338     
   327.20000000000249       -9.9498015056102923E-002
   328.00000000000250       0.31478288554888423     
   328.80000000000251       0.13149330136748186     
   329.60000000000252      -0.30140360226264473     
   330.40000000000254      -0.16213821551617852     
   331.20000000000255       0.28492322798236769     
   332.00000000000256       0.19111366500923627     
   332.80000000000257      -0.26551349189901408     
   333.60000000000258      -0.21811876558274021     
   334.40000000000259       0.24337481224870786     
   335.20000000000260       0.24287307918628032     
   336.00000000000261      -0.21873399618243106     
   336.80000000000263      -0.26511839373851814     
   337.60000000000264       0.19184365050814350     
   338.40000000000265       0.28462268492290366     
   339.20000000000266      -0.16297980285447961     
   340.00000000000267      -0.30118383765773582     
   340.80000000000268       0.13243774452734253     
   341.60000000000269       0.31463085114574774     
   342.40000000000271      -0.10052921795301872     
   343.20000000000272      -0.32482473697621816     
   344.00000000000273        6.7580752884907225E-002
   344.80000000000274       0.33166090809641252     
   345.60000000000275       -3.3930421784553966E-002
   346.40000000000276      -0.33507093283099426     
   347.20000000000277       -7.6606832554171334E-005
   348.00000000000279       0.33502217750827773     
   348.80000000000280        3.4091298052070673E-002
   349.60000000000281      -0.33151731611738772     
   350.40000000000282       -6.7763225471566324E-002
   351.20000000000283       0.32459490204223296     
   352.00000000000284       0.10074435966850404     
   352.80000000000285      -0.31432920792612135     
   353.60000000000286      -0.13269357057843911     
   354.40000000000288       0.30082844580809576     
   355.20000000000289       0.16327998912971106     
   356.00000000000290      -0.28423307380175233     
   356.80000000000291      -0.19218580814840056     
   357.60000000000292       0.26471492292535070     
   358.40000000000293       0.21911003990934438     
   359.20000000000294      -0.24247564352973186     
   360.00000000000296      -0.24377251905354966     
   360.80000000000297       0.21774397512176849     
   361.60000000000298       0.26591675103593965     
   362.40000000000299      -0.19077324664226664     
   363.20000000000300      -0.28531222224381519     
   364.00000000000301       0.16183949032022132     
   364.80000000000302       0.30175726415179072     
   365.60000000000304      -0.13123892858086517     
   366.40000000000305      -0.31508175353280221     
   367.20000000000306        9.9284602620730189E-002
   368.00000000000307       0.32514864222395512     
   368.80000000000308       -6.6303278195309512E-002
   369.60000000000309      -0.33185494971666374     
   370.40000000000310        3.2632779459790484E-002
   371.20000000000312       0.33513301921045047     
   372.00000000000313        1.3812406242067476E-003
   372.80000000000314      -0.33495139789278494     
   373.60000000000315       -3.5389132642902998E-002
   374.40000000000316       0.33131467345232668     
   375.20000000000317        6.9040770854388533E-002
   376.00000000000318      -0.32426289748353132     
   376.80000000000319      -0.10198874437599009     
   377.60000000000321       0.31387118345534026     
   378.40000000000322       0.13389197793541185     
   379.20000000000323      -0.30024893296423738     
   380.00000000000324      -0.16441968258616796     
   380.80000000000325       0.28353826521714365     
   381.60000000000326       0.19325489607989438     
   382.40000000000327      -0.26391222287435334     
   383.20000000000329      -0.22009766396318040     
   384.00000000000330       0.24157315115097225     
   384.80000000000331       0.24466841700810121     
   385.60000000000332      -0.21675076936356419     
   386.40000000000333      -0.26671135872093682     
   387.20000000000334       0.18969966097792673     
   388.00000000000335       0.28599727598270475     
   388.80000000000337      -0.16069666335589239     
   389.60000000000338      -0.30232587102793396     
   390.40000000000339       0.13003839784483012     
   391.20000000000340       0.31552802896841814     
   392.00000000000341       -9.8038523187557458E-002
   392.80000000000342      -0.32546781976442007     
   393.60000000000343        6.5024549055574754E-002
   394.40000000000344       0.33204381230895419     
   395.20000000000346       -3.1334611405100965E-002
   396.00000000000347      -0.33518985926283257     
   396.80000000000348       -2.6856487723372346E-003
   397.60000000000349       0.33487569189273408     
   398.40000000000350        3.6686439990772313E-002
   399.20000000000351      -0.33110716115266781     
   400.00000000000352       -7.0317476094326148E-002
   400.80000000000354       0.32392585637223970     
   401.60000000000355       0.10323158748590311     
   402.40000000000356      -0.31340830319461405     
   403.20000000000357      -0.13508819748500112     
   404.00000000000358       0.29966501688717967     
   404.80000000000359       0.16555691191883662     
   405.60000000000360      -0.28283927319006408     
   406.40000000000362      -0.19432120955158194     
   407.20000000000363       0.26310542254788039     
   408.00000000000364       0.22108192745393876     
   408.80000000000365      -0.24066693995448044     
   409.60000000000366      -0.24556047585304394     
   410.40000000000367       0.21575440451507374     
   411.20000000000368       0.26750195363161866     
   412.00000000000369      -0.18862327068223189     
   412.80000000000371      -0.28667810359223839     
   413.60000000000372       0.15955130559012776     
   414.40000000000373       0.30288985417861325     
   415.20000000000374      -0.12883585301889161     
   416.00000000000375      -0.31596941985039595     
   416.80000000000376        9.6791049225458781E-002
   417.60000000000377       0.32578210039380429     
   418.40000000000379       -6.3744862174607730E-002
   419.20000000000380      -0.33222772624907476     
   420.00000000000381        3.0035873607320407E-002
   420.80000000000382       0.33524158242280555     
   421.60000000000383        3.9900529686937580E-003
   422.40000000000384      -0.33479484573317131     
   423.20000000000385       -3.7983128018592605E-002
   424.00000000000387       0.33089468153433610     
   424.80000000000388        7.1593112959948746E-002
   425.60000000000389      -0.32358398105860176     
   426.40000000000390      -0.10447294825584225     
   427.20000000000391       0.31294065055723819     
   428.00000000000392       0.13628239073357534     
   428.80000000000393      -0.29907652691960190     
   429.60000000000394      -0.16669157852884497     
   430.40000000000396       0.28213605270876996     
   431.20000000000397       0.19538457854715385     
   432.00000000000398      -0.26229469675877093     
   432.80000000000399      -0.22206289759767905     
   433.60000000000400       0.23975706198999014     
   434.40000000000401       0.24644881262985538     
   435.20000000000402      -0.21475474906204037     
   436.00000000000404      -0.26828844212250247     
   436.80000000000405       0.18754406768416987     
   437.60000000000406       0.28735458441675538     
   438.40000000000407      -0.15840356547452489     
   439.20000000000408      -0.30344928467425658     
   440.00000000000409       0.12763132483902762     
   440.80000000000410       0.31640601192923012     
   441.60000000000412       -9.5542082442468368E-002
   442.40000000000413      -0.32609140277525089     
   443.20000000000414        6.2464233391181678E-002
   444.00000000000415       0.33240661213282369     
   444.80000000000416       -2.8736689460130749E-002
   445.60000000000417      -0.33528826103068593     
   446.40000000000418       -5.2944374478380296E-003
   447.20000000000420       0.33470892389448959     
   448.00000000000421        3.9279268760124997E-002
   448.80000000000422      -0.33067716915020534     
   449.60000000000423       -7.2867652483212031E-002
   450.40000000000424       0.32323722554258461     
   451.20000000000425       0.10571272730207321     
   452.00000000000426      -0.31246829704557938     
   452.80000000000427      -0.13747455340834941     
   453.60000000000429       0.29848351317579741     
   454.40000000000430       0.16782373547834298     
   455.20000000000431      -0.28142855476592532     
   456.00000000000432      -0.19644496978934664     
   456.80000000000433       0.26148002530037429     
   457.60000000000434       0.22304049821822725     
   458.40000000000435      -0.23884358592932087     
   459.20000000000437      -0.24733343295333471     
   460.00000000000438       0.21375184308875411     
   460.80000000000439       0.26907086511466555     
   461.60000000000440      -0.18646201786311289     
   462.40000000000441      -0.28802668764302197     
   463.20000000000442       0.15725344140563513     
   464.00000000000443       0.30400410853574417     
   464.80000000000445      -0.12642487717770007     
   465.60000000000446      -0.31683781984107451     
   466.40000000000447        9.4291655205439695E-002
   467.20000000000448       0.32639576120130009     
   468.00000000000449       -6.1182640525868748E-002
   468.80000000000450      -0.33258044600405701     
   469.60000000000451        2.7437069269624415E-002
   470.40000000000452       0.33532986149580335     
   471.20000000000454        6.5987452043010930E-003
   472.00000000000455      -0.33461794893852415     
   472.80000000000456       -4.0574836889799404E-002
   473.60000000000457       0.33045465527937790     
   474.40000000000458        7.4141108747602824E-002
   475.20000000000459      -0.32288557466389817     
   476.00000000000460      -0.10695090859428957     
   476.80000000000462       0.31199122662611140     
   477.60000000000463       0.13866463757045266     
   478.40000000000464      -0.29788600441933649     
   479.20000000000465      -0.16895336499646146     
   480.00000000000466       0.28071680938492338     
   480.80000000000467       0.19750239349217896     
   481.60000000000468      -0.26066140173115954     
   482.40000000000470      -0.22401471305341583     
   483.20000000000471       0.23792650969343268     
   484.00000000000472       0.24821430001030942     
   484.80000000000473      -0.21274571930930369     
   485.60000000000474      -0.26984921340569973     
   486.40000000000475       0.18537715029936686     
   487.20000000000476       0.28869442350621016     
   488.00000000000477      -0.15610093417055065     
   488.80000000000479      -0.30455431357782137     
   489.60000000000480       0.12521651787944033     
   490.40000000000481       0.31726481922126448     
   491.20000000000482       -9.3039801562736668E-002
   492.00000000000483      -0.32669517568572426     
   492.80000000000484        5.9900110923048255E-002
   493.60000000000485       0.33274924087317892     
   494.40000000000487       -2.6137018570624726E-002
   495.20000000000488      -0.33536637827992383     
   496.00000000000489       -7.9029627402850133E-003
   496.80000000000490       0.33452190898138140     
   497.60000000000491        4.1869799943920871E-002
   498.40000000000492      -0.33022714879725867     
   499.20000000000493       -7.5413457807518292E-002
   500.00000000000495       0.32252904539194771     
   500.80000000000496       0.10818748500139957     
   501.60000000000497      -0.31150944110760792     
   502.40000000000498      -0.13985262840594925     
   503.20000000000499       0.29728399992321486     
   504.00000000000500       0.17008043927148689     
   504.80000000000501      -0.28000083288436350     
   505.60000000000502      -0.19855683127904550     
   506.40000000000504       0.25983884674391033     
   507.20000000000505       0.22498553673598234     
   508.00000000000506      -0.23700584164000146     
   508.80000000000507      -0.24909140168411756     
   509.60000000000508       0.21173638583021784     
   510.40000000000509       0.27062346660616077     
   511.20000000000510      -0.18428948656735439     
   512.00000000000512      -0.28935778123547373     
   512.80000000000507       0.15494606691631635     
   513.60000000000502       0.30509989905608492     
   514.40000000000498      -0.12400626000867243     
   515.20000000000493      -0.31768700368882746     
   516.00000000000489        9.1786535478930897E-002
   516.80000000000484       0.32698963505837131     
   517.60000000000480       -5.8616668691165108E-002
   518.40000000000475      -0.33291299471522640     
   519.20000000000471        2.4836560920854622E-002
   520.00000000000466       0.33539781689791609     
   520.80000000000462        9.2070748859673923E-003
   521.60000000000457      -0.33442080487006287     
   522.40000000000452       -4.3164141528497679E-002
   523.20000000000448       0.32999464809658419     
   524.00000000000443        7.6684676137573238E-002
   524.80000000000439      -0.32216764426618760     
   525.60000000000434      -0.10942243516638434     
   526.40000000000430       0.31102295241246053     
   527.20000000000425       0.14103851172916304     
   528.00000000000421      -0.29667750765652123     
   528.80000000000416      -0.17120494310980541     
   529.60000000000412       0.27928063218110166     
   530.40000000000407       0.19960826344799359     
   531.20000000000402      -0.25901237407950722     
   532.00000000000398      -0.22595295290133002     
   532.80000000000393       0.23608159902114026     
   533.60000000000389       0.24996472787002921     
   534.40000000000384      -0.21072385641955405     
   535.20000000000380      -0.27139361404779117     
   536.00000000000375       0.18319904008237287     
   536.80000000000371       0.29001674775414721     
   537.60000000000366      -0.15378885840149481     
   538.40000000000362      -0.30564085590234663     
   539.20000000000357       0.12279412421035374     
   540.00000000000352       0.31810436959906330     
   540.80000000000348       -9.0531874350501029E-002
   541.60000000000343      -0.32727913548444931     
   542.40000000000339        5.7332331040235496E-002
   543.20000000000334       0.33307170274285264     
   544.00000000000330       -2.3535717328994787E-002
   544.80000000000325      -0.33542417670195140     
   545.60000000000321       -1.0511060180132314E-002
   546.40000000000316       0.33431464045680920     
   547.20000000000312        4.4457843414646148E-002
   548.00000000000307      -0.32975715697587427     
   548.80000000000302       -7.7954745920977397E-002
   549.60000000000298       0.32180137495215644     
   550.40000000000293       0.11065573900428560     
   551.20000000000289      -0.31053176800936927     
   552.00000000000284      -0.14222226825831980     
   552.80000000000280       0.29606653856401738     
   553.60000000000275       0.17232686059193134     
   554.40000000000271      -0.27855621806549080     
   555.20000000000266      -0.20065667493221051     
   556.00000000000261       0.25818199470912906     
   556.80000000000257       0.22691694560424772     
   557.60000000000252      -0.23515379595815158     
   558.40000000000248      -0.25083426442924361     
   559.20000000000243       0.20970814760876744     
   560.00000000000239       0.27215964507101020     
   560.80000000000234      -0.18210582694042349     
   561.60000000000230      -0.29067131367955534     
   562.40000000000225       0.15262932484328962     
   563.20000000000221       0.30617717492516261     
   564.00000000000216      -0.12158012899774817     
   564.80000000000211      -0.31851691018201678     
   565.60000000000207        8.9275838024169496E-002
   566.40000000000202       0.32756367359070715     
   567.20000000000198       -5.6047116947967990E-002
   568.00000000000193      -0.33322536305421480     
   568.80000000000189        2.2234506546926658E-002
   569.60000000000184       0.33544545659448488     
   570.40000000000180        1.1814898559999121E-002
   571.20000000000175      -0.33420341721929592     
   572.00000000000171       -4.5750885281633347E-002
   572.80000000000166       0.32951467993836986     
   573.60000000000161        7.9223648257823964E-002
   574.40000000000157      -0.32143024331718550     
   575.20000000000152      -0.11188737838575064     
   576.00000000000148       0.31003589473864696     
   576.80000000000143       0.14340387958616774     
   577.60000000000139      -0.29545110181857387     
   578.40000000000134      -0.17344617406922341     
   579.20000000000130       0.27782760213042346     
   580.00000000000125       0.20170205008272657     
   580.80000000000121      -0.25734772123872707     
   581.60000000000116      -0.22787750056017389     
   582.40000000000111       0.23422244586401872     
   583.20000000000107       0.25169999773065060     
   584.00000000000102      -0.20868927463052556     
   584.80000000000098      -0.27292154762689891     
   585.60000000000093       0.18100986404020425     
   586.40000000000089       0.29132146939735520     
   587.20000000000084      -0.15146748363270807     
   588.00000000000080      -0.30670884831353423     
   588.80000000000075       0.12036429216033917     
   589.60000000000070       0.31892461892184132     
   590.40000000000066       -8.8018445408224844E-002
   591.20000000000061      -0.32784324490961947     
   592.00000000000057        5.4761046135029690E-002
   592.80000000000052       0.33337397374439987     
   593.60000000000048       -2.0932948132667217E-002
   594.40000000000043      -0.33546165659740940     
   595.20000000000039       -1.3118570663140872E-002
   596.00000000000034       0.33408713671389906     
   596.80000000000030        4.7043247478794348E-002
   597.60000000000025      -0.32926722063974201     
   598.40000000000020       -8.0491363602001459E-002
   599.20000000000016       0.32105425535984800     
   600.00000000000011       0.11311733466451007     
   600.80000000000007      -0.30953534032265678     
   601.60000000000002      -0.14458332796056989     
   602.39999999999998       0.29483120655269879     
   603.19999999999993       0.17456286636986953     
   603.99999999999989      -0.27709479531787606     
   604.79999999999984      -0.20274437271498205     
   605.59999999999980       0.25650956647310752     
   606.39999999999975       0.22883460318898424     
   607.19999999999970      -0.23328756282476404     
   607.99999999999966      -0.25256191474046580     
   608.79999999999961       0.20766725259709168     
   609.59999999999957       0.27367931000275686     
   610.39999999999952      -0.17991116778297583     
   611.19999999999948      -0.29196720486663930     
   611.99999999999943       0.15030335237878079     
   612.79999999999939       0.30723586811976161     
   613.59999999999934      -0.11914663198045827     
   614.39999999999930      -0.31932748983006098     
   615.19999999999925        8.6759715239082047E-002
   615.99999999999920       0.32811784520555021     
   616.79999999999916       -5.3474137937420729E-002
   617.59999999999911      -0.33351753257453604     
   618.39999999999907        1.9631061849058884E-002
   619.19999999999902       0.33547277670039649     
   619.99999999999898        1.4422056788563842E-002
   620.79999999999893      -0.33396580094485506     
   621.59999999999889       -4.8334910562019218E-002
   622.39999999999884       0.32901478288285685     
   623.19999999999879        8.1757872710586516E-002
   623.99999999999875      -0.32067341681819017     
   624.79999999999870      -0.11434558902422876     
   625.59999999999866       0.30903011251097845     
   626.39999999999861       0.14576059541978076     
   627.19999999999857      -0.29420686226269166     
   627.99999999999852      -0.17567692054956574     
   628.79999999999848       0.27635780864898951     
   629.59999999999843       0.20378362689197960     
   630.39999999999839      -0.25566754300882938     
   631.19999999999834      -0.22978823878253191     
   631.99999999999829       0.23234916098102310     
   632.79999999999825       0.25342000231772194     
   633.59999999999820      -0.20664209690163593     
   634.39999999999816      -0.27443292072100378     
   635.19999999999811       0.17880975459285420     
   635.99999999999807       0.29260851025065343     
   636.79999999999802      -0.14913694851886156     
   637.59999999999798      -0.30775822630824246     
   638.39999999999793       0.11792716679728210     
   639.19999999999789       0.31972551688316847     
   639.99999999999784       -8.5499666454912415E-002
   640.79999999999779      -0.32838747046869998     
   641.59999999999775        5.2186411667191179E-002
   642.39999999999770       0.33365603747065931     
   643.19999999999766       -1.8328867307777719E-002
   643.99999999999761      -0.33547881683236025     
   644.79999999999757       -1.5725337192085020E-002
   645.59999999999752       0.33383941192517219     
   646.39999999999748        4.9625854959996940E-002
   647.19999999999743      -0.32875737067189620     
   647.99999999999739       -8.3023156405687248E-002
   648.79999999999734       0.32028773355409745     
   649.59999999999729       0.11557212279017537     
   650.39999999999725      -0.30852021900723942     
   651.19999999999720      -0.14693566398378602     
   651.99999999999716       0.29357807847221029     
   652.79999999999711       0.17678831960264269     
   653.59999999999707      -0.27561665331146978     
   654.39999999999702      -0.20481979677490808     
   655.19999999999698       0.25482166352615687     
   655.99999999999693       0.23073839277181316     
   656.79999999999688      -0.23140725443018959     
   657.59999999999684      -0.25427424732874654     
   658.39999999999679       0.20561382296649006     
   659.19999999999675       0.27518236829604925     
   659.99999999999670      -0.17770564101916630     
   660.79999999999666      -0.29324537583162791     
   661.59999999999661       0.14796828953435404     
   662.39999999999657       0.30827591497652296     
   663.19999999999652      -0.11670591490209470     
   663.99999999999648      -0.32011869408452609     
   664.79999999999643        8.4238318010609714E-002
   665.59999999999638       0.32865211671504319     
   666.39999999999634       -5.0897886717443663E-002
   667.19999999999629      -0.33378948648282408     
   667.99999999999625        1.7026384125324590E-002
   668.79999999999620       0.33547977704135479     
   669.59999999999616        1.7028392190486796E-002
   670.39999999999611      -0.33370797170022592     
   671.19999999999607       -5.0916061105000798E-002
   671.99999999999602       0.32849498805224364     
   672.79999999999598        8.4287195474360532E-002
   673.59999999999593      -0.31989721154270928     
   674.39999999999588      -0.11679691732041222     
   675.19999999999584       0.30800566761159642     
   675.99999999999579       0.14810851575055381     
   676.79999999999575      -0.29294486473235204     
   677.59999999999570      -0.17789704655315711     
   678.39999999999566       0.27487134053231987     
   679.19999999999561       0.20585286653143145     
   679.99999999999557      -0.25397194079765628     
   680.79999999999552      -0.23168505065291992     
   681.59999999999548       0.23046185733815386     
   682.39999999999543       0.25512463673375552     
   683.19999999999538      -0.20458244622757465     
   683.99999999999534      -0.27592764129384884     
   684.79999999999529       0.17659884363892753     
   685.59999999999525       0.29387779193134567     
   686.39999999999520      -0.14679739296969052     
   687.19999999999516      -0.30878892630748112     
   687.99999999999511       0.11548289462295380     
   688.79999999999507       0.32050701553778893     
   689.59999999999502       -8.2975688855063678E-002
   690.39999999999498      -0.32891178002415078     
   691.19999999999493        4.9608582487916997E-002
   691.99999999999488       0.33391787771673487     
   692.79999999999484       -1.5723631948478090E-002
   693.59999999999479      -0.33547565746657293     
   694.39999999999475       -1.8331202098543498E-002
   695.19999999999470       0.33357148240987888     
   695.99999999999466        5.2205509460580501E-002
   696.79999999999461      -0.32822763913046071     
   697.59999999999457       -8.5549970722726992E-002
   698.39999999999452       0.31950185681633125     
   699.19999999999447       0.11801995397890858     
   699.99999999999443      -0.30748646620562703     
   700.79999999999438      -0.14927913284987460     
   701.59999999999434       0.29230723067251119     
   702.39999999999429       0.17900308448243135     
   703.19999999999425      -0.27412188158777517     
   703.99999999999420      -0.20688282037599548     
   704.79999999999416       0.25311838764150230     
   705.59999999999411       0.23262819796004142     
   706.39999999999407      -0.22951298393374137     
   707.19999999999402      -0.25597115755414396     
   707.99999999999397       0.20354798217497583     
   708.79999999999393       0.27666872835824446     
   709.59999999999388      -0.17548937905850226     
   710.39999999999384      -0.29450574893820747     
   711.19999999999379       0.14562427639650061     
   711.99999999999375       0.30929725254540230     
   712.79999999999370      -0.11425812432452448     
   713.59999999999366      -0.32089047542440319     
   714.39999999999361        8.1711797962845001E-002
   715.19999999999357       0.32916645656262244     
   715.99999999999352       -4.8318518382168996E-002
   716.79999999999347      -0.33404120935252757     
   717.59999999999343        1.4420630425197145E-002
   718.39999999999338       0.33546645831540128     
   719.19999999999334        1.9633747224242992E-002
   719.99999999999329      -0.33342994627419931     
   720.79999999999325       -5.3494180497070554E-002
   721.59999999999320       0.32795532809524885     
   722.39999999999316        8.6811462982101684E-002
   723.19999999999311      -0.31910167547583107     
   723.99999999999307      -0.11924121415723976     
   724.79999999999302       0.30696262273353059     
   725.59999999999297       0.15044749743791663     
   726.39999999999293      -0.29166518599038971     
   727.19999999999288      -0.18010641651003026     
   727.99999999999284       0.27336828782091438     
   728.79999999999279       0.20790964257651379     
   729.59999999999275      -0.25226101692881303     
   730.39999999999270      -0.23356782028226811     
   731.19999999999266       0.22856064849221205     
   731.99999999999261       0.25681379686530459     
   732.79999999999256      -0.20251044634810234     
   733.59999999999252      -0.27740561819779924     
   734.39999999999247       0.17437726392750391     
   735.19999999999243       0.29512923731444923     
   735.99999999999238      -0.14444895741669506     
   736.79999999999234      -0.30980088600716421     
   737.59999999999229       0.11303162239528347     
   738.39999999999225       0.32126906799683858     
   739.19999999999220       -8.0446664331418949E-002
   739.99999999999216      -0.32941614257389840     
   740.79999999999211        4.7027713819488892E-002
   741.59999999999206       0.33415947965210158     
   742.39999999999202       -1.3117399205596514E-002
   743.19999999999197      -0.33545217987204817     
   743.99999999999193       -2.0936007880247243E-002
   744.79999999999188       0.33328336558579341     
   745.59999999999184        5.4782054691913995E-002
   746.39999999999179      -0.32767805921056986     
   747.19999999999175       -8.8071653100054104E-002
   747.99999999999170       0.31869667369676746     
   748.79999999999166       0.12046067927479748     
   749.59999999999161      -0.30643414520778683     
   750.39999999999156      -0.15161359170546945     
   751.19999999999152       0.29101874044629850     
   751.99999999999147       0.18120702579416123     
   752.79999999999143      -0.27261057063604888     
   753.59999999999138      -0.20893331744716143     
   754.39999999999134       0.25139984158921441     
   755.19999999999129       0.23450390326495191     
   755.99999999999125      -0.22760486533870866     
   756.79999999999120      -0.25765254180312036     
   757.59999999999116       0.20146985432987236     
   758.39999999999111       0.27813829958400771     
   759.19999999999106      -0.17326251493625794     
   759.99999999999102      -0.29574824759159302     
   760.79999999999097       0.14327145366669025     
   761.59999999999093       0.31029981908404641     
   762.39999999999088      -0.11180340724948151     
   763.19999999999084      -0.32164278758334941     
   763.99999999999079        7.9180306976360859E-002
   764.79999999999075       0.32966083437672061     
   765.59999999999070       -4.5736188232320008E-002
   766.39999999999065      -0.33427268695434559     
   767.19999999999061        1.1813957946419873E-002
   767.99999999999056       0.33543282249997214     
   768.79999999999052        2.2237964382975373E-002
   769.59999999999047      -0.33313174271352214     
   770.39999999999043       -5.6069112533874754E-002
   771.19999999999038       0.32739583681350809     
   771.99999999999034        8.9330521941451579E-002
   772.79999999999029      -0.31828685772674120     
   773.59999999999025      -0.12167833077642148     
   774.39999999999020       0.30590104171026750     
   775.19999999999015       0.15277739787721389     
   775.99999999999011      -0.29036790386573308     
   776.79999999999006      -0.18230489553460788     
   777.59999999999002       0.27184874149714106     
   778.39999999998997       0.20995382934917961     
   779.19999999998993      -0.25053487460833995     
   779.99999999998988      -0.23543643260702926     
   780.79999999998984       0.22664564885037844     
   781.59999999998979       0.25848737956473922     
   782.39999999998975      -0.20042622174783636     
   783.19999999998970      -0.27886676135370159     
   783.99999999998965       0.17214514881366405     
   784.79999999998961       0.29636277036984765     
   785.59999999998956      -0.14209178281617585     
   786.39999999998952      -0.31079404423999790     
   787.19999999998947       0.11057349732828392     
   787.99999999998943       0.32201162858798860     
   788.79999999998938       -7.7912744932816913E-002
   789.59999999998934      -0.32990052836745726     
   790.39999999998929        4.4443961064402793E-002
   791.19999999998925       0.33438082967502614     
   791.99999999998920       -1.0510326309188855E-002
   792.79999999998915      -0.33540838663926276     
   793.59999999998911       -2.3539597050762806E-002
   794.39999999998906       0.33297508010337529     
   795.19999999998902        5.7355334522842194E-002
   795.99999999998897      -0.32710866531545946     
   796.79999999998893       -9.0588050389939584E-002
   797.59999999998888       0.31787223388463903     
   798.39999999998884       0.12289415013288674     
   799.19999999998879      -0.30536332039129521     
