   0.0000000000000000        1.8374648338762112     
  0.80000000000000004        1.8659263791007215     
   1.6000000000000001       0.54000751868685737     
   2.4000000000000004       -1.3408582928776094     
   3.2000000000000002       -2.5201871851113800     
   4.0000000000000000       -1.6829362571397022     
   4.7999999999999998       0.20029926211264026     
   5.5999999999999996        2.0005549901754032     
   6.3999999999999995        2.3855556256602228     
   7.1999999999999993        1.1127322049323825     
   7.9999999999999991      -0.55793816445288558     
   8.7999999999999989       -1.8102077505275003     
   9.5999999999999996       -1.9230773266940042     
   10.400000000000000       -1.0240561221150433     
   11.200000000000001        9.1375604277161848E-002
   12.000000000000002        1.0026156742512500     
   12.800000000000002        1.4831716136189748     
   13.600000000000003        1.3675022640235608     
   14.400000000000004       0.79071833076835318     
   15.200000000000005       -1.3774957047485992E-002
   16.000000000000004      -0.90732340467936323     
   16.800000000000004       -1.5900351636357799     
   17.600000000000005       -1.5538909104184455     
   18.400000000000006      -0.74431480131003114     
   19.200000000000006       0.48278083705308084     
   20.000000000000007        1.6728030324059429     
   20.800000000000008        1.9828420652535552     
   21.600000000000009        1.1040264317172084     
   22.400000000000009      -0.33046219714587011     
   23.200000000000010       -1.7014223245707638     
   24.000000000000011       -2.1068208839472553     
   24.800000000000011       -1.2144645321089373     
   25.600000000000012       0.20447894653393783     
   26.400000000000013        1.5224529193195251     
   27.200000000000014        2.0200004995212821     
   28.000000000000014        1.3463834134892436     
   28.800000000000015       0.13702846753085218     
   29.600000000000016       -1.0629843489141544     
   30.400000000000016       -1.7927089288597431     
   31.200000000000017       -1.5859243010987021     
   32.000000000000014      -0.68327602881951477     
   32.800000000000011       0.43041526159867760     
   33.600000000000009        1.4237378288072409     
   34.400000000000006        1.7869369767244230     
   35.200000000000003        1.2478085430677965     
   36.000000000000000       0.18337452665858311     
   36.799999999999997       -1.0056057413377244     
   37.599999999999994       -1.8322979073468664     
   38.399999999999991       -1.6666140258106212     
   39.199999999999989      -0.66357129295532569     
   39.999999999999986       0.63446734959972306     
   40.799999999999983        1.7384145064551593     
   41.599999999999980        1.9010242008434597     
   42.399999999999977        1.0162359319382068     
   43.199999999999974      -0.29126725604828629     
   43.999999999999972       -1.5160302636859355     
   44.799999999999969       -1.9714046162894943     
   45.599999999999966       -1.3089518493022203     
   46.399999999999963       -9.4467448537183696E-002
   47.199999999999960        1.1514482973743028     
   47.999999999999957        1.8898759504091733     
   48.799999999999955        1.5840689856441177     
   49.599999999999952       0.55156390597306437     
   50.399999999999949      -0.66843818692156232     
   51.199999999999946       -1.6564227456421781     
   51.999999999999943       -1.8037024302031783     
   52.799999999999940       -1.0291419891515567     
   53.599999999999937       0.14752909288808236     
   54.399999999999935        1.3103001434396309     
   55.199999999999932        1.8934451387786317     
   55.999999999999929        1.4413800406045663     
   56.799999999999926       0.33905884913947859     
   57.599999999999923      -0.91486542920417846     
   58.399999999999920       -1.8269495528144819     
   59.199999999999918       -1.7393926946025540     
   59.999999999999915      -0.77145041057316022     
   60.799999999999912       0.50116352502179129     
   61.599999999999909        1.6197592792263209     
   62.399999999999906        1.9053688272605607     
   63.199999999999903        1.1518534872183528     
   63.999999999999901       -7.3876042257566166E-002
   64.799999999999898       -1.2948998707584545     
   65.599999999999895       -1.9250923360979830     
   66.399999999999892       -1.4812740897288279     
   67.199999999999889      -0.37246133564561790     
   67.999999999999886       0.87542563442459342     
   68.799999999999883        1.7899980080576152     
   69.599999999999881        1.7431994937025739     
   70.399999999999878       0.82634311030990748     
   71.199999999999875      -0.40260000739923596     
   71.999999999999872       -1.5174983100902386     
   72.799999999999869       -1.8927242437665432     
   73.599999999999866       -1.2439712800391214     
   74.399999999999864       -7.2874876922796705E-002
   75.199999999999861        1.1527498745920499     
   75.999999999999858        1.8921452939526611     
   76.799999999999855        1.5835493366685580     
   77.599999999999852       0.52768458322530631     
   78.399999999999849      -0.73383692898317232     
   79.199999999999847       -1.7385414910689958     
   79.999999999999844       -1.8190482760742754     
   80.799999999999841      -0.95204998649157258     
   81.599999999999838       0.28901039107659421     
   82.399999999999835        1.4562637281532989     
   83.199999999999832        1.9224125221749082     
   83.999999999999829        1.3275246452371694     
   84.799999999999827       0.16289745399987110     
   85.599999999999824       -1.0779936483654722     
   86.399999999999821       -1.8729812923681561     
   87.199999999999818       -1.6349192004935320     
   87.999999999999815      -0.61494487844078805     
   88.799999999999812       0.63568611074074255     
   89.599999999999810        1.6734907815571294     
   90.399999999999807        1.8446984319019404     
   91.199999999999804        1.0453657813987287     
   91.999999999999801      -0.17007489316121993     
   92.799999999999798       -1.3561256321395558     
   93.599999999999795       -1.9178451822511939     
   94.399999999999793       -1.4183969505171456     
   95.199999999999790      -0.29007653850913240     
   95.999999999999787       0.96018896753430383     
   96.799999999999784        1.8355523369566691     
   97.599999999999781        1.7074583541336892     
   98.399999999999778       0.73485374769630618     
   99.199999999999775      -0.51796433351205007     
   99.999999999999773       -1.6092331155278092     
   100.79999999999977       -1.8833518769533784     
   101.59999999999977       -1.1446695440524297     
   102.39999999999976        6.1278271804068751E-002
   103.19999999999976        1.2726738823495753     
   103.99999999999976        1.9150658847423072     
   104.79999999999976        1.4934518786063777     
   105.59999999999975       0.39377374908780971     
   106.39999999999975      -0.85976865421352211     
   107.19999999999975       -1.7915571983584440     
   107.99999999999974       -1.7576112106099757     
   108.79999999999974      -0.83648817361344729     
   109.59999999999974       0.40526347808312391     
   110.39999999999974        1.5310168293754782     
   111.19999999999973        1.9023669277443698     
   111.99999999999973        1.2385910570740908     
   112.79999999999973        5.6088758579814435E-002
   113.59999999999972       -1.1715116084958856     
   114.39999999999972       -1.8975516377421069     
   115.19999999999972       -1.5711685725741198     
   115.99999999999972      -0.50971761223857115     
   116.79999999999971       0.74694959246317838     
   117.59999999999971        1.7391950060384658     
   118.39999999999971        1.8088144964009798     
   119.19999999999970       0.94267941764561147     
   119.99999999999970      -0.29156776755774350     
   120.79999999999970       -1.4522204487345516     
   121.59999999999970       -1.9172279522733562     
   122.39999999999969       -1.3271571687806027     
   123.19999999999969      -0.16666755894128160     
   123.99999999999969        1.0737955926412790     
   124.79999999999968        1.8725350273977739     
   125.59999999999968        1.6381702081645426     
   126.39999999999968       0.61763223571701498     
   127.19999999999968      -0.63659781469392995     
   127.99999999999967       -1.6779027813415439     
   128.79999999999967       -1.8476499896015481     
   129.59999999999968       -1.0431471048417322     
   130.39999999999969       0.17686454522756190     
   131.19999999999970        1.3641899427731958     
   131.99999999999972        1.9201499446092416     
   132.79999999999973        1.4127593483682064     
   133.59999999999974       0.28093394407433170     
   134.39999999999975      -0.96838954369644559     
   135.19999999999976       -1.8374624162624427     
   135.99999999999977       -1.7019643837895564     
   136.79999999999978      -0.72751717799732507     
   137.59999999999980       0.52326765289806532     
   138.39999999999981        1.6103316180447351     
   139.19999999999982        1.8801833430940529     
   139.99999999999983        1.1409036048487122     
   140.79999999999984       -6.3617710414236806E-002
   141.59999999999985       -1.2734962600536781     
   142.39999999999986       -1.9145088276912761     
   143.19999999999987       -1.4922145530725870     
   143.99999999999989      -0.39219302491182950     
   144.79999999999990       0.86196102213993742     
   145.59999999999991        1.7935196985363655     
   146.39999999999992        1.7573352911499200     
   147.19999999999993       0.83379918684432441     
   147.99999999999994      -0.40962586150463198     
   148.79999999999995       -1.5352117040389164     
   149.59999999999997       -1.9026928928576847     
   150.39999999999998       -1.2347431692790143     
   151.19999999999999       -5.0344490633599470E-002
   152.00000000000000        1.1768473796530157     
   152.80000000000001        1.8987332855201307     
   153.60000000000002        1.5673408730901759     
   154.40000000000003       0.50405461617705649     
   155.20000000000005      -0.75203107236044131     
   156.00000000000006       -1.7411209368073974     
   156.80000000000007       -1.8062222730393429     
   157.60000000000008      -0.93825569593020919     
   158.40000000000009       0.29565449517842290     
   159.20000000000010        1.4546241670297486     
   160.00000000000011        1.9164233087409634     
   160.80000000000013        1.3241910854987706     
   161.60000000000014       0.16322442759028277     
   162.40000000000015       -1.0768748894243072     
   163.20000000000016       -1.8735637774731519     
   164.00000000000017       -1.6362645401304212     
   164.80000000000018      -0.61412932535336462     
   165.60000000000019       0.64059689984293766     
   166.40000000000020        1.6806106423061793     
   167.20000000000022        1.8467006204572480     
   168.00000000000023        1.0394554064838117     
   168.80000000000024      -0.18152696055618867     
   169.60000000000025       -1.3681015940872023     
   170.40000000000026       -1.9203982679570033     
   171.20000000000027       -1.4093074124097875     
   172.00000000000028      -0.27611236368954439     
   172.80000000000030       0.97285080700602844     
   173.60000000000031        1.8389828553226715     
   174.40000000000032        1.6993414270831670     
   175.20000000000033       0.72306967903197339     
   176.00000000000034      -0.52767999308378066     
   176.80000000000035       -1.6128738606924973     
   177.60000000000036       -1.8789144201279075     
   178.40000000000038       -1.1372467933951020     
   179.20000000000039        6.7742401104386119E-002
   180.00000000000040        1.2767967776863085     
   180.80000000000041        1.9148268293603441     
   181.60000000000042        1.4894366889721979     
   182.40000000000043       0.38819204902079885     
   183.20000000000044      -0.86592034530138440     
   184.00000000000045       -1.7953872098653236     
   184.80000000000047       -1.7555039122927973     
   185.60000000000048      -0.82988139634752667     
   186.40000000000049       0.41400454081998794     
   187.20000000000050        1.5383248419605151     
   188.00000000000051        1.9020869233506550     
   188.80000000000052        1.2311803483062758     
   189.60000000000053        4.5848976188687995E-002
   190.40000000000055       -1.1807705271213491     
   191.20000000000056       -1.8995426903695651     
   192.00000000000057       -1.5644615686191350     
   192.80000000000058      -0.49966139642781915     
   193.60000000000059       0.75634835320368632     
   194.40000000000060        1.7432481998913576     
   195.20000000000061        1.8044135366046916     
   196.00000000000063       0.93427167620870177     
   196.80000000000064      -0.29998618785944986     
   197.60000000000065       -1.4577378320163223     
   198.40000000000066       -1.9160322407856878     
   199.20000000000067       -1.3208875585123272     
   200.00000000000068      -0.15899276943475504     
   200.80000000000069        1.0806990834863595     
   201.60000000000070        1.8746947243181991     
   202.40000000000072        1.6337933751250500     
   203.20000000000073       0.60999880314528809     
   204.00000000000074      -0.64487042772565206     
   204.80000000000075       -1.6830935682590693     
   205.60000000000076       -1.8453423874187533     
   206.40000000000077       -1.0356470757020684     
   207.20000000000078       0.18592668781280564     
   208.00000000000080        1.3715580030754999     
   208.80000000000081        1.9204403354071591     
   209.60000000000082        1.4061054597796467     
   210.40000000000083       0.27175058474059166     
   211.20000000000084      -0.97693178421707372     
   212.00000000000085       -1.8404747327598456     
   212.80000000000086       -1.6970146700244022     
   213.60000000000088      -0.71890397645584514     
   214.40000000000089       0.53202550622179534     
   215.20000000000090        1.6155763154518583     
   216.00000000000091        1.8778242959936384     
   216.80000000000092        1.1335742354889153     
   217.60000000000093       -7.2071975399691235E-002
   218.40000000000094       -1.2803535534193269     
   219.20000000000095       -1.9152116597656730     
   220.00000000000097       -1.4864799007960985     
   220.80000000000098      -0.38393745279617342     
   221.60000000000099       0.87004986338162271     
   222.40000000000100        1.7972212190016776     
   223.20000000000101        1.7535006379282887     
   224.00000000000102       0.82584360132735313     
   224.80000000000103      -0.41836999656125684     
   225.60000000000105       -1.5413091181997660     
   226.40000000000106       -1.9013769498468016     
   227.20000000000107       -1.2276527980668832     
   228.00000000000108       -4.1490462133757511E-002
   228.80000000000109        1.1845416215784628     
   229.60000000000110        1.9003076617744090     
   230.40000000000111        1.5616780873840501     
   231.20000000000113       0.49539681418871107     
   232.00000000000114      -0.76059071126040623     
   232.80000000000115       -1.7453924271738512     
   233.60000000000116       -1.8026748513503312     
   234.40000000000117      -0.93032270482972279     
   235.20000000000118       0.30435067125114335     
   236.00000000000119        1.4609213619498651     
   236.80000000000121        1.9156684403125195     
   237.60000000000122        1.3175378013434949     
   238.40000000000123       0.15467599269104459     
   239.20000000000124       -1.0845944258725486     
   240.00000000000125       -1.8758201839646702     
   240.80000000000126       -1.6312539455315460     
   241.60000000000127      -0.60580336508085253     
   242.40000000000128       0.64916639313059132     
   243.20000000000130        1.6855401958412524     
   244.00000000000131        1.8439316155750640     
   244.80000000000132        1.0318258385817085     
   245.60000000000133      -0.19029592371393655     
   246.40000000000134       -1.3749594069567304     
   247.20000000000135       -1.9204502346779897     
   248.00000000000136       -1.4029254467860768     
   248.80000000000138      -0.26743642354354180     
   249.60000000000139       0.98097058095017564     
   250.40000000000140        1.8419538391919639     
   251.20000000000141        1.6947101295697400     
   252.00000000000142       0.71476330280597500     
   252.80000000000143      -0.53636544803372166     
   253.60000000000144       -1.6182880544066061     
   254.40000000000146       -1.8767401951745839     
   255.20000000000147       -1.1298930241245224     
   256.00000000000148        7.6424717231152739E-002
   256.80000000000149        1.2839310559272890     
   257.60000000000150        1.9155895836437931     
   258.40000000000151        1.4834968091213392     
   259.20000000000152       0.37965570194564080     
   260.00000000000153      -0.87419260022364598     
   260.80000000000155       -1.7990393686471640     
   261.60000000000156       -1.7514699929517987     
   262.40000000000157      -0.82179119162544878     
   263.20000000000158       0.42273233621003836     
   264.00000000000159        1.5442713318557622     
   264.80000000000160        1.9006445266147383     
   265.60000000000161        1.2241243515494618     
   266.40000000000163        3.7146240300345523E-002
   267.20000000000164       -1.1882916327892687     
   268.00000000000165       -1.9010560433129662     
   268.80000000000166       -1.5588974970426994     
   269.60000000000167      -0.49114393092423447     
   270.40000000000168       0.76482339228762064     
   271.20000000000169        1.7475284136137175     
   272.00000000000171        1.8009328716773050     
   272.80000000000172       0.92637282720674696     
   273.60000000000173      -0.30871914727308314     
   274.40000000000174       -1.4641050501951209     
   275.20000000000175       -1.9152946348420663     
   276.00000000000176       -1.3141769029868375     
   276.80000000000177      -0.15034966857927778     
   277.60000000000178        1.0884921155763865     
   278.40000000000180        1.8769323837644982     
   279.20000000000181        1.6286993191071040     
   280.00000000000182       0.60159955021826783     
   280.80000000000183      -0.65346247630177912     
   281.60000000000184       -1.6879730594312354     
   282.40000000000185       -1.8425044117160749     
   283.20000000000186       -1.0279990814696625     
   284.00000000000188       0.19466196631470334     
   284.80000000000189        1.3783483921004254     
   285.60000000000190        1.9204443001944589     
   286.40000000000191        1.3997415663788151     
   287.20000000000192       0.26312651003009302     
   288.00000000000193      -0.98500100771019961     
   288.80000000000194       -1.8434198959074903     
   289.60000000000196       -1.6923990952049075     
   290.40000000000197      -0.71062251944769550     
   291.20000000000198       0.54070394466547433     
   292.00000000000199        1.6209919797617540     
   292.80000000000200        1.8756449153682424     
   293.60000000000201        1.1262056970251002     
   294.40000000000202       -8.0780374689902512E-002
   295.20000000000203       -1.2875046346606775     
   296.00000000000205       -1.9159539561180443     
   296.80000000000206       -1.4805041364969291     
   297.60000000000207      -0.37537022222286032     
   298.40000000000208       0.87833318439814789     
   299.20000000000209        1.8008444640377375     
   300.00000000000210        1.7494269426166904     
   300.80000000000211       0.81773415855538600     
   301.60000000000213      -0.42709375289776796     
   302.40000000000214       -1.5472231317663265     
   303.20000000000215       -1.8998976560396834     
   304.00000000000216       -1.2205903970380156     
   304.80000000000217       -3.2803053440513708E-002
   305.60000000000218        1.1920340108123066     
   306.40000000000219        1.9017901426899337     
   307.20000000000221        1.5561098761259633     
   308.00000000000222       0.48689087918633378     
   308.80000000000223      -0.76905251569701027     
   309.60000000000224       -1.7496530055396398     
   310.40000000000225       -1.7991801520456543     
   311.20000000000226      -0.92241890898544010     
   312.00000000000227       0.31308804263313894     
   312.80000000000229        1.4672814216674350     
   313.60000000000230        1.9149072593086123     
   314.40000000000231        1.3108089175155324     
   315.20000000000232       0.14602179359212331     
   316.00000000000233       -1.0923851627880652     
   316.80000000000234       -1.8780308193545854     
   317.60000000000235       -1.6261351047708028     
   318.40000000000236      -0.59739302299930830     
   319.20000000000238       0.65775669849520169     
   320.00000000000239        1.6903947075473504     
   320.80000000000240        1.8410644299205603     
   321.60000000000241        1.0241672826949575     
   322.40000000000242      -0.19902789701232937     
   323.20000000000243       -1.3817294043842714     
   324.00000000000244       -1.9204240588772765     
   324.80000000000246       -1.3965509916779062     
   325.60000000000247      -0.25881634219138605     
   326.40000000000248       0.98902639964761674     
   327.20000000000249        1.8448726859247921     
   328.00000000000250        1.6900786203015254     
   328.80000000000251       0.70647920108239404     
   329.60000000000252      -0.54504119868307399     
   330.40000000000254       -1.6236861790260426     
   331.20000000000255       -1.8745367737622323     
   332.00000000000256       -1.1225126922445274     
   332.80000000000257        8.5136739746119572E-002
   333.60000000000258        1.2910717189565639     
   334.40000000000259        1.9163041842286952     
   335.20000000000260        1.4775036974882316     
   336.00000000000261       0.37108342444803566     
   336.80000000000263      -0.88247009165856993     
   337.60000000000264       -1.8026368569016453     
   338.40000000000265       -1.7473730492150661     
   339.20000000000266      -0.81367346846385424     
   340.00000000000267       0.43145455508119568     
   340.80000000000268        1.5501657372285012     
   341.60000000000269        1.8991371325023727     
   342.40000000000271        1.2170503990324830     
   343.20000000000272        2.8459495601276252E-002
   344.00000000000273       -1.1957701037754018     
   344.80000000000274       -1.9025101386570222     
   345.60000000000275       -1.5533142020518813     
   346.40000000000276      -0.48263647985974423     
   347.20000000000277       0.77327862432699934     
   348.00000000000279        1.7517658040071113     
   348.80000000000280        1.7974159691071732     
   349.60000000000281       0.91846070399249358     
   350.40000000000282      -0.31745692560986527     
   351.20000000000283       -1.4704496629339294     
   352.00000000000284       -1.9145059837553702     
   352.80000000000285       -1.3074343119779475     
   353.60000000000286      -0.14169320597637669     
   354.40000000000288        1.0962728406331619     
   355.20000000000289        1.8791154540397952     
   356.00000000000290        1.6235619125546115     
   356.80000000000291       0.59318436769943328     
   357.60000000000292      -0.66204885965641780     
   358.40000000000293       -1.6928053911526617     
   359.20000000000294       -1.8396120603995503     
   360.00000000000296       -1.0203304858328650     
   360.80000000000297       0.20339404673212358     
   361.60000000000298        1.3851028807989763     
   362.40000000000299        1.9203896565885130     
   363.20000000000300        1.3933534339861042     
   364.00000000000301       0.25450546385839679     
   364.80000000000302      -0.99304705910643576     
   365.60000000000304       -1.8463121525069086     
   366.40000000000305       -1.6877484324701690     
   367.20000000000306      -0.70233313819788035     
   368.00000000000307       0.54937718733722107     
   368.80000000000308        1.6263704143177415     
   369.60000000000309        1.8734156255905858     
   370.40000000000310        1.1188140873548615     
   371.20000000000312       -8.9493572312036473E-002
   372.00000000000313       -1.2946320232324942     
   372.80000000000314       -1.9166402149387389     
   373.60000000000315       -1.4744957030785171     
   374.40000000000316      -0.36679556533213042     
   375.20000000000317       0.88660314482202263     
   376.00000000000318        1.8044165656951936     
   376.80000000000319        1.7453085020235586     
   377.60000000000321       0.80960923837588294     
   378.40000000000322      -0.43581476298175070     
   379.20000000000323       -1.5530992470359770     
   380.00000000000324       -1.8983630483651162     
   380.80000000000325       -1.2135043121700912     
   381.60000000000326       -2.4115422018298638E-002
   382.40000000000327        1.1995000251941006     
   383.20000000000329        1.9032160380757390     
   384.00000000000330        1.5505103915677207     
   384.80000000000331       0.47838063245153917     
   385.60000000000332      -0.77750173784257059     
   386.40000000000333       -1.7538667345144505     
   387.20000000000334       -1.7956402796037649     
   388.00000000000335      -0.91449821678627630     
   388.80000000000337       0.32182573345637810     
   389.60000000000338        1.4736096626134134     
   390.40000000000339        1.9140907870408763     
   391.20000000000340        1.3040531523139867     
   392.00000000000341       0.13736399569611035     
   392.80000000000342       -1.1001550520720822     
   393.60000000000343       -1.8801862737552792     
   394.40000000000344       -1.6209798323006854     
   395.20000000000346      -0.58897366434436771     
   396.00000000000347       0.66633891284657443     
   396.80000000000348        1.6952051054671240     
   397.60000000000349        1.8381473676164104     
   398.40000000000350        1.0164887150051105     
   399.20000000000351      -0.20776044265215066     
   400.00000000000352       -1.3884688420745497     
   400.80000000000354       -1.9203411114974493     
   401.60000000000355       -1.3901488789052376     
   402.40000000000356      -0.25019383534957762     
   403.20000000000357       0.99706298857802023     
   404.00000000000358        1.8477382692967161     
   404.80000000000359        1.6854085339726070     
   405.60000000000360       0.69818433624343557     
   406.40000000000362      -0.55371188071380517     
   407.20000000000363       -1.6290446284229203     
   408.00000000000364       -1.8722814777156476     
   408.80000000000365       -1.1151099103285356     
   409.60000000000366        9.3850842777674970E-002
   410.40000000000367        1.2981854959663945     
   411.20000000000368        1.9169620429523917     
   412.00000000000369        1.4714801943883795     
   412.80000000000371       0.36250668253343155     
   413.60000000000372      -0.89073229712587687     
   414.40000000000373       -1.8061835678415870     
   415.20000000000374       -1.7432333509198608     
   416.00000000000375      -0.80554150584947626     
   416.80000000000376       0.44017435879094424     
   417.60000000000377        1.5560236414519188     
   418.40000000000379        1.8975754282143509     
   419.20000000000380        1.2099521474659687     
   420.00000000000381        1.9770820243198983E-002
   420.80000000000382       -1.2032237637348782     
   421.60000000000383       -1.9039078347517033     
   422.40000000000384       -1.5476984591607912     
   423.20000000000385      -0.47412334433923431     
   424.00000000000387       0.78172182711495353     
   424.80000000000388        1.7559557594233439     
   425.60000000000389        1.7938531086404892     
   426.40000000000390       0.91053147339919305     
   427.20000000000391      -0.32619444491247684     
   428.00000000000392       -1.4767613822467234     
   428.80000000000393       -1.9136616775049142     
   429.60000000000394       -1.3006654607000989     
   430.40000000000396      -0.13303417531560746     
   431.20000000000397        1.1040317630322258     
   432.00000000000398        1.8812432646679886     
   432.80000000000399        1.6183889001788858     
   433.60000000000400       0.58476094307009907     
   434.40000000000401      -0.67062682397756324     
   435.20000000000402       -1.6975938179599639     
   436.00000000000404       -1.8366703838945051     
   436.80000000000405       -1.0126419947320993     
   437.60000000000406       0.21212707895549787     
   438.40000000000407        1.3918272661028459     
   439.20000000000408        1.9202784302487061     
   440.00000000000409        1.3869373411057664     
   440.80000000000410       0.24588145930141625     
   441.60000000000412       -1.0010741611821254     
   442.40000000000413       -1.8491510145001842     
   443.20000000000414       -1.6830589549492874     
   444.00000000000415      -0.69403282133678790     
   444.80000000000416       0.55804524944470391     
   445.60000000000417        1.6317087832453276     
   446.40000000000418        1.8711343520326171     
   447.20000000000420        1.1114001830711555     
   448.00000000000421       -9.8208543589824338E-002
   448.80000000000422       -1.3017321093648191     
   449.60000000000423       -1.9172696673265350     
   450.40000000000424       -1.4684571946656364     
   451.20000000000425      -0.35821679142690632     
   452.00000000000426       0.89485751443482942     
   452.80000000000427        1.8079378361671710     
   453.60000000000429        1.7411476317526746     
   454.40000000000430       0.80147030106024930     
   455.20000000000431      -0.44453331986853728     
   456.00000000000432       -1.5589388882768205     
   456.80000000000433       -1.8967742903206670     
   457.60000000000434       -1.2063939222830564     
   458.40000000000435       -1.5425691560113863E-002
   459.20000000000437        1.2069412955708612     
   460.00000000000438        1.9045855217857346     
   460.80000000000439        1.5448784292344369     
   461.60000000000440       0.46986463342641049     
   462.40000000000441      -0.78593885849972223     
   463.20000000000442       -1.7580328452917051     
   464.00000000000443       -1.7920544882306877     
   464.80000000000445      -0.90656050174047575     
   465.60000000000446       0.33056304304552209     
   466.40000000000447        1.4799047907563097     
   467.20000000000448        1.9132186664694040     
   468.00000000000449        1.2972712546306764     
   468.80000000000450       0.12870374940260976     
   469.60000000000451       -1.1079029457723362     
   470.40000000000452       -1.8822864130003376     
   471.20000000000454       -1.6157891467506464     
   472.00000000000455      -0.58054622895966301     
   472.80000000000456       0.67491255993419097     
   473.60000000000457        1.6999714931896450     
   474.40000000000458        1.8351811385533543     
   475.20000000000459        1.0087903499044972     
   476.00000000000460      -0.21649394612544359     
   476.80000000000462       -1.3951781263272653     
   477.60000000000463       -1.9202016186439339     
   478.40000000000464       -1.3837188382285079     
   479.20000000000465      -0.24156834246724279     
   480.00000000000466        1.0050805472738162     
   480.80000000000467        1.8505503671365524     
   481.60000000000468        1.6806997282760709     
   482.40000000000470       0.68987862149465629     
   483.20000000000471      -0.56237726417762668     
   484.00000000000472       -1.6343628426462655     
   484.80000000000473       -1.8699742720959120     
   485.60000000000474       -1.1076849268952784     
   486.40000000000475       0.10256666936560066     
   487.20000000000476        1.3052718379902286     
   488.00000000000477        1.9175630877040941     
   488.80000000000479        1.4654267251800508     
   489.60000000000480       0.35392590495062137     
   490.40000000000481      -0.89897876389988540     
   491.20000000000482       -1.8096793431873621     
   492.00000000000483       -1.7390513789750877     
   492.80000000000484      -0.79739565350648256     
   493.60000000000485       0.44889162279415240     
   494.40000000000487        1.5618449539234358     
   495.20000000000488        1.8959596525582141     
   496.00000000000489        1.2028296547506678     
   496.80000000000490        1.1080038686443583E-002
   497.60000000000491       -1.2106525956647887     
   498.40000000000492       -1.9052490924718528     
   499.20000000000493       -1.5420503270466184     
   500.00000000000495      -0.46560451844842632     
   500.80000000000496       0.79015279794638360     
   501.60000000000497        1.7600979592722430     
   502.40000000000498        1.7902444511645956     
   503.20000000000499       0.90258532995458451     
   504.00000000000500      -0.33493151115310082     
   504.80000000000501       -1.4830398576956738     
   505.60000000000502       -1.9127617657410489     
   506.40000000000504       -1.2938705511116360     
   507.20000000000505      -0.12437272163816004     
   508.00000000000506        1.1117685732614118     
   508.80000000000507        1.8833157052035987     
   509.60000000000508        1.6131806018716046     
   510.40000000000509       0.57632954643885026     
   511.20000000000510      -0.67919608759573369     
   512.00000000000512       -1.7023380954617984     
   512.80000000000507       -1.8336796607788191     
   513.60000000000502       -1.0049338055937578     
   514.40000000000498       0.22086103405736401     
   515.20000000000493        1.3985213956494325     
   516.00000000000489        1.9201106826149579     
   516.80000000000484        1.3804933881497048     
   517.60000000000480       0.23725449185378267     
   518.40000000000475       -1.0090821170445365     
   519.20000000000471       -1.8519363065580459     
   520.00000000000466       -1.6783308870219082     
   520.80000000000462      -0.68572176482725622     
   521.60000000000457       0.56670789540521627     
   522.40000000000452        1.6370067706502016     
   523.20000000000448        1.8688012618173602     
   524.00000000000443        1.1039641631692860     
   524.80000000000439      -0.10692521481676676     
   525.60000000000434       -1.3088046566037597     
   526.40000000000430       -1.9178423039924659     
   527.20000000000425       -1.4623888068687776     
   528.00000000000421      -0.34963403559505646     
   528.80000000000416       0.90309601287214725     
   529.60000000000412        1.8114080615921260     
   530.40000000000407        1.7369446269057991     
   531.20000000000402       0.79331759262762691     
   532.00000000000398      -0.45324924383592446     
   532.80000000000393       -1.5647418045593149     
   533.60000000000389       -1.8951315329715750     
   534.40000000000384       -1.1992593631608526     
   535.20000000000380       -6.7338645169436884E-003
   536.00000000000375        1.2143576388891402     
   536.80000000000371        1.9058985403538640     
   537.60000000000366        1.5392141777860648     
   538.40000000000362       0.46134301801550248     
   539.20000000000357      -0.79436361137694811     
   540.00000000000352       -1.7621510687251156     
   540.80000000000348       -1.7884230304002973     
   541.60000000000343      -0.89860598628830124     
   542.40000000000339       0.33929983231716421     
   543.20000000000334        1.4861665525582870     
   544.00000000000330        1.9122909873779992     
   544.80000000000325        1.2904633671086350     
   545.60000000000321       0.12004109554516118     
   546.40000000000316       -1.1156286186198168     
   547.20000000000312       -1.8843311279914363     
   548.00000000000307       -1.6105632951881119     
   548.80000000000302      -0.57211091970624395     
   549.60000000000298       0.68347737375714934     
   550.40000000000293        1.7046935891099446     
   551.20000000000289        1.8321659799035304     
   552.00000000000284        1.0010723870191023     
   552.80000000000280      -0.22522833237833151     
   553.60000000000275       -1.4018570468188674     
   554.40000000000271       -1.9200056283121092     
   555.20000000000266       -1.3772610087034272     
   556.00000000000261      -0.23293991433891748     
   556.80000000000257        1.0130788407733777     
   557.60000000000252        1.8533088123935522     
   558.40000000000248        1.6759524641930041     
   559.20000000000243       0.68156227936362168     
   560.00000000000239      -0.57103711344023134     
   560.80000000000234       -1.6396405312636553     
   561.60000000000230       -1.8676153453403677     
   562.40000000000225       -1.1002379133912905     
   563.20000000000221       0.11128417453470751     
   564.00000000000216        1.3123305399496861     
   564.80000000000211        1.9181073163374036     
   565.60000000000207        1.4593434605047340     
   566.40000000000202       0.34534119559837317     
   567.20000000000198      -0.90720922880523891     
   568.00000000000193       -1.8131239643033301     
   568.80000000000189       -1.7348274098491863     
   569.60000000000184      -0.78923614785346941     
   570.40000000000180       0.45760615900942236     
   571.20000000000175        1.5676294062289653     
   572.00000000000171        1.8942899498291079     
   572.80000000000166        1.1956830659019291     
   573.60000000000161        2.3871719940558034E-003
   574.40000000000157       -1.2180564001404561     
   575.20000000000152       -1.9065338592292616     
   576.00000000000148       -1.5363700064750403     
   576.80000000000143      -0.45708015051071316     
   577.60000000000139       0.79857126473181106     
   578.40000000000134        1.7641921411848278     
   579.20000000000130        1.7865902589978888     
   580.00000000000125       0.89462249906977498     
   580.80000000000121      -0.34366798936634246     
   581.60000000000116       -1.4892848447155749     
   582.40000000000111       -1.9118063436679991     
   583.20000000000107       -1.2870497195887454     
   584.00000000000102      -0.11570887455430534     
   584.80000000000098        1.1194830550735830     
   585.60000000000093        1.8853326683479059     
   586.40000000000089        1.6079372561788925     
   587.20000000000084       0.56789037276064969     
   588.00000000000080      -0.68775638513954807     
   588.80000000000075       -1.7070379385361374     
   589.60000000000070       -1.8306401254280797     
   590.40000000000066      -0.99720611952989457     
   591.20000000000061       0.22959583049173971     
   592.00000000000057        1.4051850524802916     
   592.80000000000052        1.9198864621109526     
   593.60000000000048        1.3740217176458966     
   594.40000000000043       0.22862461662450140     
   595.20000000000039       -1.0170706888602974     
   596.00000000000034       -1.8546678645436683     
   596.80000000000030       -1.6735644926978661     
   597.60000000000025      -0.67740019302349541     
   598.40000000000020       0.57536488842113953     
   599.20000000000016        1.6422640884615385     
   600.00000000000011        1.8664165470236114     
   600.80000000000007        1.0965061991935772     
   601.60000000000002      -0.11564354296824453     
   602.39999999999998       -1.3158494627324759     
   603.19999999999993       -1.9183581251191981     
   603.99999999999989       -1.4562907067136537     
   604.79999999999984      -0.34104739696575725     
   605.59999999999980       0.91131837924785963     
   606.39999999999975        1.8148270244819964     
   607.19999999999970        1.7326997621032831     
   607.99999999999966       0.78515134860544744     
   608.79999999999961      -0.46196234408444525     
   609.59999999999957       -1.5705077248664474     
   610.39999999999952       -1.8934349216273931     
   611.19999999999948       -1.1921007814549367     
   611.99999999999943        1.9600358985674138E-003
   612.79999999999939        1.2217488543445836     
   613.59999999999934        1.9071550431467315     
   614.39999999999930        1.5335178379616816     
   615.19999999999925       0.45281593408397702     
   615.99999999999920      -0.80277572397080954     
   616.79999999999916       -1.7662211443551610     
   617.59999999999911       -1.7847461701114640     
   618.39999999999907      -0.89063489671074214     
   619.19999999999902       0.34803596486269950     
   619.99999999999898        1.4923947034027778     
   620.79999999999893        1.9113078471261815     
   621.59999999999889        1.2836296255351121     
   622.39999999999884       0.11137606202530748     
   623.19999999999879       -1.1233318559375414     
   623.99999999999875       -1.8863203135241227     
   624.79999999999870       -1.6053025141644683     
   625.59999999999866      -0.56366792941373878     
   626.39999999999861       0.69203308838129884     
   627.19999999999857        1.7093711082101883     
   627.99999999999852        1.8291021270249694     
   628.79999999999848       0.99333502861538925     
   629.59999999999843      -0.23396351756484157     
   630.39999999999839       -1.4085053851653184     
   631.19999999999834       -1.9197531906134657     
   631.99999999999829       -1.3707755326657522     
   632.79999999999825      -0.22430860524813601     
   633.59999999999820        1.0210576318181241     
   634.39999999999816        1.8560134431783692     
   635.19999999999811        1.6711670053488612     
   635.99999999999807       0.67323553362201627     
   636.79999999999802      -0.57969119030655303     
   637.59999999999798       -1.6448774061852189     
   638.39999999999793       -1.8652048914424193     
   639.19999999999789       -1.0927690423510230     
   639.99999999999784       0.12000331441151668     
   640.79999999999779        1.3193613996078746     
   641.59999999999775        1.9185947309525004     
   642.39999999999770        1.4532305659819276     
   643.19999999999766       0.33675265147746880     
   643.99999999999761      -0.91542343184051589     
   644.79999999999757       -1.8165172155292333     
   645.59999999999752       -1.7305617179594892     
   646.39999999999748      -0.78106322429736630     
   647.19999999999743       0.46631777458346835     
   647.99999999999739        1.5733767262963794     
   648.79999999999734        1.8925664670926723     
   649.59999999999729        1.1885125283984523     
   650.39999999999725       -6.3077561299995644E-003
   651.19999999999720       -1.2254349764532957     
   651.99999999999716       -1.9077620864059810     
   652.79999999999711       -1.5306576969212868     
   653.59999999999707      -0.44855038665196356     
   654.39999999999702       0.80697695507652845     
   655.19999999999698        1.7682380461129035     
   655.99999999999693        1.7828907969860384     
   656.79999999999688       0.88664320770356098     
   657.59999999999684      -0.35240374110210604     
   658.39999999999679       -1.4954960977199985     
   659.19999999999675       -1.9107955104957504     
   659.99999999999670       -1.2802031019496325     
   660.79999999999666      -0.10704266124939865     
   661.59999999999661        1.1271749946158154     
   662.39999999999657        1.8872940510392238     
   663.19999999999652        1.6026590983047020     
   663.99999999999648       0.55944361328463943     
   664.79999999999643      -0.69630745004597161     
   665.59999999999638       -1.7116930626767948     
   666.39999999999634       -1.8275520145355262     
   667.19999999999629      -0.98945913989965706     
   667.99999999999625       0.23833138253165509     
   668.79999999999620        1.4118180172948169     
   669.59999999999616        1.9196058206478988     
   670.39999999999611        1.3675224713833103     
   671.19999999999607       0.21999188658124247     
   671.99999999999602       -1.0250396402765360     
   672.79999999999598       -1.8573455287381437     
   673.59999999999593       -1.6687600348562894     
   674.39999999999588      -0.66906832886221657     
   675.19999999999584       0.58401598888186035     
   675.99999999999579        1.6474804483474639     
   676.79999999999575        1.8639804033862259     
   677.59999999999570        1.0890264647793160     
   678.39999999999566      -0.12436348300270250     
   679.19999999999561       -1.3228663251817963     
   679.99999999999557       -1.9188171346857961     
   680.79999999999552       -1.4501630586570982     
   681.59999999999548      -0.33245697068809021     
   682.39999999999543       0.91952435431939183     
   683.19999999999538        1.8181945110890827     
   683.99999999999534        1.7284133116978835     
   684.79999999999529       0.77697180432961910     
   685.59999999999525      -0.47067242578558977     
   686.39999999999520       -1.5762363762374507     
   687.19999999999516       -1.8916846051803602     
   687.99999999999511       -1.1849183254093507     
   688.79999999999507        1.0655985619562713E-002
   689.59999999999502        1.2291147414428267     
   690.39999999999498        1.9083549835569595     
   691.19999999999493        1.5277896078555999     
   691.99999999999488       0.44428352589608289     
   692.79999999999484      -0.81117492405857705     
   693.59999999999479       -1.7702428145111579     
   694.39999999999475       -1.7810241729533052     
   695.19999999999470      -0.88264746061753985     
   695.99999999999466       0.35677130011451674     
   696.79999999999461        1.4985889966322887     
   697.59999999999457        1.9102693467477925     
   698.39999999999452        1.2767701658558850     
   699.19999999999447       0.10270867545327489     
   699.99999999999443       -1.1310124446001195     
   700.79999999999438       -1.8882538686798060     
   701.59999999999434       -1.6000070375972135     
   702.39999999999429      -0.55521744779729110     
   703.19999999999425       0.70057943662653188     
   703.99999999999420        1.7140037665597025     
   704.79999999999416        1.8259898179673195     
   705.59999999999411       0.98557847914016694     
   706.39999999999407      -0.24269941409096329     
   707.19999999999402       -1.4151229211773146     
   707.99999999999397       -1.9194443592687240     
   708.79999999999393       -1.3642625513536406     
   709.59999999999388      -0.21567446683217217     
   710.39999999999384        1.0290166849818871     
   711.19999999999379        1.8586641019344408     
   711.99999999999375        1.6663436138254646     
   712.79999999999370       0.66489860633147324     
   713.59999999999366      -0.58833925376252272     
   714.39999999999361       -1.6500731788360385     
   715.19999999999357       -1.8627431078575540     
   715.99999999999352       -1.0852784885358127     
   716.79999999999347       0.12872404272022142     
   717.59999999999343        1.3263642140073497     
   718.39999999999338        1.9190253374008597     
   719.19999999999334        1.4470882049502003     
   719.99999999999329       0.32816036592819442     
   720.79999999999325      -0.92362111451779572     
   721.59999999999320       -1.8198588850500927     
   722.39999999999316       -1.7262545775835241     
   723.19999999999311      -0.77287711808560111     
   723.99999999999307       0.47502627272827858     
   724.79999999999302        1.5790866403044932     
   725.59999999999297        1.8907893550748567     
   726.39999999999293        1.1813181912652155     
   727.19999999999288       -1.5004721232515950E-002
   727.99999999999284       -1.2327881243112291     
   728.79999999999279       -1.9089337293991919     
   729.59999999999275       -1.5249135950932082     
   730.39999999999270      -0.44001536926166507     
   731.19999999999266       0.81536959695725253     
   731.99999999999261        1.7722354177828095     
   732.79999999999256        1.7791463314279579     
   733.59999999999252       0.87864768409565874     
   734.39999999999247      -0.36113862366418470     
   735.19999999999243       -1.5016733689700614     
   735.99999999999238       -1.9097293690814394     
   736.79999999999234       -1.2733308343022007     
   737.59999999999229       -9.8374107803144817E-002
   738.39999999999225        1.1348441794679534     
   739.19999999999220        1.8891997544994596     
   739.99999999999216        1.5973463608760223     
   740.79999999999211       0.55098945617808393     
   741.59999999999206      -0.70484901454915394     
   742.39999999999202       -1.7163031845656087     
   743.19999999999197       -1.8244155674917466     
   743.99999999999193      -0.98169307222664559     
   744.79999999999188       0.24706760070395195     
   745.59999999999184        1.4184200690070061     
   746.39999999999179        1.9192688137565190     
   747.19999999999175        1.3609957900700100     
   747.99999999999170       0.21135635204969327     
   748.79999999999166       -1.0329887367966557     
   749.59999999999161       -1.8599691437498496     
   750.39999999999156       -1.6639177747539042     
   751.19999999999152      -0.66072639349814555     
   751.99999999999147       0.59266095439744770     
   752.79999999999143        1.6526555615173804     
   753.59999999999138        1.8614930300708359     
   754.39999999999134        1.0815251358201510     
   755.19999999999129      -0.13308498737928698     
   755.99999999999125       -1.3298550405823206     
   756.79999999999120       -1.9192193404123281     
   757.59999999999116       -1.4440060249377868     
   758.39999999999111      -0.32386284830553924     
   759.19999999999106       0.92771368036819268     
   759.99999999999102        1.8215103115472329     
   760.79999999999097        1.7240855498625214     
   761.59999999999093       0.76877919492759939     
   762.39999999999088      -0.47937929020962489     
   763.19999999999084       -1.5819274840109352     
   763.99999999999079       -1.8898807361893470     
   764.79999999999075       -1.1777121448465009     
   765.59999999999070        1.9353959775805452E-002
   766.39999999999065        1.2364551000755784     
   767.19999999999061        1.9094983189810764     
   767.99999999999056        1.5220296827901505     
   768.79999999999052       0.43574593395754868     
   769.59999999999047      -0.81956093984657685     
   770.39999999999043       -1.7742158243435309     
   771.19999999999038       -1.7772573059042223     
   771.99999999999034      -0.87464390685180116     
   772.79999999999029       0.36550569324928073     
   773.59999999999025        1.5047491834289750     
   774.39999999999020        1.9091755909240007     
   775.19999999999015        1.2698851243652078     
   775.99999999999011        9.4038961409276922E-002
   776.79999999999006       -1.1386701728803819     
   777.59999999999002       -1.8901316968181319     
   778.39999999998997       -1.5946770968104080     
   779.19999999998993      -0.54675966145370047     
   779.99999999998988       0.70911615017715590     
   780.79999999998984        1.7185912814882021     
   781.59999999998979        1.8228292934414703     
   782.39999999998975       0.97780294517960276     
   783.19999999998970      -0.25143593059238356     
   783.99999999998965       -1.4217094328623672     
   784.79999999998961       -1.9190791916179299     
   785.59999999998956       -1.3577222049668940     
   786.39999999998952      -0.20703754812594455     
   787.19999999998947        1.0369557666994527     
   787.99999999998943        1.8612606354385606     
   788.79999999998938        1.6614825500282866     
   789.59999999998934       0.65655171770776777     
   790.39999999998929      -0.59698106007275586     
   791.19999999998925       -1.6552275602405435     
   791.99999999998920       -1.8602301954511855     
   792.79999999998915       -1.0777664289746598     
   793.59999999998911       0.13744631062845247     
   794.39999999998906        1.3333387793464679     
   795.19999999998902        1.9193991452672594     
   795.99999999998897        1.4409165385642138     
   796.79999999998893       0.31956442870674207     
   797.59999999998888      -0.93180201990354372     
   798.39999999998884       -1.8231487649633751     
   799.19999999998879       -1.7219062627584178     
