   0.0000000000000000       0.84212895038919333     
  0.80000000000000004        1.5101531360617362     
   1.6000000000000001        1.2556647418706972     
   2.4000000000000004        8.1393019180392656E-002
   3.2000000000000002       -1.4524167190890287     
   4.0000000000000000       -2.2650384780509416     
   4.7999999999999998       -1.4983694927137337     
   5.5999999999999996        5.4898707225600418E-002
   6.3999999999999995        1.5345137841107841     
   7.1999999999999993        2.0900640854888484     
   7.9999999999999991        1.3762805947158545     
   8.7999999999999989       0.23189807069434765     
   9.5999999999999996      -0.67728502170783578     
   10.400000000000000       -1.1184478889612497     
   11.200000000000001       -1.1024381352752992     
   12.000000000000002      -0.85953300120902354     
   12.800000000000002      -0.61491164765313000     
   13.600000000000003      -0.39217454904090299     
   14.400000000000004       -5.6317728294714375E-002
   15.200000000000005       0.50399845446397362     
   16.000000000000004        1.1752543130400002     
   16.800000000000004        1.5240032370566570     
   17.600000000000005        1.1747938951170451     
   18.400000000000006       0.25212685219910869     
   19.200000000000006      -0.90599579988737644     
   20.000000000000007       -1.7883641543672497     
   20.800000000000008       -1.7233578334123132     
   21.600000000000009      -0.82562294090966049     
   22.400000000000009       0.30473588997657530     
   23.200000000000010        1.2605408732219239     
   24.000000000000011        1.6433582684221917     
   24.800000000000011        1.2932390468807684     
   25.600000000000012       0.57525465050057023     
   26.400000000000013      -0.14565966208205938     
   27.200000000000014      -0.74378385113373036     
   28.000000000000014       -1.1537404892339822     
   28.800000000000015       -1.2632095769379219     
   29.600000000000016       -1.0232623088181105     
   30.400000000000016      -0.50668639193990361     
   31.200000000000017       0.19484778084880483     
   32.000000000000014       0.97290776762785092     
   32.800000000000011        1.5224047183745295     
   33.600000000000009        1.4477372878767298     
   34.400000000000006       0.77238754572473090     
   35.200000000000003      -0.18420110580962379     
   36.000000000000000       -1.1373902399634468     
   36.799999999999997       -1.6731095911164044     
   37.599999999999994       -1.4356452447272132     
   38.399999999999991      -0.65703655404532224     
   39.199999999999989       0.25479160150799796     
   39.999999999999986        1.0566202775647628     
   40.799999999999983        1.4844333165183015     
   41.599999999999980        1.3358507517838134     
   42.399999999999977       0.76509648509060668     
   43.199999999999974        4.7239620703895091E-002
   43.999999999999972      -0.67250160130397685     
   44.799999999999969       -1.2519396029724477     
   45.599999999999966       -1.4336496159230654     
   46.399999999999963       -1.1011602927025894     
   47.199999999999960      -0.42235627230251960     
   47.999999999999957       0.40200116213888115     
   48.799999999999955        1.1864232672012678     
   49.599999999999952        1.5778080081214874     
   50.399999999999949        1.3067322640577728     
   51.199999999999946       0.56336865815085546     
   51.999999999999943      -0.33846855211885662     
   52.799999999999940       -1.1669801560047230     
   53.599999999999937       -1.5802051222041769     
   54.399999999999935       -1.3307839299578967     
   55.199999999999932      -0.62855749481057588     
   55.999999999999929       0.20580340852581980     
   56.799999999999926       0.98109876907074967     
   57.599999999999923        1.4545272625623114     
   58.399999999999920        1.3772207952205098     
   59.199999999999918       0.82903662080320906     
   59.999999999999915        7.4051217361485899E-002
   60.799999999999912      -0.71304327579111260     
   61.599999999999909       -1.3384644455068728     
   62.399999999999906       -1.4885114513646609     
   63.199999999999903       -1.0702574504588522     
   63.999999999999901      -0.32027580551782631     
   64.799999999999898       0.52954447707775631     
   65.599999999999895        1.2731384336596896     
   66.399999999999892        1.5616104015510446     
   67.199999999999889        1.2124469272998928     
   67.999999999999886       0.46457600849379199     
   68.799999999999883      -0.39702837429087512     
   69.599999999999881       -1.1697025338605687     
   70.399999999999878       -1.5408600563147858     
   71.199999999999875       -1.2930934330763442     
   71.999999999999872      -0.61671926356737128     
   72.799999999999869       0.20089300941840127     
   73.599999999999866       0.98013752889631245     
   74.399999999999864        1.4682013382630885     
   75.199999999999861        1.3925676291000320     
   75.999999999999858       0.82464674815098049     
   76.799999999999855        3.8643372565441148E-002
   77.599999999999852      -0.77507283321683840     
   78.399999999999849       -1.3942641003644116     
   79.199999999999847       -1.4919165890446495     
   79.999999999999844       -1.0173767938991105     
   80.799999999999841      -0.24065390020487509     
   81.599999999999838       0.60594231503300255     
   82.399999999999835        1.3121731267975956     
   83.199999999999832        1.5399607814603375     
   83.999999999999829        1.1547352801242581     
   84.799999999999827       0.40865920032157832     
   85.599999999999824      -0.43437522303002596     
   86.399999999999821       -1.1830987061066345     
   87.199999999999818       -1.5303683784324593     
   87.999999999999815       -1.2708720919328869     
   88.799999999999812      -0.59307027400075274     
   89.599999999999810       0.22706874644390529     
   90.399999999999807        1.0101210597456269     
   91.199999999999804        1.4886769592494811     
   91.999999999999801        1.3862854977190047     
   92.799999999999798       0.79142443887534686     
   93.599999999999795       -1.2828223832448304E-002
   94.399999999999793      -0.83190739858460061     
   95.199999999999790       -1.4280464531437778     
   95.999999999999787       -1.4775614411184796     
   96.799999999999784      -0.96702863811081929     
   97.599999999999781      -0.17986857517806421     
   98.399999999999778       0.65922546954279004     
   99.199999999999775        1.3377563143269278     
   99.999999999999773        1.5241699164311597     
   100.79999999999977        1.1136024645945979     
   101.59999999999977       0.36451107628720214     
   102.39999999999976      -0.47226897206236240     
   103.19999999999976       -1.2073600659729866     
   103.99999999999976       -1.5299926376370392     
   104.79999999999976       -1.2475398754348050     
   105.59999999999975      -0.55784208121527390     
   106.39999999999975       0.26803394992949592     
   107.19999999999975        1.0490051453796294     
   107.99999999999974        1.5051633321834004     
   108.79999999999974        1.3678279280999588     
   109.59999999999974       0.74887603341885645     
   110.39999999999974       -6.5123282608530508E-002
   111.19999999999973      -0.88090234375759502     
   111.99999999999973       -1.4505680872205371     
   112.79999999999973       -1.4586286027345197     
   113.59999999999972      -0.92183075995906194     
   114.39999999999972      -0.12861053524355548     
   115.19999999999972       0.70446697521642765     
   115.99999999999972        1.3608968193593096     
   116.79999999999971        1.5122084795552051     
   117.59999999999971        1.0774865197748540     
   118.39999999999971       0.32142409370202873     
   119.19999999999970      -0.51393552815483245     
   119.99999999999970       -1.2368261016633220     
   120.79999999999970       -1.5308923110095631     
   121.59999999999970       -1.2201369155425059     
   122.39999999999969      -0.51613868663847828     
   123.19999999999969       0.31424703610845484     
   123.99999999999969        1.0884720794645339     
   124.79999999999968        1.5166735768536648     
   125.59999999999968        1.3436843990265950     
   126.39999999999968       0.70434210010323994     
   127.19999999999968      -0.11527165286570995     
   127.99999999999967      -0.92483808730134587     
   128.79999999999967       -1.4679845321769962     
   129.59999999999968       -1.4386618504308564     
   130.39999999999969      -0.87952229159202622     
   131.19999999999970       -8.0905702263845747E-002
   131.99999999999972       0.74762801643941823     
   132.79999999999973        1.3837236072624628     
   133.59999999999974        1.5010053533074228     
   134.39999999999975        1.0416753216883832     
   135.19999999999976       0.27701354924740684     
   135.99999999999977      -0.55803519587181927     
   136.79999999999978       -1.2674743833215993     
   137.59999999999980       -1.5300181059664766     
   138.39999999999981       -1.1894639828041180     
   139.19999999999982      -0.47162957609318512     
   139.99999999999983       0.36162047211518056     
   140.79999999999984        1.1263268766165857     
   141.59999999999985        1.5244103705954626     
   142.39999999999986        1.3169293332481318     
   143.19999999999987       0.65976093227168930     
   143.99999999999989      -0.16374074686639473     
   144.79999999999990      -0.96612258765518666     
   145.59999999999991       -1.4827957311979731     
   146.39999999999992       -1.4179505447020477     
   147.19999999999993      -0.83807883129818772     
   147.99999999999994       -3.4079325559892348E-002
   148.79999999999995       0.79039424711181028     
   149.59999999999997        1.4059080035069478     
   150.39999999999998        1.4887926741376234     
   151.19999999999999        1.0048109863781094     
   152.00000000000000       0.23139870320273537     
   152.80000000000001      -0.60305146653741637     
   153.60000000000002       -1.2973816443638111     
   154.40000000000003       -1.5267344600182147     
   155.20000000000005       -1.1566444394991162     
   156.00000000000006      -0.42609335875277932     
   156.80000000000007       0.40883355754230344     
   157.60000000000008        1.1623847722736020     
   158.40000000000009        1.5293864830075310     
   159.20000000000010        1.2886651854751479     
   160.00000000000011       0.61528519990733022     
   160.80000000000013      -0.21135399387368758     
   161.60000000000014       -1.0059665541312810     
   162.40000000000015       -1.4957139112933344     
   163.20000000000016       -1.3961275677464426     
   164.00000000000017      -0.79646451954749697     
   164.80000000000018        1.2757954375662517E-002
   165.60000000000019       0.83293977745502545     
   166.40000000000020        1.4268482078414961     
   167.20000000000022        1.4748690250255507     
   168.00000000000023       0.96675308792280046     
   168.80000000000024       0.18507795485861955     
   169.60000000000025      -0.64810971544145846     
   170.40000000000026       -1.3258343784751210     
   171.20000000000027       -1.5211220550321500     
   172.00000000000028       -1.1223711569753152     
   172.80000000000030      -0.38019161749134989     
   173.60000000000031       0.45561708999623440     
   174.40000000000032        1.1968486795431272     
   175.20000000000033        1.5321067553494909     
   176.00000000000034        1.2591771233266755     
   176.80000000000035       0.57071389509795112     
   177.60000000000036      -0.25860323345385572     
   178.40000000000038       -1.0447912463523172     
   179.20000000000039       -1.5068104421296475     
   180.00000000000040       -1.3729137618802787     
   180.80000000000041      -0.75430728638280042     
   181.60000000000042        5.9777673608773507E-002
   182.40000000000043       0.87507990819660086     
   183.20000000000044        1.4461575008919165     
   184.00000000000045        1.4590629180124077     
   184.80000000000047       0.92765590948978760     
   185.60000000000048       0.13839473231126076     
   186.40000000000049      -0.69282308715371443     
   187.20000000000050       -1.3526231283342240     
   188.00000000000051       -1.5133566848720379     
   188.80000000000052       -1.0869700142952980     
   189.60000000000053      -0.33410645029117392     
   190.40000000000055       0.50198322445306487     
   191.20000000000056        1.2298579667925653     
   192.00000000000057        1.5327546920953772     
   192.80000000000058        1.2285075047698522     
   193.60000000000059       0.52589673103167622     
   194.40000000000060      -0.30568188940920271     
   195.20000000000061       -1.0826575963699323     
   196.00000000000063       -1.5160073679664685     
   196.80000000000064       -1.3482042901973659     
   197.60000000000065      -0.71154078848560820     
   198.40000000000066       0.10693927439729467     
   199.20000000000067       0.91662708360462486     
   200.00000000000068        1.4636471264627875     
   200.80000000000069        1.4413969780551845     
   201.60000000000070       0.88767550086572344     
   202.40000000000072        9.1517176219972907E-002
   203.20000000000073      -0.73704340404869317     
   204.00000000000074       -1.3776932619495388     
   204.80000000000075       -1.5035618743330599     
   205.60000000000076       -1.0505773793010775     
   206.40000000000077      -0.28786546480610398     
   207.20000000000078       0.54796683333998719     
   208.00000000000080        1.2614431563991109     
   208.80000000000081        1.5313768194672348     
   209.60000000000082        1.1966653133674425     
   210.40000000000083       0.48077844044523044     
   211.20000000000084      -0.35262561456750352     
   212.00000000000085       -1.1195026307467315     
   212.80000000000086       -1.5232310523720491     
   213.60000000000088       -1.3220031740153619     
   214.40000000000089      -0.66820382245249443     
   215.20000000000090       0.15417063019976718     
   216.00000000000091       0.95745010667307828     
   216.80000000000092        1.4792332304121687     
   217.60000000000093        1.4219423757422887     
   218.40000000000094       0.84691882963027598     
   219.20000000000095        4.4515017915544575E-002
   220.00000000000097      -0.78070909820502510     
   220.80000000000098       -1.4010169785545870     
   221.60000000000099       -1.4918108636998437     
   222.40000000000100       -1.0132565080130231     
   223.20000000000101      -0.24146596795023023     
   224.00000000000102       0.59357147185296177     
   224.80000000000103        1.2915700413082147     
   225.60000000000105        1.5279803245781178     
   226.40000000000106        1.1636762464916146     
   227.20000000000107       0.43536121419892693     
   228.00000000000108      -0.39940750056563068     
   228.80000000000109       -1.1552356279711453     
   229.60000000000110       -1.5284380440887024     
   230.40000000000111       -1.2943618210392356     
   231.20000000000113      -0.62435767146871579     
   232.00000000000114       0.20141141723097900     
   232.80000000000115       0.99745634165179575     
   233.60000000000116        1.4928744484950798     
   234.40000000000117        1.4007731373383290     
   235.20000000000118       0.80545782920153342     
   236.00000000000119       -2.5815298561751021E-003
   236.80000000000121      -0.82377855844410042     
   237.60000000000122       -1.4225615524707902     
   238.40000000000123       -1.4781529244059113     
   239.20000000000124      -0.97505050671669558     
   240.00000000000125      -0.19490888662221784     
   240.80000000000126       0.63877449969779532     
   241.60000000000127        1.3201787223715915     
   242.40000000000128        1.5225704539608733     
   243.20000000000130        1.1295823314153095     
   244.00000000000131       0.38967015060716825     
   244.80000000000132      -0.44598256005145731     
   245.60000000000133       -1.1897671233534011     
   246.40000000000134       -1.5316076603094178     
   247.20000000000135       -1.2653462198173717     
   248.00000000000136      -0.58006085885741898     
   248.80000000000138       0.24861368529434624     
   249.60000000000139        1.0365692816427612     
   250.40000000000140        1.5045437163789788     
   251.20000000000141        1.3779584126639126     
   252.00000000000142       0.76334815660595723     
   252.80000000000143       -4.9752382726219624E-002
   253.60000000000144      -0.86620802950517839     
   254.40000000000146       -1.4422883249273184     
   255.20000000000147       -1.4626314169036103     
   256.00000000000148      -0.93600048713775785     
   256.80000000000149      -0.14820239745056041     
   257.60000000000150       0.68353963569579335     
   258.40000000000151        1.3472039584875333     
   259.20000000000152        1.5151603002980523     
   260.00000000000153        1.0944331008975259     
   260.80000000000155       0.34373496467855225     
   261.60000000000156      -0.49230357820722059     
   262.40000000000157       -1.2230138230716707     
   263.20000000000158       -1.5327325567894834     
   264.00000000000159       -1.2350238150026023     
   264.80000000000160      -0.53536482224561543     
   265.60000000000161       0.29573518300842372     
   266.40000000000163        1.0747159374340132     
   267.20000000000164        1.5142190015333057     
   268.00000000000165        1.3535644325137219     
   268.80000000000166       0.72064005178093371     
   269.60000000000167       -9.6976358532931739E-002
   270.40000000000168      -0.90794691014951034     
   271.20000000000169       -1.4601572555572324     
   272.00000000000171       -1.4452918876243195     
   272.80000000000172      -0.89614972379855806     
   273.60000000000173      -0.10135928246197390     
   274.40000000000174       0.72782471401686810     
   275.20000000000175        1.3725830796279261     
   276.00000000000176        1.5057713600936875     
   276.80000000000177        1.0582795346625988     
   277.60000000000178       0.29758296177033583     
   278.40000000000180      -0.53832500221032120     
   279.20000000000181       -1.2548976677134351     
   280.00000000000182       -1.5318134277299540     
   280.80000000000183       -1.2034595134510719     
   281.60000000000184      -0.49031479163530389     
   282.40000000000185       0.34273481474024736     
   283.20000000000186        1.1118220916271855     
   284.00000000000188        1.5218816049840478     
   284.80000000000189        1.3276567860894071     
   285.60000000000190       0.67738262689875706     
   286.40000000000191      -0.14422806422178680     
   287.20000000000192      -0.94893803752284622     
   288.00000000000193       -1.4761302705244796     
   288.80000000000194       -1.4261845086992517     
   289.60000000000196      -0.85554371359567927     
   290.40000000000197       -5.4394932728852985E-002
   291.20000000000198       0.77158471578082088     
   292.00000000000199        1.3962581824966018     
   292.80000000000200        1.4944322535640266     
   293.60000000000201        1.0211715079885542     
   294.40000000000202       0.25123743110297059     
   295.20000000000203      -0.58400302112415892     
   296.00000000000205       -1.2853447190736116     
   296.80000000000206       -1.5288569135138359     
   297.60000000000207       -1.1707149009830604     
   298.40000000000208      -0.44495090212557220     
   299.20000000000209       0.38957085870532004     
   300.00000000000210        1.1478115519234517     
   300.80000000000211        1.5275166129116855     
   301.60000000000213        1.3003012501686824     
   302.40000000000214       0.63362472594591790     
   303.20000000000215      -0.19147763274869001     
   304.00000000000216      -0.98911872191794548     
   304.80000000000217       -1.4901728675077983     
   305.60000000000218       -1.4053641636340701     
   306.40000000000219      -0.81422960705015668     
   307.20000000000221       -7.3268231538065054E-003
   308.00000000000222       0.81477224419344207     
   308.80000000000223        1.4181763313540601     
   309.60000000000224        1.4811776879892202     
   310.40000000000225       0.98315731848236287     
   311.20000000000226       0.20471810678149238     
   312.00000000000227      -0.62929483322843616     
   312.80000000000229       -1.3142848119235429     
   313.60000000000230       -1.5238750460440609     
   314.40000000000231       -1.1368482906024699     
   315.20000000000232      -0.39930870265228757     
   316.00000000000233       0.43620076374991901     
   316.80000000000234        1.1826069455040529     
   317.60000000000235        1.5311135837869885     
   318.40000000000236        1.2715635494795934     
   319.20000000000238       0.58941441030532082     
   320.00000000000239      -0.23869123795885294     
   320.80000000000240       -1.0284216154133929     
   321.60000000000241       -1.5022547289693675     
   322.40000000000242       -1.3828897705642003     
   323.20000000000243      -0.77225577433525561     
   324.00000000000244        3.9825165232377446E-002
   324.80000000000246       0.85733702150315827     
   325.60000000000247        1.4382892899238406     
   326.40000000000248        1.4660478690306384     
   327.20000000000249       0.94428410597614354     
   328.00000000000250       0.15804226117992659     
   328.80000000000251      -0.67415787101951330     
   329.60000000000252       -1.3416516819899698     
   330.40000000000254       -1.5168852195348368     
   331.20000000000255       -1.1019149309691083     
   332.00000000000256      -0.35341932912803098     
   332.80000000000257       0.48258153600326470     
   333.60000000000258        1.2161309206124882     
   334.40000000000259        1.5326670276018581     
   335.20000000000260        1.2415086505009361     
   336.00000000000261       0.54479804551603872     
   336.80000000000263      -0.28583177251921443     
   337.60000000000264       -1.0667754657662445     
   338.40000000000265       -1.5123499566313992     
   339.20000000000266       -1.3588234088694702     
   340.00000000000267      -0.72967145320638271     
   340.80000000000268        8.7038187132649103E-002
   341.60000000000269       0.89922520628202796     
   342.40000000000271        1.4565532590546231     
   343.20000000000272        1.4490881408227618     
   344.00000000000273       0.90459852463850032     
   344.80000000000274       0.11122593482461218     
   345.60000000000275      -0.71854905022050164     
   346.40000000000276       -1.3673832157407015     
   347.20000000000277       -1.5079102589625326     
   348.00000000000279       -1.0659672973676237     
   348.80000000000280      -0.30730968354157795     
   349.60000000000281       0.52867018071256755     
   350.40000000000282        1.2483073298201721     
   351.20000000000283        1.5321766828153636     
   352.00000000000284        1.2101999804774703     
   352.80000000000285       0.49981937814659838     
   353.60000000000286      -0.33285956565974073     
   354.40000000000288       -1.1041059227059793     
   355.20000000000289       -1.5204372226072338     
   356.00000000000290       -1.3332293916856197     
   356.80000000000291      -0.68652632125251212     
   357.60000000000292       0.13428598421317572     
   358.40000000000293       0.94037886481179378     
   359.20000000000294        1.4729287159927233     
   360.00000000000296        1.4303486552215001     
   360.80000000000297       0.86414737525925955     
   361.60000000000298        6.4285148795957925E-002
   362.40000000000299      -0.76242399435559460     
   363.20000000000300       -1.3914216363926570     
   364.00000000000301       -1.4969784540785414     
   364.80000000000302       -1.0290555041994867     
   365.60000000000304      -0.26100281024813099     
   366.40000000000305       0.57442396737836154     
   367.20000000000306        1.2790622575786688     
   368.00000000000307        1.5296476688721214     
   368.80000000000308        1.1776987714859644     
   369.60000000000309       0.45451875386598128     
   370.40000000000310      -0.37973311689877465     
   371.20000000000312       -1.1403364733152679     
   372.00000000000313       -1.5264999309777705     
   372.80000000000314       -1.3061733107020350     
   373.60000000000315      -0.64286991295478679     
   374.40000000000316       0.18153868906078330     
   375.20000000000317       0.98073571908835822     
   376.00000000000318        1.4873803532434926     
   376.80000000000319        1.4098839588445835     
   377.60000000000321       0.82297806845926902     
   378.40000000000322        1.7237031300571748E-002
   379.20000000000323      -0.80573623054026311     
   380.00000000000324       -1.4137135764938069     
   380.80000000000325       -1.4841235321594921     
   381.60000000000326      -0.99122784906586425     
   382.40000000000327      -0.21451852774510727     
   383.20000000000329       0.61980043862110834     
   384.00000000000330        1.3083248502712985     
   384.80000000000331        1.5250905698802810     
   385.60000000000332        1.1440636210839863     
   386.40000000000333       0.40893255054177902     
   387.20000000000334      -0.42640980880432544     
   388.00000000000335       -1.1753894940623622     
   388.80000000000337       -1.5305263957708397     
   389.60000000000338       -1.2777210756699615     
   390.40000000000339      -0.59875088613008076     
   391.20000000000340       0.22876291291405204     
   392.00000000000341        1.0202292079937370     
   392.80000000000342        1.4998771021213146     
   393.60000000000343        1.3877524506715078     
   394.40000000000344       0.78113885696078278     
   395.20000000000346       -2.9899201575884993E-002
   396.00000000000347      -0.84843640526068520     
   396.80000000000348       -1.4342100571327006     
   397.60000000000349       -1.4693845633484945     
   398.40000000000350      -0.95253145081907931     
   399.20000000000351      -0.16787429381553454     
   400.00000000000352       0.66475715432325189     
   400.80000000000354        1.3360279375965418     
   401.60000000000355        1.5185214778396037     
   402.40000000000356        1.1093503062661112     
   403.20000000000357       0.36309287504198884     
   404.00000000000358      -0.47284653894441031     
   404.80000000000359       -1.2091873583072517     
   405.60000000000360       -1.5325100159608729     
   406.40000000000362       -1.2479379911466069     
   407.20000000000363      -0.55421619563220292     
   408.00000000000364       0.27592209040570559     
   408.80000000000365        1.0587888582591456     
   409.60000000000366        1.5103922268475425     
   410.40000000000367        1.3640157004311231     
   411.20000000000368       0.73867880873077052     
   412.00000000000369       -7.7101470515765103E-002
   412.80000000000371      -0.89047159663940234     
   413.60000000000372       -1.4528664186925835     
   414.40000000000373       -1.4528057871511795     
   415.20000000000374      -0.91301291209186308     
   416.00000000000375      -0.12108623911302807     
   416.80000000000376       0.70925120053145840     
   417.60000000000377        1.3621084505082939     
   418.40000000000379        1.5099620071309352     
   419.20000000000380        1.0736118548519173     
   420.00000000000381       0.31702755496204693     
   420.80000000000382      -0.51900020421193971     
   421.60000000000383       -1.2416535222606395     
   422.40000000000384       -1.5324494285913504     
   423.20000000000385       -1.2168879274826372     
   424.00000000000387      -0.50931025801143459     
   424.80000000000388       0.32297702314951005     
   425.60000000000389        1.0963409348967921     
   426.40000000000390        1.5189034730260556     
   427.20000000000391        1.3387376417111989     
   428.00000000000392       0.69564751961634741     
   428.80000000000393      -0.12434431197759155     
   429.60000000000394      -0.93178480308193545     
   430.40000000000396       -1.4696422493772681     
   431.20000000000397       -1.4344363414649899     
   432.00000000000398      -0.87271892409588459     
   432.80000000000399       -7.4170283211929866E-002
   433.60000000000400       0.75323851852875656     
   434.40000000000401        1.3865076563536394     
   435.20000000000402        1.4994392819816333     
   436.00000000000404        1.0368988524411085     
   436.80000000000405       0.27076043476354683     
   437.60000000000406      -0.56482797996353706     
   438.40000000000407       -1.2727135167909616     
   439.20000000000408       -1.5303486292161808     
   440.00000000000409       -1.1846326457262066     
   440.80000000000410      -0.46407419777285430     
   441.60000000000412       0.36988654572526358     
   442.40000000000413        1.1328093181999810     
   443.20000000000414        1.5253932504887060     
   444.00000000000415        1.3119836719858842     
   444.80000000000416       0.65209459090500488     
   445.60000000000417      -0.17159863973225731     
   446.40000000000418      -0.97231467471690680     
   447.20000000000420       -1.4845013479283635     
   448.00000000000421       -1.4143298738873762     
   448.80000000000422      -0.83169673430340996     
   449.60000000000423       -2.7143239518463758E-002
   450.40000000000424       0.79667312907760246     
   451.20000000000425        1.4091712461194672     
   452.00000000000426        1.4869858907406219     
   452.80000000000427       0.99925993947990621     
   453.60000000000429       0.22431196011069821     
   454.40000000000430      -0.61028735677986201     
   455.20000000000431       -1.3022957883006403     
   456.00000000000432       -1.5262170569598390     
   456.80000000000433       -1.1512313278860016     
   457.60000000000434      -0.41854525985576907     
   458.40000000000435       0.41660822824530586     
   459.20000000000437        1.1681165367630393     
   460.00000000000438        1.5298488283685698     
   460.80000000000439        1.2838197069943735     
   461.60000000000440       0.60806892282544411     
   462.40000000000441      -0.21883179061730074     
   463.20000000000442       -1.0119955301705610     
   464.00000000000443       -1.4974117424827476     
   464.80000000000445       -1.3925440201188228     
   465.60000000000446      -0.78999441218319644     
   466.40000000000447        1.9976182006380405E-002
   467.20000000000448       0.83950633958697218     
   468.00000000000449        1.4300493188783716     
   468.80000000000450        1.4726397934145175     
   469.60000000000451       0.96074243285492555     
   470.40000000000452       0.17770000805544883     
   471.20000000000454      -0.65533592423054521     
   472.00000000000455       -1.3303323536068743     
   472.80000000000456       -1.5200696466900112     
   473.60000000000457       -1.1167403472902941     
   474.40000000000458      -0.37275645750451281     
   475.20000000000459       0.46309902860116381     
   476.00000000000460        1.2021848756409634     
   476.80000000000462        1.5322625216643626     
   477.60000000000463        1.2543112483162440     
   478.40000000000464       0.56361789610043334     
   479.20000000000465      -0.26600782860438799     
   480.00000000000466       -1.0507576720202667     
   480.80000000000467       -1.5083457721620226     
   481.60000000000468       -1.3691397451262628     
   482.40000000000470      -0.74766087116915014     
   483.20000000000471        6.7166553962610953E-002
   484.00000000000472       0.88168602604715129     
   484.80000000000473        1.4490963124560015     
   485.60000000000474        1.4564441626460571     
   486.40000000000475       0.92139299233756544     
   487.20000000000476       0.13094089774491890     
   488.00000000000477      -0.69993091979108990     
   488.80000000000479       -1.3567592574925715     
   489.60000000000480       -1.5119268520853617     
   490.40000000000481       -1.0812132912579429     
   491.20000000000482      -0.32673650235611473     
   492.00000000000483       0.50931581472521825     
   492.80000000000484        1.2349374772938599     
   493.60000000000485        1.5326318533590966     
   494.40000000000487        1.2235225288248186     
   495.20000000000488       0.51878652743025178     
   496.00000000000489      -0.31308805626440861     
   496.80000000000490       -1.0885279840447351     
   497.60000000000491       -1.5172802244342880     
   498.40000000000492       -1.3441805576368486     
   499.20000000000493      -0.70474563325079287     
   500.00000000000495       0.11440315314116423     
   500.80000000000496       0.92315607588134885     
   501.60000000000497        1.4662709264148213     
   502.40000000000498        1.4384471346815315     
   503.20000000000499       0.88125824642553185     
   504.00000000000500        8.4050499355545649E-002
   504.80000000000501      -0.74402858853992127     
   505.60000000000502       -1.3815168441858403     
   506.40000000000504       -1.5018146408063289     
   507.20000000000505       -1.0447012228080672     
   508.00000000000506      -0.28051003675682518     
   508.80000000000507       0.55521569231352941     
   509.60000000000508        1.2662993604183657     
   510.40000000000509        1.5309596829024512     
   511.20000000000510        1.1915157995147452     
   512.00000000000512       0.47361668954118330     
   512.80000000000507      -0.36003166308782442     
   513.60000000000502       -1.1252307659412859     
   514.40000000000498       -1.5241965115104306     
   515.20000000000493       -1.3177316252793614     
   516.00000000000489      -0.66129835253887215     
   516.80000000000484       0.16165766065266218     
   517.60000000000480       0.96385606260512047     
   518.40000000000475        1.4815360744850394     
   519.20000000000471        1.4187014473541104     
   520.00000000000466       0.84038529591787281     
   520.80000000000462        3.7045349958639284E-002
   521.60000000000457      -0.78758342232791068     
   522.40000000000452       -1.4045498728092825     
   523.20000000000448       -1.4897644573757873     
   524.00000000000443       -1.0072531427324580     
   524.80000000000439      -0.23409815962702296     
   525.60000000000434       0.60075609522567452     
   526.40000000000430        1.2961982968995764     
   527.20000000000425        1.5272542985818860     
   528.00000000000421        1.1583508124116431     
   528.80000000000416       0.42814648173863767     
   529.60000000000412      -0.40679642783160830     
   530.40000000000407       -1.1607887397114149     
   531.20000000000402       -1.5290808641506988     
   532.00000000000398       -1.2898588337773254     
   532.80000000000393      -0.61736814237582216     
   533.60000000000389       0.20889814861085632     
   534.40000000000384        1.0037211999744717     
   535.20000000000380        1.4948588904607663     
   536.00000000000375        1.3972639475654711     
   536.80000000000371       0.79882202687002046     
   537.60000000000366       -1.0056314983380776E-002
   538.40000000000362      -0.83054736306174415     
   539.20000000000357       -1.4258075197599731     
   540.00000000000352       -1.4758131422317029     
   540.80000000000348      -0.96891659113603612     
   541.60000000000343      -0.18751920932736488     
   542.40000000000339       0.64589462226460692     
   543.20000000000334        1.3245655076985792     
   544.00000000000330        1.5215294761341607     
   544.80000000000325        1.1240845383282174     
   545.60000000000321       0.38240982340066254     
   546.40000000000316      -0.45333938826643538     
   547.20000000000312       -1.1951241487221909     
   548.00000000000307       -1.5319245213536745     
   548.80000000000302       -1.2606278464898912     
   549.60000000000298      -0.57300277383027864     
   550.40000000000293       0.25608933309367499     
   551.20000000000289        1.0426825948890199     
   552.00000000000284        1.5062107968149261     
   552.80000000000280        1.3741949611460913     
   553.60000000000275       0.75661718607449735     
   554.40000000000271       -5.7233696728996253E-002
   555.20000000000266      -0.87286906154733235     
   556.00000000000261       -1.4452433168113155     
   556.80000000000257       -1.4600027886166134     
   557.60000000000252      -0.92973831138413343     
   558.40000000000248      -0.14078974262080746     
   559.20000000000243       0.69058863267799897     
   560.00000000000239        1.3513361616872448     
   560.80000000000234        1.5138045075999589     
   561.60000000000230        1.0887711366049440     
   562.40000000000225       0.33643632209345986     
   563.20000000000221      -0.49961739667931848     
   564.00000000000216       -1.2281598666580837     
   564.80000000000211       -1.5327238985728071     
   565.60000000000207       -1.2301032281062776     
   566.40000000000202      -0.52824782925002789     
   567.20000000000198       0.30319304720422113     
   568.00000000000193        1.0806677881804925     
   568.80000000000189        1.5155676315140310     
   569.60000000000184        1.3495575323584212     
   570.40000000000180       0.71382019945071129     
   571.20000000000175      -0.10446280002938613     
   572.00000000000171      -0.91449328002406427     
   572.80000000000166       -1.4628150722985769     
   573.60000000000161       -1.4423805144615784     
   574.40000000000157      -0.88976489148660942     
   575.20000000000152       -9.3925630304630414E-002
   576.00000000000148       0.73479464065394939     
   576.80000000000143        1.3764496843028735     
   577.60000000000139        1.5041042024638926     
   578.40000000000134        1.0524621689056086     
   579.20000000000130       0.29025144208234754     
   580.00000000000125      -0.54558749284881625     
   580.80000000000121       -1.2598204391612671     
   581.60000000000116       -1.5314807236880366     
   582.40000000000111       -1.1983476968101616     
   583.20000000000107      -0.48314590132476609     
   584.00000000000102       0.35016886717831164     
   584.80000000000098        1.1176015442446432     
   585.60000000000093        1.5229098179415819     
   586.40000000000089        1.3234165568565039     
   587.20000000000084       0.67048074349377162     
   588.00000000000080      -0.15171607306428303     
   588.80000000000075      -0.95536051324609650     
   589.60000000000070       -1.4784848148859524     
   590.40000000000066       -1.4229981258378490     
   591.20000000000061      -0.84904329963179226     
   592.00000000000057       -4.6943179328487017E-002
   592.80000000000052       0.77846757321881077     
   593.60000000000048        1.3998499025685178     
   594.40000000000043        1.4924588580256191     
   595.20000000000039        1.0152070235269754     
   596.00000000000034       0.24387697059238056     
   596.80000000000030      -0.59120704664850099     
   597.60000000000025       -1.2900329946284781     
   598.40000000000020       -1.5282021369064220     
   599.20000000000016       -1.1654215620983144     
   600.00000000000011      -0.43773592539162309     
   600.80000000000007       0.39697481056981532     
   601.60000000000002        1.1534068275799263     
   602.39999999999998        1.5282225569144565     
   603.19999999999993        1.2958378483369599     
   603.99999999999989       0.62664810875216337     
   604.79999999999984      -0.19896233460467871     
   605.59999999999980      -0.99540688123448207     
   606.39999999999975       -1.4922187869456018     
   607.19999999999970       -1.4019116528932889     
   607.99999999999966      -0.80762124195665208     
   608.79999999999961        1.3981069132362745E-004
   609.59999999999957       0.82155997354492538     
   610.39999999999952        1.4214850672826889     
   611.19999999999948        1.4789041889881098     
   611.99999999999943       0.97705349357523685     
   612.79999999999939       0.19733175093185218     
   613.59999999999934      -0.63643364811995817     
   614.39999999999930       -1.3187279803097471     
   615.19999999999925       -1.5229007561501506     
   615.99999999999920       -1.1313823909182621     
   616.79999999999916      -0.39205272094752597     
   617.59999999999911       0.44356801993656259     
   618.39999999999907        1.1880058892482810     
   619.19999999999902        1.5314960188711892     
   619.99999999999898        1.2668871928615175     
   620.79999999999893       0.58237041883098972     
   621.59999999999889      -0.24616697398189158     
   622.39999999999884       -1.0345643192247933     
   623.19999999999879       -1.5039874999244194     
   623.99999999999875       -1.3791807485895222     
   624.79999999999870      -0.76554729059193427     
   625.59999999999866        4.7303141440960927E-002
   626.39999999999861       0.86402124051625206     
   627.19999999999857        1.4413078005558071     
   627.99999999999852        1.4634811992222156     
   628.79999999999848       0.93804843471713861     
   629.59999999999843       0.15063262628224217     
   630.39999999999839      -0.68122475129075566     
   631.19999999999834       -1.3458397027681257     
   631.99999999999829       -1.5155947118858131     
   632.79999999999825       -1.0962849241848875     
   633.59999999999820      -0.34612679891989351     
   634.39999999999816       0.48990534861956347     
   635.19999999999811        1.2213213804831309     
   635.99999999999807        1.5327255177414378     
   636.79999999999802        1.2366294536129339     
   637.59999999999798       0.53769378596716022     
   638.39999999999793      -0.29329238280952130     
   639.19999999999789       -1.0727610602474689     
   639.99999999999784       -1.5137658498752562     
   640.79999999999779       -1.3548679542192255     
   641.59999999999775      -0.72287075630244246     
   642.39999999999770        9.4523529629673919E-002
   643.19999999999766       0.90579699422813931     
   643.99999999999761        1.4592750169260205     
   644.79999999999757        1.4462359735307688     
   645.59999999999752       0.89823841843483576     
   646.39999999999748       0.10379551804335840     
   647.19999999999743      -0.72553710633690360     
   647.99999999999739       -1.3713066749322445     
   648.79999999999734       -1.5063076541403904     
   649.59999999999729       -1.0601812411751048     
   650.39999999999725      -0.29998446623004615     
   651.19999999999720       0.53594377687207817     
   651.99999999999716        1.2532774143328096     
   652.79999999999711        1.5319116542398636     
   653.59999999999707        1.2051277909260429     
   654.39999999999702       0.49266149299710393     
   655.19999999999698      -0.34029855526899133     
   655.99999999999693       -1.1099223768870519     
   656.79999999999688       -1.5215332799332901     
   657.59999999999684       -1.3290378519658095     
   658.39999999999679      -0.67964130957474089     
   659.19999999999675       0.14177418733225722     
   659.99999999999670       0.94682864583976889     
   660.79999999999666        1.4753478596622527     
   661.59999999999661        1.4272193657218057     
   662.39999999999657       0.85767029632384140     
   663.19999999999652        5.6836550102691952E-002
   663.99999999999648      -0.76932603987795278     
   664.79999999999643       -1.3950717925351475     
   665.59999999999638       -1.4950687299303835     
   666.39999999999634       -1.0231211435428738     
   667.19999999999629      -0.25364823105695045     
   667.99999999999625       0.58164060569015508     
   668.79999999999620        1.2838005083547770     
   669.59999999999616        1.5290604233686320     
   670.39999999999611        1.1724430569143645     
   671.19999999999607       0.44731329080019377     
   671.99999999999602      -0.38714377826446988     
   672.79999999999598       -1.1459715245212225     
   673.59999999999593       -1.5272739695472717     
   674.39999999999588       -1.3017561414215539     
   675.19999999999584      -0.63590838330775823     
   675.99999999999579       0.18902468897531155     
   676.79999999999575       0.98705323006445145     
   677.59999999999570        1.4894916821762592     
   678.39999999999566        1.4064865625638685     
   679.19999999999561       0.81639160035968961     
   679.99999999999557        9.7731265769875897E-003
   680.79999999999552      -0.81254466237491929     
   681.59999999999548       -1.4170823782811910     
   682.39999999999543       -1.4819125226256549     
   683.19999999999538      -0.98515270680790945     
   683.99999999999534      -0.20713748370197083     
   684.79999999999529       0.62695340046425463     
   685.59999999999525        1.3128203599991652     
   686.39999999999520        1.5241832867653486     
   687.19999999999516        1.1386334109742848     
   687.99999999999511       0.40168489034998367     
   688.79999999999507      -0.43378532532494340     
   689.59999999999502       -1.1808308114812514     
   690.39999999999498       -1.5309770283366517     
   691.19999999999493       -1.2730886914938111     
   691.99999999999488      -0.59172041594492286     
   692.79999999999484       0.23624111648059576     
   693.59999999999479        1.0264035319559544     
   694.39999999999475        1.5016760900520150     
   695.19999999999470        1.3840965115677486     
   695.99999999999466       0.77445072235842360     
   696.79999999999461       -3.7375124105756607E-002
   697.59999999999457      -0.85514309242543440     
   698.39999999999452       -1.4372901409763559     
   699.19999999999447       -1.4668789375932314     
   699.99999999999443      -0.94632292815472008     
   700.79999999999438      -0.16046940181164404     
   701.59999999999434       0.67183968465371768     
   702.39999999999429        1.3402704287979683     
   703.19999999999425        1.5172972136384679     
   703.99999999999420        1.1037541829727604     
   704.79999999999416       0.35580771055185179     
   705.59999999999411      -0.48018006945218961     
   706.39999999999407       -1.2144227137793879     
   707.19999999999402       -1.5326366750682168     
   707.99999999999397       -1.2431006291235993     
   708.79999999999393      -0.54712401308580816     
   709.59999999999388       0.28338644682388769     
   710.39999999999384        1.0648085097825906     
   711.19999999999379        1.5118750446937752     
   711.99999999999375        1.3601112134153999     
   712.79999999999370       0.73189684103978525     
   713.59999999999366       -8.4585611966905505E-002
   714.39999999999361      -0.89706778873273885     
   715.19999999999357       -1.4556510984349962     
   715.99999999999352       -1.4500130127755555     
   716.79999999999347      -0.90667838778376519     
   717.59999999999343      -0.11366000748134253     
   718.39999999999338       0.71625641228430525     
   719.19999999999334        1.3660883228422649     
   719.99999999999329        1.5084246935883319     
   720.79999999999325        1.0678579869835321     
   721.59999999999320       0.30970891901035047     
   722.39999999999316      -0.52628494005360194     
   723.19999999999311       -1.2466709537681635     
   723.99999999999307       -1.5322523880461343     
   724.79999999999302       -1.2118555298355120     
   725.59999999999297      -0.50216311633413302     
   726.39999999999293       0.33042112298766135     
   727.19999999999288        1.1021939863341332     
   727.99999999999284        1.5200670174440700     
   728.79999999999279        1.3345948957611187     
   729.59999999999275       0.68877959423338808     
   730.39999999999270      -0.13183230711908878     
   731.19999999999266      -0.93826107133343828     
   731.99999999999261       -1.4721255076532926     
   732.79999999999256       -1.4313646304621630     
   733.59999999999252      -0.86626583861789075     
   734.39999999999247       -6.6725289550336075E-002
   735.19999999999243       0.76015927416570306     
   735.99999999999238        1.3902160083601869     
   736.79999999999234        1.4975937207203454     
   737.59999999999229        1.0309950626818147     
   738.39999999999225       0.26341177517746539     
   739.19999999999220      -0.57205716675328300     
   739.99999999999216       -1.2775014725771570     
   740.79999999999211       -1.5298290202549036     
   741.59999999999206       -1.1794147712447407     
   742.39999999999202      -0.45687826941031573     
   743.19999999999197       0.37730373224252656     
   743.99999999999193        1.1384835555294637     
   744.79999999999188        1.5262351750343051     
   745.59999999999184        1.3076131019090609     
   746.39999999999179       0.64514852340929763     
   747.19999999999175      -0.17908554619680139     
   747.99999999999170      -0.97866089523887323     
   748.79999999999166       -1.4866778349406027     
   749.59999999999161       -1.4109881087134180     
   750.39999999999156      -0.82513264652747265     
   751.19999999999152       -1.9682298683862065E-002
   751.99999999999147       0.80350191338873733     
   752.79999999999143        1.4125998779774620     
   753.59999999999138        1.4848377420863630     
   754.39999999999134       0.99321379696972190     
   755.19999999999129       0.21693625667331040     
   755.99999999999125      -0.61745427662910946     
   756.79999999999120       -1.3068432436331738     
   757.59999999999116       -1.5253768788462561     
   758.39999999999111       -1.1458370991301647     
   759.19999999999106      -0.41130606347088339     
   759.99999999999102       0.42399170648204310     
   760.79999999999097        1.1735996325975924     
   761.59999999999093        1.5303675742357230     
   762.39999999999088        1.2792317430444597     
   763.19999999999084       0.60105234442303823     
   763.99999999999079      -0.22631212107751830     
   764.79999999999075       -1.0182009141376367     
   765.59999999999070       -1.4992767846467343     
   766.39999999999065       -1.3889416582121643     
   767.19999999999061      -0.78332701979445729     
   767.99999999999056        2.7449873758446985E-002
   768.79999999999052       0.84623513840411457     
   769.59999999999047        1.4331907236272765     
   770.39999999999043        1.4701955562514955     
   771.19999999999038       0.95456135812735099     
   771.99999999999034       0.17029992270860494     
   772.79999999999029      -0.66243383902810504     
   773.59999999999025       -1.3346288964751152     
   774.39999999999020       -1.5189117723390426     
   775.19999999999015       -1.1111784374261016     
   775.99999999999011      -0.36547882716936453     
   776.79999999999006       0.47044195879826067     
   777.59999999999002        1.2074645663235781     
   778.39999999998997        1.5324573453315178     
   779.19999999998993        1.2495161738194953     
   779.99999999998988       0.55653811912692064     
   780.79999999998984      -0.27347561964201672     
   781.59999999998979       -1.0568108423244160     
   782.39999999998975       -1.5098953904186536     
   783.19999999998970       -1.3652867023421509     
   783.99999999998965      -0.74089799048802896     
   784.79999999998961        7.4649309844416090E-002
   785.59999999998956       0.88830622510595780     
   786.39999999998952        1.4519436631932217     
   787.19999999998947        1.4537111416188879     
   787.99999999998943       0.91508436145343397     
   788.79999999998938       0.12351894607847502     
   789.59999999998934      -0.70695298084802438     
   790.39999999998929       -1.3607951435043208     
   791.19999999998925       -1.5104550292275289     
   791.99999999998920       -1.0754919502826883     
   792.79999999998915      -0.31942460405057771     
   793.59999999998911       0.51661137866356144     
   794.39999999998906        1.2400017315932930     
   795.19999999998902        1.5325028493120072     
   795.99999999998897        1.2185303561559451     
   796.79999999998893       0.51165041511641629     
   797.59999999998888      -0.32053696400027343     
   798.39999999998884       -1.0944170931796251     
   799.19999999998879       -1.5185111600952961     
