   0.0000000000000000       0.47591468411511062     
  0.80000000000000004      -0.41866415842781479     
   1.6000000000000001      -0.88806695276936820     
   2.4000000000000004      -0.98477381824966725     
   3.2000000000000002      -0.90222454099305638     
   4.0000000000000000      -0.78338554334106991     
   4.7999999999999998      -0.59217100355394581     
   5.5999999999999996      -0.18426352829291148     
   6.3999999999999995       0.51542102696403747     
   7.1999999999999993        1.3139730461891639     
   7.9999999999999991        1.6456266778688593     
   8.7999999999999989        1.1196271070749164     
   9.5999999999999996       -1.2853467364421389E-002
   10.400000000000000       -1.3078674345771129     
   11.200000000000001       -2.0279888007595108     
   12.000000000000002       -1.5325318973601183     
   12.800000000000002      -0.31740817997521575     
   13.600000000000003       0.96972011462362828     
   14.400000000000004        1.7984208579533072     
   15.200000000000005        1.6508869221849645     
   16.000000000000004       0.79717476102970153     
   16.800000000000004      -0.17661835641333079     
   17.600000000000005      -0.97452359626948082     
   18.400000000000006       -1.4001942463573671     
   19.200000000000006       -1.3139466898213170     
   20.000000000000007      -0.83518989224536822     
   20.800000000000008      -0.17779564800551773     
   21.600000000000009       0.55224353333673826     
   22.400000000000009        1.2284318596250230     
   23.200000000000010        1.5219497618209008     
   24.000000000000011        1.1875233113095973     
   24.800000000000011       0.37559191358422028     
   25.600000000000012      -0.64703498492682865     
   26.400000000000013       -1.5431480799635637     
   27.200000000000014       -1.7396106870010652     
   28.000000000000014       -1.0819370862060900     
   28.800000000000015       -1.3864117344426941E-002
   29.600000000000016        1.0704233079091483     
   30.400000000000016        1.7307691702641375     
   31.200000000000017        1.5357837938239212     
   32.000000000000014       0.71280493078641993     
   32.800000000000011      -0.27315795592143255     
   33.600000000000009       -1.1433541330597676     
   34.400000000000006       -1.5797240477297554     
   35.200000000000003       -1.3488140346768265     
   36.000000000000000      -0.65466043180206701     
   36.799999999999997       0.19349874762136043     
   37.599999999999994        1.0116653916412117     
   38.399999999999991        1.5242451550885736     
   39.199999999999989        1.4166259405833286     
   39.999999999999986       0.76144872276996856     
   40.799999999999983      -0.14822329144339674     
   41.599999999999980       -1.0775125288134069     
   42.399999999999977       -1.6499926519555153     
   43.199999999999974       -1.4669143587813069     
   43.999999999999972      -0.67620155216872080     
   44.799999999999969       0.33753931459338138     
   45.599999999999966        1.2783495689214177     
   46.399999999999963        1.7068163889864807     
   47.199999999999960        1.3352719777688755     
   47.999999999999957       0.46759491349000259     
   48.799999999999955      -0.51667740544746343     
   49.599999999999952       -1.3473809017943388     
   50.399999999999949       -1.6332261133919634     
   51.199999999999946       -1.2083133382646929     
   51.999999999999943      -0.38007683385112445     
   52.799999999999940       0.54218469973705585     
   53.599999999999937        1.3267815100134288     
   54.399999999999935        1.6027140314733643     
   55.199999999999932        1.1951581651015457     
   55.999999999999929       0.37395389149656855     
   56.799999999999926      -0.56772744993376600     
   57.599999999999923       -1.3779359110005847     
   58.399999999999920       -1.6392312283212920     
   59.199999999999918       -1.1744298086667748     
   59.999999999999915      -0.29274582262596482     
   60.799999999999912       0.68897043319027440     
   61.599999999999909        1.4784934160537577     
   62.399999999999906        1.6359592991376024     
   63.199999999999903        1.0723673779692895     
   63.999999999999901       0.15357336549877365     
   64.799999999999898      -0.81246991839563709     
   65.599999999999895       -1.5253121059835899     
   66.399999999999892       -1.5782795927199580     
   67.199999999999889      -0.96815902290394318     
   67.999999999999886       -5.9895097408828257E-002
   68.799999999999883       0.87226708729860614     
   69.599999999999881        1.5336635286415539     
   70.399999999999878        1.5393036253202317     
   71.199999999999875       0.91325422803910894     
   71.999999999999872        4.7779360452357977E-003
   72.799999999999869      -0.92575817127077464     
   73.599999999999866       -1.5661023737081474     
   74.399999999999864       -1.5251009822490205     
   75.199999999999861      -0.85713282727962614     
   75.999999999999858        7.8198621101160271E-002
   76.799999999999855        1.0156709133596786     
   77.599999999999852        1.6120864419806900     
   78.399999999999849        1.4887483010173486     
   79.199999999999847       0.76498240731423151     
   79.999999999999844      -0.18765957211055628     
   80.799999999999841       -1.1068168538199696     
   81.599999999999838       -1.6322896366310458     
   82.399999999999835       -1.4271136694797253     
   83.199999999999832      -0.66910617809325257     
   83.999999999999829       0.28034452158506484     
   84.799999999999827        1.1704966946482853     
   85.599999999999824        1.6343644013355911     
   86.399999999999821        1.3722716226842275     
   87.199999999999818       0.59389481649802511     
   87.999999999999815      -0.35504279979070019     
   88.799999999999812       -1.2276965778166202     
   89.599999999999810       -1.6423934265102114     
   90.399999999999807       -1.3263985762602999     
   91.199999999999804      -0.51951794855637456     
   91.999999999999801       0.43918556547047838     
   92.799999999999798        1.2961341482348603     
   93.599999999999795        1.6505752183446087     
   94.399999999999793        1.2688867973397007     
   95.199999999999790       0.42971128189689178     
   95.999999999999787      -0.53444757798493370     
   96.799999999999784       -1.3624229105779262     
   97.599999999999781       -1.6438332052283893     
   98.399999999999778       -1.1986457286537500     
   99.199999999999775      -0.33700341239759946     
   99.999999999999773       0.62290463827298426     
   100.79999999999977        1.4146464041941016     
   101.59999999999977        1.6266039276453184     
   102.39999999999976        1.1299381435790066     
   103.19999999999976       0.25279552744115119     
   103.99999999999976      -0.70237121446130713     
   104.79999999999976       -1.4604805131303209     
   105.59999999999975       -1.6085899851464704     
   106.39999999999975       -1.0642282512792918     
   107.19999999999975      -0.16973815766696732     
   107.99999999999974       0.78379052965160034     
   108.79999999999974        1.5067240784071454     
   109.59999999999974        1.5867848048163136     
   110.39999999999974       0.99261749168730273     
   111.19999999999973        8.0379315769074755E-002
   111.99999999999973      -0.86851719745910783     
   112.79999999999973       -1.5480363150642464     
   113.59999999999972       -1.5553050810878779     
   114.39999999999972      -0.91437797366035389     
   115.19999999999972        1.0660014655470285E-002
   115.99999999999972       0.94916558265828388     
   116.79999999999971        1.5797500438154428     
   117.59999999999971        1.5167182462095423     
   118.39999999999971       0.83580810615665913     
   119.19999999999970       -9.8154489420383961E-002
   119.99999999999970       -1.0241409022653718     
   120.79999999999970       -1.6048443779646169     
   121.59999999999970       -1.4752952285972665     
   122.39999999999969      -0.75800143817666477     
   123.19999999999969       0.18464364714069004     
   123.99999999999969        1.0975365009644757     
   124.79999999999968        1.6257806150409868     
   125.59999999999968        1.4297452871676239     
   126.39999999999968       0.67727204992383405     
   127.19999999999968      -0.27338507488787245     
   127.99999999999967       -1.1699102960189942     
   128.79999999999967       -1.6403450868013698     
   129.59999999999968       -1.3777860446244847     
   130.39999999999969      -0.59316654334817864     
   131.19999999999970       0.36263715298781152     
   131.99999999999972        1.2381091512553350     
   132.79999999999973        1.6468717540265965     
   133.59999999999974        1.3208403656567262     
   134.39999999999975       0.50845320215175138     
   135.19999999999976      -0.44993420553971308     
   135.99999999999977       -1.3010972826260971     
   136.79999999999978       -1.6467164204987432     
   137.59999999999980       -1.2609857992786753     
   138.39999999999981      -0.42389736838488723     
   139.19999999999982       0.53595797550408508     
   139.99999999999983        1.3601944868146372     
   140.79999999999984        1.6408709851955798     
   141.59999999999985        1.1978486639878094     
   142.39999999999986       0.33806915890474731     
   143.19999999999987      -0.62195118872816457     
   143.99999999999989       -1.4154262572065748     
   144.79999999999990       -1.6285154230995846     
   145.59999999999991       -1.1305915226685972     
   146.39999999999992      -0.25071672653415367     
   147.19999999999993       0.70712845065148733     
   147.99999999999994        1.4653479361920818     
   148.79999999999995        1.6092255590536335     
   149.59999999999997        1.0599720216754649     
   150.39999999999998       0.16302606109390538     
   151.19999999999999      -0.79023956755511737     
   152.00000000000000       -1.5093502398880621     
   152.80000000000001       -1.5838175423028054     
   153.60000000000002      -0.98705870912615290     
   154.40000000000003       -7.5451841971912570E-002
   155.20000000000005       0.87129137259540301     
   156.00000000000006        1.5477850193860165     
   156.80000000000007        1.5528803297498930     
   157.60000000000008       0.91184719485768650     
   158.40000000000009       -1.2537125935007110E-002
   159.20000000000010      -0.95060753348328830     
   160.00000000000011       -1.5805310918708568     
   160.80000000000013       -1.5162648943873145     
   161.60000000000014      -0.83407688471977381     
   162.40000000000015       0.10105616481518653     
   163.20000000000016        1.0276962010154467     
   164.00000000000017        1.6069405063304119     
   164.80000000000018        1.4740453587118900     
   165.60000000000019       0.75416574412412218     
   166.40000000000020      -0.18956227585752838     
   167.20000000000022       -1.1018091700147239     
   168.00000000000023       -1.6267447001565487     
   168.80000000000024       -1.4268192850813688     
   169.60000000000025      -0.67270561609630419     
   170.40000000000026       0.27773211594033920     
   171.20000000000027        1.1726738672877355     
   172.00000000000028        1.6400754471824088     
   172.80000000000030        1.3750608504395423     
   173.60000000000031       0.58983751494749148     
   174.40000000000032      -0.36564548131277963     
   175.20000000000033       -1.2401595958055309     
   176.00000000000034       -1.6469023181315794     
   176.80000000000035       -1.3189219355245192     
   177.60000000000036      -0.50555960006939715     
   178.40000000000038       0.45322050457362495     
   179.20000000000039        1.3038139392102166     
   180.00000000000040        1.6470420677775401     
   180.80000000000041        1.2586483915650337     
   181.60000000000042       0.42014028604029052     
   182.40000000000043      -0.54006934667499695     
   183.20000000000044       -1.3630752107920907     
   184.00000000000045       -1.6405167661230848     
   184.80000000000047       -1.1946993353522724     
   185.60000000000048      -0.33392704273811280     
   186.40000000000049       0.62585877620176189     
   187.20000000000050        1.4175825084404399     
   188.00000000000051        1.6275347159655011     
   188.80000000000052        1.1274624143799032     
   189.60000000000053       0.24706473775837900     
   190.40000000000055      -0.71042333119159629     
   191.20000000000056       -1.4670619667130316     
   192.00000000000057       -1.6082578681908750     
   192.80000000000058       -1.0571632864987106     
   193.60000000000059      -0.15960465358939313     
   194.40000000000060       0.79354345705220564     
   195.20000000000061        1.5111469232339727     
   196.00000000000063        1.5828145926514392     
   196.80000000000064       0.98404660174768455     
   197.60000000000065        7.1693147106432820E-002
   198.40000000000066      -0.87486750803446200     
   199.20000000000067       -1.5494624784738260     
   200.00000000000068       -1.5514393734266316     
   200.80000000000069      -0.90843786651081049     
   201.60000000000070        1.6482803357465436E-002
   202.40000000000072       0.95405036431396528     
   203.20000000000073        1.5817485044204029     
   204.00000000000074        1.5144489013069775     
   204.80000000000075       0.83062806186074567     
   205.60000000000076      -0.10480707011024026     
   206.40000000000077       -1.0308045001243991     
   207.20000000000078       -1.6078141084380519     
   208.00000000000080       -1.4721407577758197     
   208.80000000000081      -0.75083453076831097     
   209.60000000000082       0.19318876129654017     
   210.40000000000083        1.1048092989864575     
   211.20000000000084        1.6274690862683723     
   212.00000000000085        1.4248012710271343     
   212.80000000000086       0.66928004887097936     
   213.60000000000088      -0.28147308947566008     
   214.40000000000089       -1.1756736896942870     
   215.20000000000090       -1.6405611464603505     
   216.00000000000091       -1.3727618263256605     
   216.80000000000092      -0.58622320991019050     
   217.60000000000093       0.36945477315364861     
   218.40000000000094        1.2429940512848181     
   219.20000000000095        1.6470245767787892     
   220.00000000000097        1.3163826032317545     
   220.80000000000098       0.50190673361803062     
   221.60000000000099      -0.45692920137400261     
   222.40000000000100       -1.3063857104134959     
   223.20000000000101       -1.6468606748587686     
   224.00000000000102       -1.2560045916344056     
   224.80000000000103      -0.41653130490155288     
   225.60000000000105       0.54368479819812954     
   226.40000000000106        1.3654585582042043     
   227.20000000000107        1.6401104940731270     
   228.00000000000108        1.1919489184337926     
   228.80000000000109       0.33028157524651081     
   229.60000000000110      -0.62947307789527740     
   230.40000000000111       -1.4198118081434652     
   231.20000000000113       -1.6268675467563010     
   232.00000000000114       -1.1245376799683906     
   232.80000000000115      -0.24333796823271547     
   233.60000000000116       0.71401790787886943     
   234.40000000000117        1.4690655187306474     
   235.20000000000118        1.6072901382654794     
   236.00000000000119        1.0540859051021998     
   236.80000000000121       0.15585728490924255     
   237.60000000000122      -0.79704028335264043     
   238.40000000000123       -1.5128795046844221     
   239.20000000000124       -1.5815847144507247     
   240.00000000000125      -0.98088245051461531     
   240.80000000000126       -6.7966385223041992E-002
   241.60000000000127       0.87825598286611917     
   242.40000000000128        1.5509468124574064     
   243.20000000000130        1.5499882192694150     
   244.00000000000131       0.90519378532151773     
   244.80000000000132       -2.0217553283990775E-002
   245.60000000000133      -0.95735896867978021     
   246.40000000000134       -1.5829926247061756     
   247.20000000000135       -1.5127684301137774     
   248.00000000000136      -0.82727914359269683     
   248.80000000000138       0.10856913979604832     
   249.60000000000139        1.0340190122293511     
   250.40000000000140        1.6087870910688287     
   251.20000000000141        1.4702246209598528     
   252.00000000000142       0.74739298984728242     
   252.80000000000143      -0.19695152266939475     
   253.60000000000144       -1.1078881381714574     
   254.40000000000146       -1.6281534297777078     
   255.20000000000147       -1.4226770431612328     
   256.00000000000148      -0.66577960246588397     
   256.80000000000149       0.28521268149305667     
   257.60000000000150        1.1786000370650158     
   258.40000000000151        1.6409668666056265     
   259.20000000000152        1.3704566546527670     
   260.00000000000153       0.58267353392594257     
   260.80000000000155      -0.37317552965613454     
   261.60000000000156       -1.2457676504741921     
   262.40000000000157       -1.6471561914594357     
   263.20000000000158       -1.3139017991057322     
   264.00000000000159      -0.49830191212667141     
   264.80000000000160       0.46063323337416806     
   265.60000000000161        1.3089902799102562     
   266.40000000000163        1.6467096449414691     
   267.20000000000164        1.2533539409179921     
   268.00000000000165       0.41287954064041432     
   268.80000000000166      -0.54735437358176109     
   269.60000000000167       -1.3678669270736199     
   270.40000000000168       -1.6396764584009977     
   271.20000000000169       -1.1891484341293752     
   272.00000000000171      -0.32660058337920128     
   272.80000000000172       0.63308964006203361     
   273.60000000000173        1.4220070959731284     
   274.40000000000174        1.6261622012668413     
   275.20000000000175        1.1216065365899204     
   276.00000000000176       0.23963531220948842     
   276.80000000000177      -0.71757440445834897     
   277.60000000000178       -1.4710387902142670     
   278.40000000000180       -1.6063231818313226     
   279.20000000000181       -1.0510328268212330     
   280.00000000000182      -0.15213249641139392     
   280.80000000000183       0.80052963478518135     
   281.60000000000184        1.5146171376244464     
   282.40000000000185        1.5803614786309028     
   283.20000000000186       0.97771535722218994     
   284.00000000000188        6.4223993999249385E-002
   284.80000000000189      -0.88166281574496219     
   285.60000000000190       -1.5524325032742137     
   286.40000000000191       -1.5485184227486877     
   287.20000000000192      -0.90192639299370758     
   288.00000000000193        2.3968348561843822E-002
   288.80000000000194       0.96066658447963416     
   289.60000000000196        1.5842156526903000     
   290.40000000000197        1.5110669709532583     
   291.20000000000198       0.82392494308015940     
   292.00000000000199      -0.11232227123602911     
   292.80000000000200       -1.0372146966616680     
   293.60000000000201       -1.6097412812697365     
   294.40000000000202       -1.4683053618260418     
   295.20000000000203      -0.74396094345356900     
   296.00000000000205       0.20070352143255343     
   296.80000000000206        1.1109587526702742     
   297.60000000000207        1.6288323293908409     
   298.40000000000208        1.4205520014513329     
   299.20000000000209       0.66227811266100800     
   300.00000000000210      -0.28895703838528619     
   300.80000000000211       -1.1815285177441606     
   301.60000000000213       -1.6413648158987604     
   302.40000000000214       -1.3681396856827210     
   303.20000000000215      -0.57911341320614673     
   304.00000000000216       0.37690238909193063     
   304.80000000000217        1.2485358825525927     
   305.60000000000218        1.6472715745375572     
   306.40000000000219        1.3114086397343960     
   307.20000000000221       0.49469376450643177     
   308.00000000000222      -0.46433285723731244     
   308.80000000000223       -1.3115817667301559     
   309.60000000000224       -1.6465442790816063     
   310.40000000000225       -1.2506992900287985     
   311.20000000000226      -0.40923147313879293     
   312.00000000000227       0.55101755772387828     
   312.80000000000229        1.3702656177288133     
   313.60000000000230        1.6392335995560297     
   314.40000000000231        1.1863454337493131     
   315.20000000000232       0.32291952662824219     
   316.00000000000233      -0.63670571911798657     
   316.80000000000234       -1.4241963781704041     
   317.60000000000235       -1.6254468862411544     
   318.40000000000236       -1.1186682791272227     
   319.20000000000238      -0.23592835343590512     
   320.00000000000239       0.72113114875257123     
   320.80000000000240        1.4730028978717622     
   321.60000000000241        1.6053432094856501     
   322.40000000000242        1.0479724250532572     
   323.20000000000243       0.14840606613710960     
   324.00000000000244      -0.80401469500192224     
   324.80000000000246       -1.5163423916908705     
   325.60000000000247       -1.5791267462397047     
   326.40000000000248      -0.97454482416053068     
   327.20000000000249       -6.0483201112261686E-002
   328.00000000000250       0.88506387514818641     
   328.80000000000251        1.5539069284029885     
   329.60000000000252        1.5470398472089724     
   330.40000000000254       0.89865661640493233     
   331.20000000000255       -2.7718751078940951E-002
   332.00000000000256      -0.96397034072974030     
   332.80000000000257       -1.5854286080055602     
   333.60000000000258       -1.5093564869934539     
   334.40000000000259      -0.82056659212697458     
   335.20000000000260       0.11607678292525880     
   336.00000000000261        1.0404065570918131     
   336.80000000000263        1.6106840434669785     
   337.60000000000264        1.4663761822663695     
   338.40000000000265       0.74052471835846578     
   339.20000000000266      -0.20445579666380109     
   340.00000000000267       -1.1140233241334347     
   340.80000000000268       -1.6294986212900513     
   341.60000000000269       -1.4184181847403510     
   342.40000000000271      -0.65877430653732938     
   343.20000000000272       0.29270001296522896     
   344.00000000000273        1.1844497987768614     
   344.80000000000274        1.6417507221787013     
   345.60000000000275        1.3658155399287888     
   346.40000000000276       0.57555175023992278     
   347.20000000000277      -0.38062796281830480     
   348.00000000000279       -1.2512971499042531     
   348.80000000000280       -1.6473754693278058     
   349.60000000000281       -1.3089085570717960     
   350.40000000000282      -0.49108353905960700     
   351.20000000000283       0.46803165453937445     
   352.00000000000284        1.3141658641741054     
   352.80000000000285        1.6463670530518759     
   353.60000000000286        1.2480376574148819     
   354.40000000000288       0.40558139981559926     
   355.20000000000289      -0.55467919910321051     
   356.00000000000290       -1.3726556232385523     
   356.80000000000291       -1.6387787325204157     
   357.60000000000292       -1.1835362630868942     
   358.40000000000293      -0.31923735554252686     
   359.20000000000294       0.64031920378624840     
   360.00000000000296        1.4263761156490244     
   360.80000000000297        1.6247201680373491     
   361.60000000000298        1.1157248468262224     
   362.40000000000299       0.23222075250012131     
   363.20000000000300      -0.72468493984074966     
   364.00000000000301       -1.4749572044065493     
   364.80000000000302       -1.6043524127224016     
   365.60000000000304       -1.0449072231369829     
   366.40000000000305      -0.14467885967273120     
   367.20000000000306       0.80749664322101300     
   368.00000000000307        1.5180574016898292     
   368.80000000000308        1.5778814100943779     
   369.60000000000309       0.97136967988381495     
   370.40000000000310        5.6741699740763707E-002
   371.20000000000312      -0.88846118851097899     
   372.00000000000313       -1.5553704004131463     
   372.80000000000314       -1.5455510318717973     
   373.60000000000315      -0.89538277977846648     
   374.40000000000316        3.1469411159750549E-002
   375.20000000000317       0.96726952508039421     
   376.00000000000318        1.5866301418408453     
   376.80000000000319        1.5076364531096376     
   377.60000000000321       0.81720483217976647     
   378.40000000000322      -0.11983120252997392     
   379.20000000000323       -1.0435932574798372     
   380.00000000000324       -1.6116152095041150     
   380.80000000000325       -1.4644381143473573     
   381.60000000000326      -0.73708547482689635     
   382.40000000000327       0.20820784314478868     
   383.20000000000329        1.1170822148515023     
   384.00000000000330        1.6301531320793088     
   384.80000000000331        1.4162759808662113     
   385.60000000000332       0.65526777571546413     
   386.40000000000333      -0.29644250707557285     
   387.20000000000334       -1.1873646741497863     
   388.00000000000335       -1.6421246404169771     
   388.80000000000337       -1.3634835656826256     
   389.60000000000338      -0.57198779816857437     
   390.40000000000339       0.38435259153906265     
   391.20000000000340        1.2540511960700749     
   392.00000000000341        1.6474673476569581     
   392.80000000000342        1.3064013283857125     
   393.60000000000343       0.48747149515830046     
   394.40000000000344      -0.47172903538559530     
   395.20000000000346       -1.3167420288264671     
   396.00000000000347       -1.6461779648133457     
   396.80000000000348       -1.2453695195853847     
   397.60000000000349      -0.40192984172909596     
   398.40000000000350       0.55833902449185679     
   399.20000000000351        1.3750370481656433     
   400.00000000000352        1.6383122105164558     
   400.80000000000354        1.1807211216248210     
   401.60000000000355       0.31555394752322097     
   402.40000000000356      -0.64393042667305622     
   403.20000000000357       -1.4285465962908106     
   404.00000000000358       -1.6239820485609486     
   404.80000000000359       -1.1127759654493281     
   405.60000000000360      -0.22851218551466634     
   406.40000000000362       0.72823593109684770     
   407.20000000000363        1.4769016013871767     
   408.00000000000364        1.6033505833636965     
   408.80000000000365        1.0418371171272760     
   409.60000000000366       0.14095095793261092     
   410.40000000000367      -0.81097523919752557     
   411.20000000000368       -1.5197619535302138     
   412.00000000000369       -1.5766255074261430     
   412.80000000000371      -0.96819013747203475     
   413.60000000000372       -5.2999718208386115E-002
   414.40000000000373       0.89185461292125123     
   415.20000000000374        1.5568229555148787     
   416.00000000000375        1.5440521490703463     
   416.80000000000376       0.89210499200352100     
   417.60000000000377       -3.5220354953091615E-002
   418.40000000000379      -0.97056424428215604     
   419.20000000000380       -1.5878203552518744     
   420.00000000000381       -1.5059068778370293     
   420.80000000000382      -0.81383955834812061     
   421.60000000000383       0.12358566186308861     
   422.40000000000384        1.0467748487088055     
   423.20000000000385        1.6125347298990227     
   424.00000000000387        1.4624910823459485     
   424.80000000000388       0.73364316763711090     
   425.60000000000389      -0.21195963149444585     
   426.40000000000390       -1.1201353149254145     
   427.20000000000391       -1.6307957841005800     
   428.00000000000392       -1.4141254268365189     
   428.80000000000393      -0.65175861640602406     
   429.60000000000394       0.30018441314965438     
   430.40000000000396        1.1902730625765150     
   431.20000000000397        1.6424865952598413     
   432.00000000000398        1.3611438570841430     
   432.80000000000399       0.56842161875699337     
   433.60000000000400      -0.38807626466105039     
   434.40000000000401       -1.2567980391606506     
   435.20000000000402       -1.6475472546323617     
   436.00000000000404       -1.3038869727248386     
   436.80000000000405      -0.48385759925789906     
   437.60000000000406       0.47542504071859304     
   438.40000000000407        1.3193102624055717     
   439.20000000000408        1.6459770010025805     
   440.00000000000409        1.2426948559953799     
   440.80000000000410       0.39827678133350619     
   441.60000000000412      -0.56199701245482991     
   442.40000000000413       -1.3774098333868663     
   443.20000000000414       -1.6378340172754209     
   444.00000000000415       -1.1779000369828261     
   444.80000000000416      -0.31186934497084162     
   445.60000000000417       0.64753932876317677     
   446.40000000000418        1.4307077728850062     
   447.20000000000420        1.6232325563740650     
   448.00000000000421        1.1098216881320915     
   448.80000000000422       0.22480268465474262     
   449.60000000000423      -0.73178409999983074     
   450.40000000000424       -1.4788360823220392     
   451.20000000000425       -1.6023377558754754     
   452.00000000000426       -1.0387621267051261     
   452.80000000000427      -0.13722235173565733     
   453.60000000000429       0.81445048397389408     
   454.40000000000430        1.5214560371804053     
   455.20000000000431        1.5753590481020434     
   456.00000000000432       0.96500619677445643     
   456.80000000000433        4.9257250794057517E-002
   457.60000000000434      -0.89524412523040675     
   458.40000000000435       -1.5582645635177248     
   459.20000000000437       -1.5425432099473393     
   460.00000000000438      -0.88882327279865803     
   460.80000000000439        3.8971561399885335E-002
   461.60000000000440       0.97385445722225816     
   462.40000000000441        1.5889992261577464     
   463.20000000000442        1.5041677922000980     
   464.00000000000443       0.81047080287815398     
   464.80000000000445      -0.12734013969581093     
   465.60000000000446       -1.0499513017953688     
   466.40000000000447       -1.6134426008314067     
   467.20000000000448       -1.4605351187754696     
   468.00000000000449      -0.73019781548051055     
   468.80000000000450       0.21571115552175968     
   469.60000000000451        1.1231826044530415     
   470.40000000000452        1.6314265744462131     
   471.20000000000454        1.4119665437743771     
   472.00000000000455       0.64824683761857271     
   472.80000000000456      -0.30392572292375897     
   473.60000000000457       -1.1931749346429903     
   474.40000000000458       -1.6428365794674553     
   475.20000000000459       -1.3587964354094721     
   476.00000000000460      -0.56485322824542195     
   476.80000000000462       0.39179896107990841     
   477.60000000000463        1.2595376425155076     
   478.40000000000464        1.6476151900956360     
   479.20000000000465        1.3013655192146869     
   480.00000000000466       0.48024187248987427     
   480.80000000000467      -0.47911964729361511     
   481.60000000000468       -1.3218705337489935     
   482.40000000000470       -1.6457641714059974     
   483.20000000000471       -1.2400136950940863     
   484.00000000000472      -0.39462223302173705     
   484.80000000000473       0.56565314539685763     
   485.60000000000474        1.3797739532558007     
   486.40000000000475        1.6373441648461149     
   487.20000000000476        1.1750730309582953     
   488.00000000000477       0.30818355620355298     
   488.80000000000479      -0.65114589203374751     
   489.60000000000480       -1.4328596186144504     
   490.40000000000481       -1.6224717037362111     
   491.20000000000482       -1.1068620350860137     
   492.00000000000483      -0.22109225974569058     
   492.80000000000484       0.73532942316686056     
   493.60000000000485        1.4807606202695685     
   494.40000000000487        1.6013139470426223     
   495.20000000000488        1.0356822743891034     
   496.00000000000489       0.13349305280703183     
   496.80000000000490      -0.81792235251506618     
   497.60000000000491       -1.5231396305764671     
   498.40000000000492       -1.5740820537430857     
   499.20000000000493      -0.96181787948514075     
   500.00000000000495       -4.5514307148857736E-002
   500.80000000000496       0.89862970179905099     
   501.60000000000497        1.5596952072278576     
   502.40000000000498        1.5410242372536349     
   503.20000000000499       0.88553764070707430     
   504.00000000000500       -4.2723022179651515E-002
   504.80000000000501      -0.97714013907657171     
   505.60000000000502       -1.5901667397353161     
   506.40000000000504       -1.5024192191794248     
   507.20000000000505      -0.80709858353658881     
   508.00000000000506       0.13109462521961934     
   508.80000000000507        1.0531225884654989     
   509.60000000000508        1.6143388104707050     
   510.40000000000509        1.4585702485603580     
   511.20000000000510       0.72674943721183793     
   512.00000000000512      -0.21946240120894400     
   512.80000000000507       -1.1262240532757519     
   513.60000000000502       -1.6320454963419719     
   514.40000000000498       -1.4097993583396229     
   515.20000000000493      -0.64473245780407218     
   516.00000000000489       0.30766642094796814     
   516.80000000000484        1.1960702601625410     
   517.60000000000480        1.6431745913147593     
   518.40000000000475        1.3564413270781615     
   519.20000000000471       0.56128264311118969     
   520.00000000000466      -0.39552066425822918     
   520.80000000000462       -1.2622699757801774     
   521.60000000000457       -1.6476711563659552     
   522.40000000000452       -1.2988369932917065     
   523.20000000000448      -0.47662432976548974     
   524.00000000000443       0.48281283655517182     
   524.80000000000439        1.3244228122817696     
   525.60000000000434        1.6455394824672820     
   526.40000000000430        1.2373260617801503     
   527.20000000000425       0.39096621064710257     
   528.00000000000421      -0.56930740291095960     
   528.80000000000416       -1.3821293783168538     
   529.60000000000412       -1.6368426641559572     
   530.40000000000407       -1.1722401276733523     
   531.20000000000402      -0.30449659343505919     
   532.00000000000398       0.65475009527541250     
   532.80000000000393        1.4350021064088940     
   533.60000000000389        1.6216995054224843     
   534.40000000000384        1.1038970288649366     
   535.20000000000380       0.21738092104337237     
   536.00000000000375      -0.73887187879938954     
   536.80000000000371       -1.4826751907811118     
   537.60000000000366       -1.6002791745117122     
   538.40000000000362       -1.0325975811347230     
   539.20000000000357      -0.12976307030690126     
   540.00000000000352       0.82139082178522671     
   540.80000000000348        1.5248127119680213     
   541.60000000000343        1.5727945444643501     
   542.40000000000339       0.95862520562219644     
   543.20000000000334        4.1770896504719546E-002
   544.00000000000330      -0.90201131796665113     
   544.80000000000325       -1.5611148681366132     
   545.60000000000321       -1.5394952533786144     
   546.40000000000316      -0.88224811519101531     
   547.20000000000312        4.6474727305936159E-002
   548.00000000000307       0.98042126362092041     
   548.80000000000302        1.5913228812515519     
   549.60000000000298        1.5006611829087793     
   550.40000000000293       0.80372291918835470     
   551.20000000000289      -0.13484910719719811     
   552.00000000000284       -1.0562886809271648     
   552.80000000000280       -1.6152233480632554     
   553.60000000000275       -1.4565964969512020     
   554.40000000000271      -0.72329805109214629     
   555.20000000000266       0.22321335547236776     
   556.00000000000261        1.1292596320166211     
   556.80000000000257        1.6326525432035992     
   557.60000000000252        1.4076238964794681     
   558.40000000000248       0.64121549463016592     
   559.20000000000243      -0.31140649195542713     
   560.00000000000239       -1.1989590085884985     
   560.80000000000234       -1.6435006287051861     
   561.60000000000230       -1.3540785583185504     
   562.40000000000225      -0.55770988012658274     
   563.20000000000221       0.39924135693487850     
   564.00000000000216        1.2649950080721677     
   564.80000000000211        1.6477151559837120     
   565.60000000000207        1.2963014208602468     
   566.40000000000202       0.47300498643526290     
   567.20000000000198      -0.48650458968239407     
   568.00000000000193       -1.3269670676599485     
   568.80000000000189       -1.6453029411742159     
   569.60000000000184       -1.2346319810421482     
   570.40000000000180      -0.38730872778631986     
   571.20000000000175       0.57295976494682765     
   572.00000000000171        1.3844760795129654     
   572.80000000000166        1.6363295262609707     
   573.60000000000161        1.1694013508657941     
   574.40000000000157       0.30080846846808940     
   575.20000000000152      -0.65835191738648979     
   576.00000000000148       -1.4371352091787688     
   576.80000000000143       -1.6209159761175456     
   577.60000000000139       -1.1009266918647824     
   578.40000000000134      -0.21366867886001262     
   579.20000000000130       0.74241144480800791     
   580.00000000000125        1.4845797693275566     
   580.80000000000121        1.5992334560846351     
   581.60000000000116        1.0295080680591182     
   582.40000000000111       0.12603241358981232     
   583.20000000000107      -0.82485586859678484     
   584.00000000000102       -1.5264752598148590     
   584.80000000000098       -1.5714965406330657     
   585.60000000000093      -0.95542819523438771     
   586.40000000000089       -3.8027028037325383E-002
   587.20000000000084       0.90538894916644008     
   588.00000000000080        1.5625235280053680     
   588.80000000000075        1.5379562807611125     
   589.60000000000070       0.87895471554309967     
   590.40000000000066       -5.0226666898047778E-002
   591.20000000000061      -0.98369780463295764     
   592.00000000000057       -1.5924676360871066     
   592.80000000000052       -1.4988937074779429     
   593.60000000000048      -0.80034382862076892     
   594.40000000000043       0.13860357429070924     
   595.20000000000039        1.0594495512282811     
   596.00000000000034        1.6160962029599013     
   596.80000000000030        1.4546138892579388     
   597.60000000000025       0.71984367544332462     
   598.40000000000020      -0.22696400505275560     
   599.20000000000016       -1.1322893112018317     
   600.00000000000011       -1.6332477086695585     
   600.80000000000007       -1.4054401842259303     
   601.60000000000002      -0.63769596576177889     
   602.39999999999998       0.31514592061652447     
   603.19999999999993        1.2018411494057877     
   603.99999999999989        1.6438146897799535     
   604.79999999999984        1.3517081553366013     
   605.59999999999980       0.55413495595030005     
   606.39999999999975      -0.40296102183967086     
   607.19999999999970       -1.2677127085444879     
   607.99999999999966       -1.6477471916575408     
   608.79999999999961       -1.2937588277474510     
   609.59999999999957      -0.46938385775080904     
   610.39999999999952       0.49019488778888987     
   611.19999999999948        1.3295032695455009     
   611.99999999999943        1.6450545546699251     
   612.79999999999939        1.2319314778286434     
   613.59999999999934       0.38364979797198218     
   614.39999999999930      -0.57661021137019453     
   615.19999999999925       -1.3868140278422496     
   615.99999999999920       -1.6358047623981495     
   616.79999999999916       -1.1665567242453609     
   617.59999999999911      -0.29711919304934609     
   618.39999999999907       0.66195133723088440     
   619.19999999999902        1.4392588999554401     
   619.99999999999898        1.6201211306641208     
   620.79999999999893        1.0979510464165230     
   621.59999999999889       0.20995554342992218     
   622.39999999999884      -0.74594809908659387     
   623.19999999999879       -1.4864743315092752     
   623.99999999999875       -1.5981768096699243     
   624.79999999999870       -1.0264137562073348     
   625.59999999999866      -0.12230109197284689     
   626.39999999999861       0.82831746970713405     
   627.19999999999857        1.5281272526966594     
   627.99999999999852        1.5701880627036919     
   628.79999999999848       0.95222686833571868     
   629.59999999999843        3.4282710949489870E-002
   630.39999999999839      -0.90876257074896016     
   631.19999999999834       -1.5639211687358454     
   631.99999999999829       -1.5364073419273885     
   632.79999999999825      -0.87565746104530329     
   633.59999999999820        5.3978831016739282E-002
   634.39999999999816       0.98696973581575675     
   635.19999999999811        1.5936009897917263     
   635.99999999999807        1.4971168170447673     
   636.79999999999802       0.79696133060234864     
   637.59999999999798      -0.14235801509394252     
   638.39999999999793       -1.0626051713532074     
   639.19999999999789       -1.6169573646897484     
   639.99999999999784       -1.4526224508271142     
   640.79999999999779      -0.71638632855864159     
   641.59999999999775       0.23071433660585527     
   642.39999999999770        1.1353130612978042     
   643.19999999999766        1.6338309865595904     
   643.99999999999761        1.4032482476277468     
   644.79999999999757       0.63417388883371451     
   645.59999999999752      -0.31888469150543464     
   646.39999999999748       -1.2047166520603607     
   647.19999999999743       -1.6441167728725374     
   647.99999999999739       -1.3493301443399708     
   648.79999999999734      -0.55055788719856769     
   649.59999999999729       0.40667964161937886     
   650.39999999999725        1.2704230463527493     
   651.19999999999720        1.6477672662926859     
   651.99999999999716        1.2912092397575099     
   652.79999999999711       0.46576095889777602     
   653.59999999999707      -0.49388371192928471     
   654.39999999999702       -1.3320313876434058     
   655.19999999999698       -1.6447943302807553     
   655.99999999999693       -1.2292245770404255     
   656.79999999999688      -0.37998943465817070     
   657.59999999999684       0.58025872200109252     
   658.39999999999679        1.3891431943745611     
   659.19999999999675        1.6352683839661135     
   659.99999999999670        1.1637062714640938     
   660.79999999999666       0.29342877885549923     
   661.59999999999661      -0.66554833362817045     
   662.39999999999657       -1.4413731518660693     
   663.19999999999652       -1.6193149840463201     
   663.99999999999648       -1.0949701147966138     
   664.79999999999643      -0.20624152493873082     
   665.59999999999638       0.74948181948203008     
   666.39999999999634        1.4883588530450504     
   667.19999999999629        1.5971092532967972     
   667.99999999999625        1.0233146665773343     
   668.79999999999620       0.11856911475225229     
   669.59999999999616      -0.83177560181996990     
   670.39999999999611       -1.5297686693286296     
   671.19999999999607       -1.5688691312287093     
   671.99999999999602      -0.94902124490293382     
   672.79999999999598       -3.0537954457538707E-002
   673.59999999999593       0.91213215799937741     
   674.39999999999588        1.5653077723777056     
   675.19999999999584        1.5348484594811136     
   675.99999999999579       0.87235637095413521     
   676.79999999999575       -5.7731209673300143E-002
   677.59999999999570      -0.99023703079795000     
   678.39999999999566       -1.5947229280764419     
   679.19999999999561       -1.4953305358270239     
   679.99999999999557      -0.79357544388342349     
   680.79999999999552       0.14611241812434328     
   681.59999999999548        1.0657555132147389     
   682.39999999999543        1.6178068229583806     
   683.19999999999538        1.4506222070463615     
   683.99999999999534       0.71292602870942934     
   684.79999999999529      -0.23446433669951861     
   685.59999999999525       -1.1383308527161717     
   686.39999999999520       -1.6344023708822331     
   687.19999999999516       -1.4010481127518053     
   687.99999999999511      -0.63064928144509991     
   688.79999999999507       0.32262278911041808     
   689.59999999999502        1.2075854859703199     
   690.39999999999498        1.6444068765106303     
   691.19999999999493        1.3469445515298264     
   691.99999999999488       0.54697869043451008     
   692.79999999999484      -0.41039719884565606     
   693.59999999999479       -1.2731259906581660     
   694.39999999999475       -1.6477753829863075     
   695.19999999999470       -1.2886526826655731     
   695.99999999999466      -0.46213630499342429     
   696.79999999999461       0.49757104309834432     
   697.59999999999457        1.3345513917002794     
   698.39999999999452        1.6445222755144799     
   699.19999999999447        1.2265113035312945     
   699.99999999999443       0.37632765122257295     
   700.79999999999438      -0.58390527661350766     
   701.59999999999434       -1.3914635502543935     
   702.39999999999429       -1.6347204025266251     
   703.19999999999425       -1.1608500161165283     
   703.99999999999420      -0.28973723749140645     
   704.79999999999416       0.66914288535795274     
   705.59999999999411        1.4434779381383493     
   706.39999999999407        1.6184975513885513     
   707.19999999999402        1.0919839192234657     
   707.99999999999397       0.20252663351986566     
   708.79999999999393      -0.75301258379732294     
   709.59999999999388       -1.4902333097732703     
   710.39999999999384       -1.5960308051117564     
   711.19999999999379       -1.0202108201176487     
   711.99999999999375      -0.11483649120364525     
   712.79999999999370       0.83523024158436265     
   713.59999999999366        1.5313994885608329     
   714.39999999999361        1.5675397668570343     
   715.19999999999357       0.94581134487640406     
   715.99999999999352        2.6792767793787142E-002
   716.79999999999347      -0.91549768613647209     
   717.59999999999343       -1.5666833211295195     
   718.39999999999338       -1.5332796561034066     
   719.19999999999334      -0.86905146450129089     
   719.99999999999329        6.1483792828833761E-002
   720.79999999999325       0.99349966313492988     
   721.59999999999320        1.5958334368152598     
   722.39999999999316        1.4935348881013681     
   723.19999999999311       0.79018618719481704     
   723.99999999999307      -0.14986677182371300     
   724.79999999999302       -1.0689005486554435     
   725.59999999999297       -1.6186445676482024     
   726.39999999999293       -1.4486131833424909     
   727.19999999999288      -0.70946279414386137     
   727.99999999999284       0.23821399181359548     
   728.79999999999279        1.1413426558140245     
   729.59999999999275        1.6349618558344718     
   730.39999999999270        1.3988398056821429     
   731.19999999999266       0.62712216115937069     
   731.99999999999261      -0.32636019783324421     
   732.79999999999256       -1.2104476205266448     
   733.59999999999252       -1.6446849994164283     
   734.39999999999247       -1.3445514031005628     
   735.19999999999243      -0.54339738216793831     
   735.99999999999238       0.41411367601565663     
   736.79999999999234        1.2758215106295250     
   737.59999999999229        1.6477715450276886     
   738.39999999999225        1.2860891822169167     
   739.19999999999220       0.45850991108563077     
   739.99999999999216      -0.50125686223231425     
   740.79999999999211       -1.3370632515062684     
   741.59999999999206       -1.6442383980595163     
   742.39999999999202       -1.2237916821070003     
   743.19999999999197      -0.37266446096599837     
   743.99999999999193       0.58754985493594014     
   744.79999999999188        1.3937750667018798     
   745.59999999999184        1.6341608298033892     
   746.39999999999179        1.1579879817394887     
   747.19999999999175       0.28604458049091175     
   747.99999999999170      -0.67273497115955916     
   748.79999999999166       -1.4455732321012107     
   749.59999999999161       -1.6176688479546419     
   750.39999999999156       -1.0889924818580163     
   751.19999999999152      -0.19881087925595264     
   751.99999999999147       0.75654036979124339     
   752.79999999999143        1.4920976776528065     
   753.59999999999138        1.5949414833778552     
   754.39999999999134        1.0171022377279653     
   755.19999999999129       0.11110323058336846     
   755.99999999999125      -0.83868136559452400     
   756.79999999999120       -1.5330196893789494     
   757.59999999999116       -1.5661999903331030     
   758.39999999999111      -0.94259718816053484     
   759.19999999999106       -2.3047160207934181E-002
   759.99999999999102       0.91885913031228761     
   760.79999999999097        1.5680477973392670     
   761.59999999999093        1.5317009545519271     
   762.39999999999088       0.86574276089407964     
   763.19999999999084       -6.5236570392828264E-002
   763.99999999999079      -0.99675760630862198     
   764.79999999999075       -1.5969325020456893     
   765.59999999999070       -1.4917298982026059     
   766.39999999999065      -0.78679357924809401     
   767.19999999999061       0.15362106455724589     
   767.99999999999056        1.0720402494480803     
   768.79999999999052        1.6194705888191119     
   769.59999999999047        1.4465954051806811     
   770.39999999999043       0.70599664308660770     
   771.19999999999038      -0.24196328833972058     
   771.99999999999034       -1.1443484408949971     
   772.79999999999029       -1.6355094358022169     
   773.59999999999025       -1.3966233525188643     
   774.39999999999020      -0.62359254550346088     
   775.19999999999015       0.33009690198954678     
   775.99999999999011        1.2133030250945962     
   776.79999999999006        1.6449511405066739     
   777.59999999999002        1.3421507252386657     
   778.39999999998997       0.53981397885455085     
   779.19999999998993      -0.41782905555256056     
   779.99999999998988       -1.2785095754446569     
   780.79999999998984       -1.6477557558979035     
   781.59999999998979       -1.2835187641260331     
   782.39999999998975      -0.45488179215241287     
   783.19999999998970       0.50494115020942720     
   783.99999999998965        1.3395669368964989     
   784.79999999998961        1.6439427057843174     
   785.59999999998956        1.2210657375246543     
   786.39999999998952       0.36899987711233706     
   787.19999999998947      -0.59119243665175480     
   787.99999999998943       -1.3960777150140666     
   788.79999999998938       -1.6335896776811925     
   789.59999999998934       -1.1551201918118279     
   790.39999999998929      -0.28235081931733974     
   791.19999999998925       0.67632456973203314     
   791.99999999998920        1.4476590071857700     
   792.79999999998915        1.6168288891468461     
   793.59999999998911        1.0859958248038555     
   794.39999999998906       0.19509427217990105     
   795.19999999998902      -0.76006515517790740     
   795.99999999998897       -1.4939519327636850     
   796.79999999998893       -1.5938413064737558     
   797.59999999998888       -1.0139889402595743     
   798.39999999998884      -0.10736934212997506     
   799.19999999998879       0.84212895038919333     
