   0.0000000000000000       0.15313110990665757     
  0.80000000000000004        1.0150183077502200     
   1.6000000000000001       0.92859323719811326     
   2.4000000000000004      -0.17548599509938756     
   3.2000000000000002       -1.2716396980394102     
   4.0000000000000000       -1.1653036150425768     
   4.7999999999999998       0.12119105294820942     
   5.5999999999999996        1.3736839636080438     
   6.3999999999999995        1.2903072915348341     
   7.1999999999999993       -5.9457946268493655E-002
   7.9999999999999991       -1.3630814986151292     
   8.7999999999999989       -1.3069918709317563     
   9.5999999999999996        1.1662623158818830E-002
   10.400000000000000        1.2696391028871910     
   11.200000000000001        1.2273225371321608     
   12.000000000000002        8.8127566935147783E-003
   12.800000000000002       -1.1213997775922411     
   13.600000000000003       -1.0602813251449925     
   14.400000000000004        2.3587862776724089E-002
   15.200000000000005       0.96215733298584349     
   16.000000000000004       0.82488729157973384     
   16.800000000000004      -0.14054933062986763     
   17.600000000000005      -0.85556787600475481     
   18.400000000000006      -0.57072776458241403     
   19.200000000000006       0.34478441305114882     
   20.000000000000007       0.85216192130267077     
   20.800000000000008       0.36686107254837941     
   21.600000000000009      -0.58471360502922320     
   22.400000000000009      -0.94001588525950353     
   23.200000000000010      -0.24868448192400483     
   24.000000000000011       0.79190340881888854     
   24.800000000000011        1.0559863764553756     
   25.600000000000012       0.19721876201780630     
   26.400000000000013      -0.93090609642006017     
   27.200000000000014       -1.1419286783393978     
   28.000000000000014      -0.17390998744666497     
   28.800000000000015        1.0006464614537769     
   29.600000000000016        1.1696873527422376     
   30.400000000000016       0.14929597277209505     
   31.200000000000017       -1.0154096158709478     
   32.000000000000014       -1.1342842139472571     
   32.800000000000011      -0.10556131295502458     
   33.600000000000009       0.99529670063422393     
   34.400000000000006        1.0437646688276321     
   35.200000000000003        3.1009396612473816E-002
   36.000000000000000      -0.96475976562193710     
   36.799999999999997      -0.91542171206178735     
   37.599999999999994        8.0507522898156658E-002
   38.399999999999991       0.94947776418452445     
   39.199999999999989       0.77424578100269248     
   39.999999999999986      -0.22432997328989246     
   40.799999999999983      -0.96662370347703985     
   41.599999999999980      -0.64607778077131006     
   42.399999999999977       0.38244825618672196     
   43.199999999999974        1.0145544423487756     
   43.999999999999972       0.54565802681632858     
   44.799999999999969      -0.53136950879524292     
   45.599999999999966       -1.0741634250352861     
   46.399999999999963      -0.47085981912000119     
   47.199999999999960       0.65414092637941479     
   47.999999999999957        1.1217787264842796     
   48.799999999999955       0.40882940331085194     
   49.599999999999952      -0.74520869848169013     
   50.399999999999949       -1.1406780438196686     
   51.199999999999946      -0.34556811908737983     
   51.999999999999943       0.80792913610099282     
   52.799999999999940        1.1245535541368261     
   53.599999999999937       0.27093861829732835     
   54.399999999999935      -0.85073041835458318     
   55.199999999999932       -1.0759621165413902     
   55.999999999999929      -0.17947870050487613     
   56.799999999999926       0.88433863478401808     
   57.599999999999923        1.0036121727409766     
   58.399999999999920        7.0289382078557727E-002
   59.199999999999918      -0.91901186201014640     
   59.999999999999915      -0.91934447786387852     
   60.799999999999912        5.2798496269184314E-002
   61.599999999999909       0.96104911996522657     
   62.399999999999906       0.83432036057270054     
   63.199999999999903      -0.18191856550207230     
   63.999999999999901       -1.0100657000418813     
   64.799999999999898      -0.75515611881756306     
   65.599999999999895       0.30776517941503467     
   66.399999999999892        1.0593785950228181     
   67.199999999999889       0.68223215032765805     
   67.999999999999886      -0.42294021683185790     
   68.799999999999883       -1.0995850346311811     
   69.599999999999881      -0.61125778123613772     
   70.399999999999878       0.52388585190485570     
   71.199999999999875        1.1227473558950951     
   71.999999999999872       0.53649147781753992     
   72.799999999999869      -0.61078469614703879     
   73.599999999999866       -1.1248421805954756     
   74.399999999999864      -0.45334162622799334     
   75.199999999999861       0.68637881033993187     
   75.999999999999858        1.1061244510203132     
   76.799999999999855       0.35954089067233952     
   77.599999999999852      -0.75458190574147899     
   78.399999999999849       -1.0701578375754699     
   79.199999999999847      -0.25532353248197825     
   79.999999999999844       0.81908207340179429     
   80.799999999999841        1.0221823217444872     
   81.599999999999838       0.14310576838916911     
   82.399999999999835      -0.88200194759969153     
   83.199999999999832      -0.96724763220003340     
   83.999999999999829       -2.6775956087307540E-002
   84.799999999999827       0.94301917476583452     
   85.599999999999824       0.90863100607426228     
   86.399999999999821       -8.9376615991563990E-002
   87.199999999999818      -0.99945760087792446     
   87.999999999999815      -0.84714791117106025     
   88.799999999999812       0.20177662511049688     
   89.599999999999810        1.0473805316738247     
   90.399999999999807       0.78159350885357526     
   91.199999999999804      -0.30825572716047223     
   91.999999999999801       -1.0830853047594988     
   92.799999999999798      -0.70990385410939072     
   93.599999999999795       0.40812555637415171     
   94.399999999999793        1.1042579455372890     
   95.199999999999790       0.63032731895414651     
   95.999999999999787      -0.50179457418807760     
   96.799999999999784       -1.1104136230452397     
   97.599999999999781      -0.54213963165625534     
   98.399999999999778       0.59019543894809490     
   99.199999999999775        1.1026640550739217     
   99.999999999999773       0.44583610864630008     
   100.79999999999977      -0.67419451709597600     
   101.59999999999977       -1.0830510333197501     
   102.39999999999976      -0.34294451529524217     
   103.19999999999976       0.75408849141567202     
   103.99999999999976        1.0537291104581810     
   104.79999999999976       0.23561966723758376     
   105.59999999999975      -0.82930956002223744     
   106.39999999999975       -1.0162790089867815     
   107.19999999999975      -0.12615732911330901     
   107.99999999999974       0.89845206681379708     
   108.79999999999974       0.97137829890872884     
   109.59999999999974        1.6566217134956540E-002
   110.39999999999974      -0.95962103019176648     
   111.19999999999973      -0.91890373433835271     
   111.99999999999973        9.1682335943846005E-002
   112.79999999999973        1.0109491420812153     
   113.59999999999972       0.85834231186088794     
   114.39999999999972      -0.19768382147191876     
   115.19999999999972       -1.0510587556248214     
   115.99999999999972      -0.78927328993163459     
   116.79999999999971       0.30095617978639733     
   117.59999999999971        1.0793025842706325     
   118.39999999999971       0.71171464043100663     
   119.19999999999970      -0.40121146546514108     
   119.99999999999970       -1.0957381421956311     
   120.79999999999970      -0.62624666142427410     
   121.59999999999970       0.49812440536269076     
   122.39999999999969        1.1008969782541862     
   123.19999999999969       0.53393637701370089     
   123.99999999999969      -0.59115497683511165     
   124.79999999999968       -1.0954674302067360     
   125.59999999999968      -0.43614284622204136     
   126.39999999999968       0.67946504449592693     
   127.19999999999968        1.0800190509509993     
   127.99999999999967       0.33429331977185794     
   128.79999999999967      -0.76194959574644694     
   129.59999999999968       -1.0548632822880415     
   130.39999999999969      -0.22970377828819144     
   131.19999999999970       0.83736990436493164     
   131.99999999999972        1.0200789823256864     
   132.79999999999973       0.12348627129189171     
   133.59999999999974      -0.90453856739453331     
   134.39999999999975      -0.97565990586640072     
   135.19999999999976       -1.6548483639205358E-002
   135.99999999999977       0.96248721493628697     
   136.79999999999978       0.92169848743710359     
   137.59999999999980       -9.0339088970658010E-002
   138.39999999999981       -1.0105591473427871     
   139.19999999999982      -0.85852346307202043     
   139.99999999999983       0.19644628572140199     
   140.79999999999984        1.0484039627540305     
   141.59999999999985       0.78674675176492115     
   142.39999999999986      -0.30099238583814958     
   143.19999999999987       -1.0758914407258637     
   143.99999999999989      -0.70722112728763098     
   144.79999999999990       0.40308704285516028     
   145.59999999999991        1.0929909610209785     
   146.39999999999992       0.62094287519098579     
   147.19999999999993      -0.50171748194841337     
   147.99999999999994       -1.0996707445456173     
   148.79999999999995      -0.52894465692653658     
   149.59999999999997       0.59578398540043276     
   150.39999999999998        1.0958565846328057     
   151.19999999999999       0.43221579703054136     
   152.00000000000000      -0.68417227721190277     
   152.80000000000001       -1.0814598723911386     
   153.60000000000002      -0.33166831493577653     
   154.40000000000003       0.76584001085942710     
   155.20000000000005        1.0564538384341382     
   156.00000000000006       0.22814700547530398     
   156.80000000000007      -0.83988989236547063     
   157.60000000000008       -1.0209590937640267     
   158.40000000000009      -0.12246843245350414     
   159.20000000000010       0.90560676640613824     
   160.00000000000011       0.97530094508584142     
   160.80000000000013        1.5469427931602997E-002
   161.60000000000014      -0.96244912229220125     
   162.40000000000015      -0.92001768650423399     
   163.20000000000016        9.1951796606827063E-002
   164.00000000000017        1.0100024987190344     
   164.80000000000018       0.85582124881759147     
   165.60000000000019      -0.19881349162819395     
   166.40000000000020       -1.0479168741111122     
   167.20000000000022      -0.78352932170728173     
   168.00000000000023       0.30405292619124358     
   168.80000000000024        1.0758561398102895     
   169.60000000000025       0.70399531935506565     
   170.40000000000026      -0.40655354490231987     
   171.20000000000027       -1.0934819917082608     
   172.00000000000028      -0.61805844170905444     
   172.80000000000030       0.50519080020103790     
   173.60000000000031        1.1004792996317290     
   174.40000000000032       0.52652436818239146     
   175.20000000000033      -0.59888599130176723     
   176.00000000000034       -1.0966123691264023     
   176.80000000000035      -0.43017419625425934     
   177.60000000000036       0.68665513566411795     
   178.40000000000038        1.0817895709797805     
   179.20000000000039       0.32979075299975569     
   180.00000000000040      -0.76764086327618020     
   180.80000000000041       -1.0561120745945338     
   181.60000000000042      -0.22618943066016961     
   182.40000000000043       0.84111963250274691     
   183.20000000000044        1.0198901206601045     
   184.00000000000045       0.12024346927574470     
   184.80000000000047      -0.90648364862324515     
   185.60000000000048      -0.97362301296182363     
   186.40000000000049       -1.2897848695137104E-002
   187.20000000000050       0.96320519404840466     
   188.00000000000051       0.91795151183955759     
   188.80000000000052       -9.4830556069821936E-002
   189.60000000000053       -1.0107978436927614     
   190.40000000000055      -0.85359931261968669     
   191.20000000000056       0.20186648782123073     
   192.00000000000057        1.0487909656374601     
   192.80000000000058       0.78132151806628058     
   193.60000000000059      -0.30710147851110403     
   194.40000000000060       -1.0767292911263242     
   195.20000000000061      -0.70187274484738060     
   196.00000000000063       0.40942687566938585     
   196.80000000000064        1.0941996976422437     
   197.60000000000065       0.61599857795930069     
   198.40000000000066      -0.50776952424958810     
   199.20000000000067       -1.1008769483576311     
   200.00000000000068      -0.52444569141249409     
   200.80000000000069       0.60112426293894738     
   201.60000000000070        1.0965734790461346     
   202.40000000000072       0.42798143456890070     
   203.20000000000073      -0.68857765569311280     
   204.00000000000074       -1.0812776657984813     
   204.80000000000075      -0.32741383010117631     
   205.60000000000076       0.76931866197934051     
   206.40000000000077        1.0551696666432324     
   207.20000000000078       0.22360604508141013     
   208.00000000000080      -0.84263450714455335     
   208.80000000000081       -1.0186114456921251     
   209.60000000000082      -0.11748293309035085     
   210.40000000000083       0.90789386715294840     
   211.20000000000084       0.97211522380729942     
   212.00000000000085        1.0029532724644130E-002
   212.80000000000086      -0.96452378258146232     
   213.60000000000088      -0.91630016557074045     
   214.40000000000089        9.7717739782371971E-002
   215.20000000000090        1.0119896785062057     
   216.00000000000091       0.85184919808091597     
   216.80000000000092      -0.20468631675143545     
   217.60000000000093       -1.0497876714848888     
   218.40000000000094      -0.77947605544653031     
   219.20000000000095       0.30978805312425517     
   220.00000000000097        1.0774544686505994     
   220.80000000000098       0.69990784877154311     
   221.60000000000099      -0.41194358949083942     
   222.40000000000100       -1.0945939923677348     
   223.20000000000101      -0.61388274183446956     
   224.00000000000102       0.51010824242874653     
   224.80000000000103        1.1009139768324843     
   225.60000000000105       0.52215800794777811     
   226.40000000000106      -0.60329641898751363     
   227.20000000000107       -1.0962624599090438     
   228.00000000000108      -0.42552224244215897     
   228.80000000000109       0.69060100055806761     
   229.60000000000110        1.0806542213005308     
   230.40000000000111       0.32480659961886160     
   231.20000000000113      -0.77120420711145732     
   232.00000000000114       -1.0542802648783713     
   232.80000000000115      -0.22089221562811956     
   233.60000000000116       0.84437770723436800     
   234.40000000000117        1.0174981442217179     
   235.20000000000118       0.11471294638226448     
   236.00000000000119      -0.90947245160340517     
   236.80000000000121      -0.97080591321113952     
   237.60000000000122       -7.2534303481837092E-003
   238.40000000000123       0.96590230456814830     
   239.20000000000124       0.91480648201110060     
   240.00000000000125      -0.10045753996954376     
   240.80000000000126       -1.0131285483941133     
   241.60000000000127      -0.85017108646165973     
   242.40000000000128       0.20735860768023973     
   243.20000000000130        1.0506530424931468     
   244.00000000000131       0.77760981988474720     
   244.80000000000132      -0.31237256581969675     
   245.60000000000133       -1.0780254189716334     
   246.40000000000134      -0.69785402305228272     
   247.20000000000135       0.41442769963380011     
   248.00000000000136        1.0948649090801466     
   248.80000000000138       0.61165108790460399     
   249.60000000000139      -0.51248217585909606     
   250.40000000000140       -1.1008921495509925     
   251.20000000000141      -0.51976866551946255     
   252.00000000000142       0.60554865604482255     
   252.80000000000143        1.0959626623740280     
   253.60000000000144       0.42300363676557096     
   254.40000000000146      -0.69271527663163224     
   255.20000000000147       -1.0800928187082421     
   256.00000000000148      -0.32219160469729824     
   256.80000000000149       0.77315885647239069     
   257.60000000000150        1.0534710247950689     
   258.40000000000151       0.21821417809465615     
   259.20000000000152      -0.84614729787836873     
   260.00000000000153       -1.0164508279043849     
   260.80000000000155      -0.11200275002144999     
   261.60000000000156       0.91103093489300413     
   262.40000000000157       0.96952746373334786     
   263.20000000000158        4.5381546748388679E-003
   264.00000000000159      -0.96722647406020501     
   264.80000000000160      -0.91330371193354432     
   265.60000000000161       0.10315440022524247     
   266.40000000000163        1.0142006183964289     
   267.20000000000164       0.84845346607592909     
   268.00000000000165      -0.21001582166961930     
   268.80000000000166       -1.0514616152663305     
   269.60000000000167      -0.77569125870050692     
   270.40000000000168       0.31496942459158594     
   271.20000000000169        1.0785648144615361     
   272.00000000000171       0.69575317912531887     
   272.80000000000172      -0.41694254052442492     
   273.60000000000173       -1.0951334686991530     
   274.40000000000174      -0.60939039956062535     
   275.20000000000175       0.51489167931510260     
   276.00000000000176        1.1008904242428534     
   276.80000000000177       0.51737271468245949     
   277.60000000000178      -0.60782811501747658     
   278.40000000000180       -1.0956922664157367     
   279.20000000000181      -0.42049753037689985     
   280.00000000000182       0.69483970063508127     
   280.80000000000183        1.0795562949166770     
   281.60000000000184       0.31959987506876897     
   282.40000000000185      -0.77510450038100021     
   283.20000000000186       -1.0526725627353024     
   284.00000000000188      -0.21556040661636799     
   284.80000000000189       0.84789308132107066     
   285.60000000000190        1.0153973293895917     
   286.40000000000191       0.10930984426623580     
   287.20000000000192      -0.91255928609248727     
   288.00000000000193      -0.96822937632855255     
   288.80000000000194       -1.8290254262064432E-003
   289.60000000000196       0.96852337612191908     
   290.40000000000197       0.91177523392119464     
   291.20000000000198      -0.10585609291877263     
   292.00000000000199       -1.0152549677251930     
   292.80000000000200      -0.84671204511005893     
   293.60000000000201       0.21268516535667281     
   294.40000000000202        1.0522642826369708     
   295.20000000000203       0.77375660351728515     
   296.00000000000205      -0.31758020975449330     
   296.80000000000206       -1.0791079037976981     
   297.60000000000207      -0.69364615749796743     
   298.40000000000208       0.41946774373351892     
   299.20000000000209        1.0954101525696465     
   300.00000000000210       0.60713217083697435     
   300.80000000000211      -0.51730438391385403     
   301.60000000000213       -1.1008954605950576     
   302.40000000000214      -0.51498429456442463     
   303.20000000000215       0.61010264492797461     
   304.00000000000216        1.0954229992379512     
   304.80000000000217       0.41799980431151407     
   305.60000000000218      -0.69695266837732972     
   306.40000000000219       -1.0790137413604421     
   307.20000000000221      -0.31701394238174352     
   308.00000000000222       0.77703548087254815     
   308.80000000000223        1.0518621607620702     
   309.60000000000224       0.21290807732811645     
   310.40000000000225      -0.84962472898013286     
   311.20000000000226       -1.0143290571580212     
   312.00000000000227      -0.10661410908943147     
   312.80000000000229       0.91407689680177295     
   313.60000000000230       0.96691719082678262     
   314.40000000000231       -8.8565022765774160E-004
   315.20000000000232      -0.96981410165325177     
   316.00000000000233      -0.91023601533453635     
   316.80000000000234       0.10856375393313722     
   317.60000000000235        1.0163070344640057     
   318.40000000000236       0.84496438387689188     
   319.20000000000238      -0.21535867573015621     
   320.00000000000239       -1.0530665764852882     
   320.80000000000240      -0.77181977773968913     
   321.60000000000241       0.32019186306253289     
   322.40000000000242        1.0796501437014960     
   323.20000000000243       0.69153953050532657     
   324.00000000000244      -0.42199008692733131     
   324.80000000000246       -1.0956836440354725     
   325.60000000000247      -0.60487505933142049     
   326.40000000000248       0.51971111395307679     
   327.20000000000249        1.1008941984332146     
   328.00000000000250       0.51259620201984946     
   328.80000000000251      -0.61236941009504131     
   329.60000000000252       -1.0951447639941458     
   330.40000000000254      -0.41550083836558183     
   331.20000000000255       0.69905761132030197     
   332.00000000000256        1.0784608428402087     
   332.80000000000257       0.31442524224310842     
   333.60000000000258      -0.77895940697294641     
   334.40000000000259       -1.0510416054460305     
   335.20000000000260      -0.21025213097833506     
   336.00000000000261       0.85135087553008060     
   336.80000000000263        1.0132521009799427     
   337.60000000000264       0.10391489721044578     
   338.40000000000265      -0.91559040199001784     
   339.20000000000266      -0.96559842175144939     
   340.00000000000267        3.6027085850947049E-003
   340.80000000000268       0.97110138764096032     
   341.60000000000269       0.90869223474030836     
   342.40000000000271      -0.11127205770408244     
   343.20000000000272       -1.0173553716132537     
   344.00000000000273      -0.84321358443495131     
   344.80000000000274       0.21803088670319881     
   345.60000000000275        1.0538640486875317     
   346.40000000000276       0.76988044370189113     
   347.20000000000277      -0.32280050404150074     
   348.00000000000279       -1.0801860961532519     
   348.80000000000280      -0.68943034884675258     
   349.60000000000281       0.42450823246369840     
   350.40000000000282        1.0959495201342870     
   351.20000000000283       0.60261498830243920     
   352.00000000000284      -0.52211308862915229     
   352.80000000000285       -1.1008845337243613     
   353.60000000000286      -0.51020475406272447     
   354.40000000000288       0.61463139173837000     
   355.20000000000289        1.0948580521444835     
   356.00000000000290       0.41299841956618477     
   356.80000000000291      -0.70115803357730544     
   357.60000000000292       -1.0779000301205910     
   358.40000000000293      -0.31183343209567493     
   359.20000000000294       0.78087907980810678     
   360.00000000000296        1.0502140813257428     
   360.80000000000297       0.20759384422921145     
   361.60000000000298      -0.85307280383787687     
   362.40000000000299       -1.0121691938402870     
   363.20000000000300      -0.10121441074919491     
   364.00000000000301       0.91709937576165601     
   364.80000000000302       0.96427453990034229     
   365.60000000000304       -6.3198659616529040E-003
   366.40000000000305      -0.97238351094595055     
   367.20000000000306      -0.90714387762221049     
   368.00000000000307       0.11397935518627800     
   368.80000000000308        1.0183977454357014     
   369.60000000000309       0.84145846164041305     
   370.40000000000310      -0.22070118224789370     
   371.20000000000312       -1.0546547895904952     
   372.00000000000313      -0.76793687666541288     
   372.80000000000314       0.32540656465248885     
   373.60000000000315        1.0807147617776658     
   374.40000000000316       0.68731701840551196     
   375.20000000000317      -0.42702334896324690     
   376.00000000000318       -1.0962078670420283     
   376.80000000000319      -0.60035097843691765     
   377.60000000000321       0.52451172080569219     
   378.40000000000322        1.1008674125634486     
   379.20000000000323       0.50780977281207595     
   380.00000000000324      -0.61688975259929368     
   380.80000000000325       -1.0945641931142611     
   381.60000000000326      -0.41049306929420004     
   382.40000000000327       0.70325450723411931     
   383.20000000000329        1.0773324993842603     
   384.00000000000330       0.30923943656889397     
   384.80000000000331      -0.78279438186321104     
   385.60000000000332       -1.0493802799746725     
   386.40000000000333      -0.20493418574660194     
   387.20000000000334       0.85478984880296716     
   388.00000000000335        1.0110803951154248     
   388.80000000000337        9.8513359989513716E-002
   389.60000000000338      -0.91860290845548354     
   390.40000000000339      -0.96294508291979308     
   391.20000000000340        9.0368376723908295E-003
   392.00000000000341       0.97365965695383649     
   392.80000000000342       0.90559022172808157     
   393.60000000000343      -0.11668579505865173     
   394.40000000000344       -1.0194336914988098     
   395.20000000000346      -0.83969832644089815     
   396.00000000000347       0.22337001871182793     
   396.80000000000348        1.0554387805387453     
   397.60000000000349       0.76598864090480590     
   398.40000000000350      -0.32801060992531494     
   399.20000000000351       -1.0812364958851695     
   400.00000000000352      -0.68519944790355369     
   400.80000000000354       0.42953590982024825     
   401.60000000000355        1.0964592274813172     
   402.40000000000356       0.59808324459380890     
   403.20000000000357      -0.52690725208969758     
   404.00000000000358       -1.1008433483855753     
   404.80000000000359      -0.50541165289568668     
   405.60000000000360       0.61914445714358179     
   406.40000000000362        1.0942635046790925     
   407.20000000000363       0.40798520660183946     
   408.00000000000364      -0.70534676993033596     
   408.80000000000365       -1.0767583047844509     
   409.60000000000366      -0.30664356868267117     
   410.40000000000367       0.78470494064127649     
   411.20000000000368        1.0485400268902909     
   412.00000000000369       0.20227329089703050     
   412.80000000000371      -0.85650166378347070     
   413.60000000000372       -1.0099854072924754     
   414.40000000000373       -9.5811699086137847E-002
   415.20000000000374       0.92010078684125174     
   416.00000000000375       0.96160975629964240     
   416.80000000000376       -1.1753798592107234E-002
   417.60000000000377      -0.97492979272508273     
   418.40000000000379      -0.90403107499106938     
   419.20000000000380       0.11939159919487263     
   420.00000000000381        1.0204633361693378     
   420.80000000000382       0.83793313427701532     
   421.60000000000383      -0.22603758283231890     
   422.40000000000384       -1.0562162358860743     
   423.20000000000385      -0.76403582686433147     
   424.00000000000387       0.33061273391994317     
   424.80000000000388        1.0817515118997982     
   425.60000000000389       0.68307780955392383     
   426.40000000000390      -0.43204589700963547     
   427.20000000000391       -1.0967037412919569     
   428.00000000000392      -0.59581197309732148     
   428.80000000000393       0.52929957126841720     
   429.60000000000394        1.1008123735188653     
   430.40000000000396       0.50301053734985601     
   431.20000000000397      -0.62139534674355923     
   432.00000000000398       -1.0939559212788110     
   432.80000000000399      -0.40547489964221428     
   433.60000000000400       0.70743467007314853     
   434.40000000000401        1.0761773246270674     
   435.20000000000402       0.30404581988914703     
   436.00000000000404      -0.78661065606365932     
   436.80000000000405       -1.0476931975768566     
   437.60000000000406      -0.19961109657722731     
   438.40000000000407       0.85820822155677101     
   439.20000000000408        1.0088841473725967     
   440.00000000000409        9.3109344961769258E-002
   440.80000000000410      -0.92159305083336407     
   441.60000000000412      -0.96026854045049392     
   442.40000000000413        1.4470817471734843E-002
   443.20000000000414       0.97619399826191910     
   444.00000000000415       0.90246647789877865     
   444.80000000000416      -0.12209679817115904     
   445.60000000000417       -1.0214867635318352     
   446.40000000000418      -0.83616296355655639     
   447.20000000000420       0.22870385894371958     
   448.00000000000421        1.0569872126743487     
   448.80000000000422       0.76207852129932141     
   449.60000000000423      -0.33321288230127466     
   450.40000000000424       -1.0822598236753445     
   451.20000000000425      -0.68095217277245879     
   452.00000000000426       0.43455323603645524     
   452.80000000000427        1.0969413811785531     
   453.60000000000429       0.59353720160694079     
   454.40000000000430      -0.53168860587238564     
   455.20000000000431       -1.1007744359462235     
   456.00000000000432      -0.50060643093880985     
   456.80000000000433       0.62364236944156337     
   457.60000000000434        1.0936413887384362     
   458.40000000000435       0.40296212980020807     
   459.20000000000437      -0.70951818571326764     
   460.00000000000438       -1.0755895223308067     
   460.80000000000439      -0.30144616312259676     
   461.60000000000440       0.78851153487450210     
   462.40000000000441        1.0468397836724381     
   463.20000000000442       0.19694758196910189     
   464.00000000000443      -0.85990954731381664     
   464.80000000000445       -1.0077766347846020     
   465.60000000000446       -9.0406293170170127E-002
   466.40000000000447       0.92307972951219597     
   467.20000000000448       0.95892147339574663     
   468.00000000000449       -1.7187878981282823E-002
   468.80000000000450      -0.97745229320719451     
   469.60000000000451      -0.90089647395474515     
   470.40000000000452       0.12480136002358444     
   471.20000000000454        1.0225039761314136     
   472.00000000000455       0.83438785140356697     
   472.80000000000456      -0.23136880613254518     
   473.60000000000457       -1.0577516962254876     
   474.40000000000458      -0.76011674796843720     
   475.20000000000459       0.33581101446161177     
   476.00000000000460        1.0827614056597512     
   476.80000000000462       0.67882254701174882     
   477.60000000000463      -0.43705789446300414     
   478.40000000000464       -1.0971721203394806     
   479.20000000000465      -0.59125892929276069     
   480.00000000000466       0.53407433598354459     
   480.80000000000467        1.1007295166637183     
   481.60000000000468       0.49819932913267406     
   482.40000000000470      -0.62588551787995561     
   483.20000000000471       -1.0933199013109993     
   484.00000000000472      -0.40044689537129829     
   484.80000000000473       0.71159731838821982     
   485.60000000000474        1.0749949060353807     
   486.40000000000475       0.29884460400242319     
   487.20000000000476      -0.79040758180421367     
   488.00000000000477       -1.0459798036490260     
   488.80000000000479      -0.19428276157104607     
   489.60000000000480       0.86160564335784917     
   490.40000000000481        1.0066628925470646     
   491.20000000000482        8.7702565824093193E-002
   492.00000000000483      -0.92456081907220045     
   492.80000000000484      -0.95756857701414011     
   493.60000000000485        1.9904956594660184E-002
   494.40000000000487       0.97870466690748137     
   495.20000000000488       0.89932108013583911     
   496.00000000000489      -0.12750525770965715     
   496.80000000000490       -1.0235149585616643     
   497.60000000000491      -0.83260780884807473     
   498.40000000000492       0.23403240023574223     
   499.20000000000493        1.0585096702434891     
   500.00000000000495       0.75815051333692585     
   500.80000000000496      -0.33840711117024880     
   501.60000000000497       -1.0832562447689060     
   502.40000000000498      -0.67668893695534815     
   503.20000000000499       0.43955985838163580     
   504.00000000000500        1.0973959518564755     
   504.80000000000501       0.58897716200553296     
   505.60000000000502      -0.53645675194902365     
   506.40000000000504       -1.1006776159525054     
   507.20000000000505      -0.49578924108349454     
   508.00000000000506       0.62812478471754396     
   508.80000000000507        1.0929914655946853     
   509.60000000000508       0.39792920965102208     
   510.40000000000509      -0.71367206099349900     
   511.20000000000510       -1.0743934864934066     
   512.00000000000512      -0.29624115955470443     
   512.80000000000507       0.79229878844580159     
   513.60000000000502        1.0451132698962353     
   514.40000000000498       0.19161665486619051     
   515.20000000000493      -0.86329649938757169     
   516.00000000000489       -1.0055429326591760     
   516.80000000000484       -8.4998183268487182E-002
   517.60000000000480       0.92603630774190226     
   518.40000000000475       0.95620986187824375     
   519.20000000000471       -2.2622030529712678E-002
   520.00000000000466      -0.97995110731069213     
   520.80000000000462      -0.89774030561112239     
   521.60000000000457       0.13020847294057858     
   522.40000000000452        1.0245196999927400     
   523.20000000000448       0.83082284444486820     
   524.00000000000443      -0.23669462478906289     
   524.80000000000439       -1.0592611264561129     
   525.60000000000434      -0.75617982642691939     
   526.40000000000430       0.34100115761226302     
   527.20000000000425        1.0837443361087067     
   528.00000000000421       0.67455135301421931     
   528.80000000000416      -0.44205911416570798     
   529.60000000000412       -1.0976128743971518     
   530.40000000000407      -0.58669191202235127     
   531.20000000000402       0.53883584083692093     
   532.00000000000398        1.1006187356877906     
   532.80000000000393       0.49337618090701452     
   533.60000000000389      -0.63036015738803686     
   534.40000000000384       -1.0926560860162866     
   535.20000000000380      -0.39540908818675080     
   536.00000000000375       0.71574240125034316     
   536.80000000000371        1.0737852699815849     
   537.60000000000366       0.29363584618845517     
   538.40000000000362      -0.79418514295542786     
   539.20000000000357       -1.0442401899791267     
   540.00000000000352      -0.18894927860083133     
   540.80000000000348       0.86498210427007449     
   541.60000000000343        1.0044167636306824     
   542.40000000000339        8.2293162237703998E-002
   543.20000000000334      -0.92750618539733043     
   544.00000000000330      -0.95484533730077259     
   544.80000000000325        2.5339084211772445E-002
   545.60000000000321       0.98119160555309248     
   546.40000000000316       0.89615416048532026     
   547.20000000000312      -0.13291098930900080     
   548.00000000000307       -1.0255181930125872     
   548.80000000000302      -0.82903296912726232     
   549.60000000000298       0.23935546352704262     
   550.40000000000293        1.0600060590624090     
   551.20000000000289       0.75420469901733966     
   552.00000000000284      -0.34359313771082967     
   552.80000000000280       -1.0842256756553441     
   553.60000000000275      -0.67240980777576187     
   554.40000000000271       0.44455564610667619     
   555.20000000000266        1.0978228859052175     
   556.00000000000261       0.58440319264882090     
   556.80000000000257      -0.54121158761238264     
   557.60000000000252       -1.1005528759770222     
   558.40000000000248      -0.49096016251459607     
   559.20000000000243       0.63259162188648488     
   560.00000000000239        1.0923137649954664     
   560.80000000000234       0.39288654540438528     
   561.60000000000230      -0.71780832647662929     
   562.40000000000225       -1.0731702612629963     
   563.20000000000221      -0.29102867880673511     
   564.00000000000216       0.79606663410122280     
   564.80000000000211        1.0433605708650606     
   565.60000000000207       0.18628064817359102     
   566.40000000000202      -0.86666244814928506     
   567.20000000000198       -1.0032843943184215     
   568.00000000000193       -7.9587518665824808E-002
   568.80000000000189       0.92897044333719592     
   569.60000000000184       0.95347501359095699     
   570.40000000000180       -2.8056101169593561E-002
   571.20000000000175      -0.98242615385099374     
   572.00000000000171      -0.89456265605707486     
   572.80000000000166       0.13561278990490699     
   573.60000000000161        1.0265104306521358     
   574.40000000000157       0.82723819479650196     
   575.20000000000152      -0.24201489933781906     
   576.00000000000148       -1.0607444620397333     
   576.80000000000143      -0.75222514336924007     
   577.60000000000139       0.34618303452501820     
   578.40000000000134        1.0847002587037629     
   579.20000000000130       0.67026431377534113     
   580.00000000000125      -0.44704943789569918     
   580.80000000000121       -1.0980259835121764     
   581.60000000000116      -0.58211101673654764     
   582.40000000000111       0.54358397706056938     
   583.20000000000107        1.1004800363000884     
   584.00000000000102       0.48854119919205619     
   584.80000000000098      -0.63481916444846098     
   585.60000000000093       -1.0919645047035142     
   586.40000000000089      -0.39036159516814550     
   587.20000000000084       0.71986982451613157     
   588.00000000000080        1.0725484652592789     
   588.80000000000075       0.28841967198220730     
   589.60000000000070      -0.79794325125421006     
   590.40000000000066       -1.0424744199697566     
   591.20000000000061      -0.18361077894725075     
   592.00000000000057       0.86833752164540834     
   592.80000000000052        1.0021458341235792     
   593.60000000000048        7.6881268706692540E-002
   594.40000000000043      -0.93042907307844358     
   595.20000000000039      -0.95209890150891929     
   596.00000000000034        3.0773064567712782E-002
   596.80000000000030       0.98365474435814004     
   597.60000000000025       0.89296580386200219     
   598.40000000000020      -0.13831385744665392     
   599.20000000000016       -1.0274964056767946     
   600.00000000000011      -0.82543853335112960     
   600.80000000000007       0.24467291484843479     
   601.60000000000002        1.0614763290333729     
   602.39999999999998       0.75024117155778258     
   603.19999999999993      -0.34877083103063899     
   603.99999999999989       -1.0851680802894159     
   604.79999999999984      -0.66811488328256996     
   605.59999999999980       0.44954047332162828     
   606.39999999999975        1.0982221642541159     
   607.19999999999970       0.57981539689719697     
   607.99999999999966      -0.54595299419303867     
   608.79999999999961       -1.1004002162258808     
   609.59999999999957      -0.48611930408615311     
   610.39999999999952       0.63704277157973754     
   611.19999999999948        1.0916083075382326     
   611.99999999999943       0.38783425133190830     
   612.79999999999939      -0.72192688344039235     
   613.59999999999934       -1.0719198871704192     
   614.39999999999930      -0.28580884038870535     
   615.19999999999925       0.79981498391040162     
   615.99999999999920        1.0415817449507427     
   616.79999999999916       0.18093968644962954     
   617.59999999999911      -0.87000731538248499     
   618.39999999999907       -1.0010010925911197     
   619.19999999999902       -7.4174428683856375E-002
   619.99999999999898       0.93188206604664692     
   620.79999999999893       0.95071701184313040     
   621.59999999999889       -3.3489957446839913E-002
   622.39999999999884      -0.98487736909660728     
   623.19999999999879      -0.89136361537121511     
   623.99999999999875       0.14101417460448229     
   624.79999999999870        1.0284761107423843     
   625.59999999999866       0.82363399657967085     
   626.39999999999861      -0.24732949271734084     
   627.19999999999857       -1.0622016536479266     
   627.99999999999852      -0.74825279555379109     
   628.79999999999848       0.35135651029544379     
   629.59999999999843        1.0856291354934440     
   630.39999999999839       0.66596152850573076     
   631.19999999999834      -0.45202873629340501     
   631.99999999999829       -1.0984114252861508     
   632.79999999999825      -0.57751634573972255     
   633.59999999999820       0.54831862413421395     
   634.39999999999816        1.1003134154797660     
   635.19999999999811       0.48369449039265244     
   635.99999999999807      -0.63926242986514181     
   636.79999999999802       -1.0912451760498456     
   637.59999999999798      -0.38530452782947322     
   638.39999999999793       0.72397949135376571     
   639.19999999999789        1.0712845323109399     
   639.99999999999784       0.28319619878504332     
   640.79999999999779      -0.80168182155623180     
   641.59999999999775       -1.0406825535254978     
   642.39999999999770      -0.17826738627591121     
   643.19999999999766       0.87167181994986986     
   643.99999999999761       0.99985017927472675     
   644.79999999999757        7.1467014957354635E-002
   645.59999999999752      -0.93332941363071931     
   646.39999999999748      -0.94932935535680474     
   647.19999999999743        3.6206762845410356E-002
   647.99999999999739       0.98609402007208691     
   648.79999999999734       0.88975610202049971     
   649.59999999999729      -0.14371372407446359     
   650.39999999999725       -1.0294495385217592     
   651.19999999999720      -0.82182459624560100     
   651.99999999999716       0.24998461564605257     
   652.79999999999711        1.0629204295409549     
   653.59999999999707       0.74626002732526997     
   654.39999999999702      -0.35394005543536511     
   655.19999999999698       -1.0860834194777174     
   655.99999999999693      -0.66380426167414874     
   656.79999999999688       0.45451421076332343     
   657.59999999999684        1.0985937638567274     
   658.39999999999679       0.57521387591065432     
   659.19999999999675      -0.55068085204203043     
   659.99999999999670       -1.1002196338777974     
   660.79999999999666      -0.48126677135109497     
   661.59999999999661       0.64147812591200148     
   662.39999999999657        1.0908751128642096     
   663.19999999999652       0.38277243863436528     
   663.99999999999648      -0.72602763637478340     
   664.79999999999643       -1.0706424060501574     
   665.59999999999638      -0.28058176195934514     
   666.39999999999634       0.80354375368791953     
   667.19999999999629        1.0397768534455105     
   667.99999999999625       0.17559389403800207     
   668.79999999999620      -0.87333102594698386     
   669.59999999999616      -0.99869310374603293     
   670.39999999999611       -6.8759043892391736E-002
   671.19999999999607       0.93477110723468915     
   671.99999999999602       0.94793594282268190     
   672.79999999999598       -3.8923463804878544E-002
   673.59999999999593      -0.98730468931335569     
   674.39999999999588      -0.88814327525306525     
   675.19999999999584       0.14641248856139677     
   675.99999999999579        1.0304166817215998     
   676.79999999999575       0.82001034412295404     
   677.59999999999570      -0.25263826634861686     
   678.39999999999566       -1.0636326504150784     
   679.19999999999561      -0.74426287885583997     
   679.99999999999557       0.35652144958242815     
   680.79999999999552        1.0865309274591615     
   681.59999999999548       0.66164309503679219     
   682.39999999999543      -0.45699688070404831     
   683.19999999999538       -1.0987691772765107     
   683.99999999999534      -0.57290800007801601     
   684.79999999999529       0.55303966309946651     
   685.59999999999525        1.1001188713010652     
   686.39999999999520       0.47883616022168218     
   687.19999999999516      -0.64368984635705240     
   687.99999999999511       -1.0904981206707991     
   688.79999999999507      -0.38023799773888123     
   689.59999999999502       0.72807130665301290     
   690.39999999999498        1.0699935138143550     
   691.19999999999493       0.27796554471587021     
   691.99999999999488      -0.80540076983165831     
   692.79999999999484       -1.0388646525092968     
   693.59999999999479      -0.17291922536166315     
   694.39999999999475       0.87498492399973427     
   695.19999999999470       0.99752987561221496     
   695.99999999999466        6.6050531866051476E-002
   696.79999999999461      -0.93620713828489943     
   697.59999999999457      -0.94653678503753402     
   698.39999999999452        4.1640043358064260E-002
   699.19999999999447       0.98850936887035357     
   699.99999999999443       0.88652514652770631     
   700.79999999999438      -0.14911045076620499     
   701.59999999999434       -1.0313775330730244     
   702.39999999999429      -0.81819125199635845     
   703.19999999999425       0.25529042754250708     
   703.99999999999420        1.0643383100059562     
   704.79999999999416       0.74226136213841509     
   705.59999999999411      -0.35910067588123651     
   706.39999999999407       -1.0869716546993837     
   707.19999999999402      -0.65947804085302386     
   707.99999999999397       0.45947673011093326     
   708.79999999999393        1.0989376629128400     
   709.59999999999388       0.57059873092243385     
   710.39999999999384      -0.55539504252128080     
   711.19999999999379       -1.1000111276963813     
   711.99999999999375      -0.47640267027994043     
   712.79999999999370       0.64589757787411095     
   713.59999999999366        1.0901142022272019     
   714.39999999999361       0.37770121915237853     
   715.19999999999357      -0.73011049037594056     
   715.99999999999352       -1.0693378610937490     
   716.79999999999347      -0.27534756187728260     
   717.59999999999343       0.80725285954715054     
   718.39999999999338        1.0379459585686694     
   719.19999999999334       0.17024339589114590     
   719.99999999999329      -0.87663350476019664     
   720.79999999999325      -0.99636050451943581     
   721.59999999999320       -6.3341495272111747E-002
   722.39999999999316       0.93763749822700782     
   723.19999999999311       0.94513189282288179     
   723.99999999999307       -4.4356484525135187E-002
   724.79999999999302      -0.98970805080943414     
   725.59999999999297      -0.88490172731655192     
   726.39999999999293       0.15180759338421634     
   727.19999999999288        1.0323320853275111     
   727.99999999999284       0.81636733165767605     
   728.79999999999279      -0.25794108194885190     
   729.59999999999275       -1.0650374020794187     
   730.39999999999270      -0.74025548917150719     
   731.19999999999266       0.36167771749123157     
   731.99999999999261        1.0874055965042884     
   732.79999999999256       0.65730911138993897     
   733.59999999999252      -0.46195374300519121     
   734.39999999999247       -1.0990992181914676     
   735.19999999999243      -0.56828608113628332     
   735.99999999999238       0.55774697555682429     
   736.79999999999234        1.0998964030786853     
   737.59999999999229       0.47396631481694229     
   738.39999999999225      -0.64810130717629544     
   739.19999999999220       -1.0897233603621439     
   739.99999999999216      -0.37516211690306267     
   740.79999999999211       0.73214517576937277     
   741.59999999999206        1.0686754534443637     
   742.39999999999202       0.27272782828673747     
   743.19999999999197      -0.80910001242679896     
   743.99999999999193       -1.0370207795295450     
   744.79999999999188      -0.16756642129127330     
   745.59999999999184       0.87827675890452195     
   746.39999999999179       0.99518500015217315     
   747.19999999999175        6.0631950522440969E-002
   747.99999999999170      -0.93906217852351881     
   748.79999999999166      -0.94372127702309894     
   749.59999999999161        4.7072770313469570E-002
   750.39999999999156       0.99090072721168898     
   751.19999999999152       0.88327302910317040     
   751.99999999999147      -0.15450389910583062     
   752.79999999999143       -1.0332803312558285     
   753.59999999999138      -0.81453859490384395     
   754.39999999999134       0.26059021229432111     
   755.19999999999129        1.0657299204321751     
   755.99999999999125       0.73824527195820444     
   756.79999999999120      -0.36425255758867459     
   757.59999999999116       -1.0878327482256673     
   758.39999999999111      -0.65513631892234114     
   759.19999999999106       0.46442790343564377     
   759.99999999999102        1.0992538405985779     
   760.79999999999097       0.56597006342439959     
   761.59999999999093      -0.56009544749100471     
   762.39999999999088       -1.0997746975329643     
   763.19999999999084      -0.47152710714084134     
   763.99999999999079       0.65030102101575338     
   764.79999999999075        1.0893255979763010     
   765.59999999999070       0.37262070503937550     
   766.39999999999065      -0.73417535109654031     
   767.19999999999061       -1.0680062964881998     
   767.99999999999056      -0.27010635880928657     
   768.79999999999052       0.81094221809363620     
   769.59999999999047        1.0360891233502976     
   770.39999999999043       0.16488831724758235     
   771.19999999999038      -0.87991467713132021     
   771.99999999999034      -0.99400337223117696     
   772.79999999999029       -5.7921914046202394E-002
   773.59999999999025       0.94048117065301373     
   774.39999999999020       0.94230494850370761     
   775.19999999999015       -4.9788883719033228E-002
   775.99999999999011      -0.99208739017316694     
   776.79999999999006      -0.88163906338130993     
   777.59999999999002       0.15719935061830770     
   778.39999999998997        1.0342222636495961     
   779.19999999998993       0.81270505353709521     
   779.99999999998988      -0.26323780131229357     
   780.79999999998984       -1.0664158588935853     
   781.59999999998979      -0.73623072250710120     
   782.39999999998975       0.36682517936729586     
   783.19999999998970        1.0882531052631372     
   783.99999999998965       0.65295967573443514     
   784.79999999998961      -0.46689919547805836     
   785.59999999998956       -1.0994015276813522     
   786.39999999998952      -0.56365069050537464     
   787.19999999998947       0.56244044364310519     
   787.99999999998943        1.0996460112136575     
   788.79999999998938       0.46908506057730059     
   789.59999999998934      -0.65249670618246813     
   790.39999999998929       -1.0889209180409496     
   791.19999999998925      -0.37007699762962587     
   791.99999999998920       0.73620100465688454     
   792.79999999998915        1.0673303959107456     
   793.59999999998911       0.26748316832998809     
   794.39999999998906      -0.81277946620205554     
   795.19999999998902       -1.0351509980411362     
   795.99999999998897      -0.16220909946502893     
   796.79999999998893       0.88154725016316582     
   797.59999999998888       0.99281563051421129     
   798.39999999998884        5.5211402289466971E-002
   799.19999999998879      -0.94189446611176619     
