   0.0000000000000000       -4.6194987060490522E-003
  0.80000000000000004       0.77509735010604852     
   1.6000000000000001        1.3210874986841090     
   2.4000000000000004        1.0260892830476704     
   3.2000000000000002       -6.3903782191587322E-002
   4.0000000000000000       -1.4338373020508184     
   4.7999999999999998       -2.1289402357780141     
   5.5999999999999996       -1.4850067479164042     
   6.3999999999999995      -0.21620545750100773     
   7.1999999999999993       0.91713689703367751     
   7.9999999999999991        1.4612271872529334     
   8.7999999999999989        1.2522271071902933     
   9.5999999999999996       0.68632342001834390     
   10.400000000000000       0.26940880792169408     
   11.200000000000001       0.19845035914044487     
   12.000000000000002       0.33519401363577056     
   12.800000000000002       0.36295059842452015     
   13.600000000000003        2.6072585788374458E-002
   14.400000000000004      -0.68075900953526103     
   15.200000000000005       -1.4222739990110118     
   16.000000000000004       -1.6074200379886283     
   16.800000000000004       -1.0258559533158789     
   17.600000000000005       -4.4615910606881415E-002
   18.400000000000006       0.93598985062713880     
   19.200000000000006        1.5274934202071238     
   20.000000000000007        1.4304996416257645     
   20.800000000000008       0.86584287385580927     
   21.600000000000009       0.28154198100089145     
   22.400000000000009       -9.6160674230193477E-002
   23.200000000000010      -0.29577142081187302     
   24.000000000000011      -0.46728161035265614     
   24.800000000000011      -0.72606791454952657     
   25.600000000000012       -1.0287435257091220     
   26.400000000000013       -1.1701100901943140     
   27.200000000000014      -0.96326886006182333     
   28.000000000000014      -0.41284745326662475     
   28.800000000000015       0.34686088469040410     
   29.600000000000016        1.1100454225989793     
   30.400000000000016        1.5233242742220452     
   31.200000000000017        1.3326676435704179     
   32.000000000000014       0.73684883360441822     
   32.800000000000011        8.2197109590797512E-002
   33.600000000000009      -0.45347674161556850     
   34.400000000000006      -0.82532900513090213     
   35.200000000000003       -1.0223840087619434     
   36.000000000000000       -1.0477317382347187     
   36.799999999999997      -0.92415877925163237     
   37.599999999999994      -0.67548051047404456     
   38.399999999999991      -0.30379330364282958     
   39.199999999999989       0.19968636289832181     
   39.999999999999986       0.79205031954129868     
   40.799999999999983        1.2821031281291042     
   41.599999999999980        1.3815505244762138     
   42.399999999999977        1.0185519588912144     
   43.199999999999974       0.40130929038360441     
   43.999999999999972      -0.25854243393832121     
   44.799999999999969      -0.83539396017821721     
   45.599999999999966       -1.1943956544746626     
   46.399999999999963       -1.2201538134561349     
   47.199999999999960      -0.95763617178023974     
   47.999999999999957      -0.56445038290276783     
   48.799999999999955      -0.14465364956985588     
   49.599999999999952       0.29353779671284042     
   50.399999999999949       0.75242314656215381     
   51.199999999999946        1.1373467634378369     
   51.999999999999943        1.2632723943123265     
   52.799999999999940        1.0367400131505149     
   53.599999999999937       0.55121276341732739     
   54.399999999999935       -5.1157540065981499E-002
   55.199999999999932      -0.66795737950827017     
   55.999999999999929       -1.1590159123385098     
   56.799999999999926       -1.3236446911873292     
   57.599999999999923       -1.0989706401286425     
   58.399999999999920      -0.64254042782177212     
   59.199999999999918      -0.13128649162198869     
   59.999999999999915       0.36363941441718761     
   60.799999999999912       0.81447736475627130     
   61.599999999999909        1.1360117133683196     
   62.399999999999906        1.2020537403435407     
   63.199999999999903       0.97860690943820705     
   63.999999999999901       0.55503270202498523     
   64.799999999999898        3.0867238302875966E-002
   65.599999999999895      -0.53517678635402299     
   66.399999999999892       -1.0469302455951177     
   67.199999999999889       -1.3107712311752864     
   67.999999999999886       -1.1877044634485148     
   68.799999999999883      -0.76403677922906321     
   69.599999999999881      -0.22175569030751030     
   70.399999999999878       0.33045931249888250     
   71.199999999999875       0.83241752607080077     
   71.999999999999872        1.1733208093179117     
   72.799999999999869        1.2209252941412514     
   73.599999999999866       0.96909871458333341     
   74.399999999999864       0.53960389013714427     
   75.199999999999861        3.9947602102266666E-002
   75.999999999999858      -0.48549423131156910     
   76.799999999999855      -0.97228513106516257     
   77.599999999999852       -1.2611570191063761     
   78.399999999999849       -1.2037012462443764     
   79.199999999999847      -0.83689266140911456     
   79.999999999999844      -0.31619337378646117     
   80.799999999999841       0.24668389302426175     
   81.599999999999838       0.78484934803305517     
   82.399999999999835        1.1764852467695124     
   83.199999999999832        1.2610272338946331     
   83.999999999999829        1.0123581409797511     
   84.799999999999827       0.56606170181338555     
   85.599999999999824        5.4144540486277037E-002
   86.399999999999821      -0.46806363355800340     
   87.199999999999818      -0.94350591661232874     
   87.999999999999815       -1.2328451614405318     
   88.799999999999812       -1.1987836196463606     
   89.599999999999810      -0.86601513700861177     
   90.399999999999807      -0.37404555348883950     
   91.199999999999804       0.17271595142567597     
   91.999999999999801       0.71566644147534286     
   92.799999999999798        1.1428214202009408     
   93.599999999999795        1.2802076055820886     
   94.399999999999793        1.0660257093678185     
   95.199999999999790       0.62292902828798358     
   95.999999999999787        9.7967280999691320E-002
   96.799999999999784      -0.43799096674724791     
   97.599999999999781      -0.92455239500321418     
   98.399999999999778       -1.2261153597355612     
   99.199999999999775       -1.2064443820657287     
   99.999999999999773      -0.88783010952172647     
   100.79999999999977      -0.40981963738729921     
   101.59999999999977       0.12273083261329554     
   102.39999999999976       0.65818832795243598     
   103.19999999999976        1.1000594544169466     
   103.99999999999976        1.2777283330086229     
   104.79999999999976        1.1044403489030536     
   105.59999999999975       0.68087595497744824     
   106.39999999999975       0.15644247883218876     
   107.19999999999975      -0.38866992316906723     
   107.99999999999974      -0.89274156753815992     
   108.79999999999974       -1.2206732611652611     
   109.59999999999974       -1.2261005531077085     
   110.39999999999974      -0.92042302130123432     
   111.19999999999973      -0.44642677962646510     
   111.99999999999973        8.2473134757370004E-002
   112.79999999999973       0.61452573762771356     
   113.59999999999972        1.0643861478266397     
   114.39999999999972        1.2691851843306536     
   115.19999999999972        1.1291618249407849     
   115.99999999999972       0.72758680240739160     
   116.79999999999971       0.21203774055250146     
   117.59999999999971      -0.33301499049853056     
   118.39999999999971      -0.84886762895889301     
   119.19999999999970       -1.2054868310990456     
   119.99999999999970       -1.2454365556187770     
   120.79999999999970      -0.96057774641394778     
   121.59999999999970      -0.49132735714264586     
   122.39999999999969        3.8866571404341355E-002
   123.19999999999969       0.57371251163815840     
   123.99999999999969        1.0342250635129120     
   124.79999999999968        1.2629150482972631     
   125.59999999999968        1.1502829674595334     
   126.39999999999968       0.76697288866593327     
   127.19999999999968       0.26045594017883367     
   127.99999999999967      -0.28075400158946162     
   128.79999999999967      -0.80204114984388364     
   129.59999999999968       -1.1822924652721458     
   130.39999999999969       -1.2579546431956816     
   131.19999999999970      -0.99980017535031018     
   131.99999999999972      -0.54022072007702038     
   132.79999999999973       -1.0141992536499167E-002
   133.59999999999974       0.52895420554030415     
   134.39999999999975        1.0028251733014053     
   135.19999999999976        1.2575909871329907     
   135.99999999999977        1.1725673032513111     
   136.79999999999978       0.80565897008247811     
   137.59999999999980       0.30573751818630018     
   138.39999999999981      -0.23260374349880558     
   139.19999999999982      -0.75714663722335462     
   139.99999999999983       -1.1562946634952089     
   140.79999999999984       -1.2646508778474141     
   141.59999999999985       -1.0344620622622696     
   142.39999999999986      -0.58788101312256891     
   143.19999999999987       -6.0867195788675943E-002
   143.99999999999989       0.48056085316274488     
   144.79999999999990       0.96717203117726447     
   145.59999999999991        1.2494721413281684     
   146.39999999999992        1.1948561243232596     
   147.19999999999993       0.84582398548503768     
   147.99999999999994       0.35169870590747876     
   148.79999999999995      -0.18543400914756802     
   149.59999999999997      -0.71361272725045011     
   150.39999999999998       -1.1297295889414922     
   151.19999999999999       -1.2683776594005103     
   152.00000000000000       -1.0655678396157202     
   152.80000000000001      -0.63291381174180705     
   153.60000000000002      -0.11047016560980938     
   154.40000000000003       0.43127682827680780     
   155.20000000000005       0.92824523865060804     
   156.00000000000006        1.2370915527039621     
   156.80000000000007        1.2147126769597458     
   157.60000000000008       0.88617055962181845     
   158.40000000000009       0.39895665415596721     
   159.20000000000010      -0.13726929072895505     
   160.00000000000011      -0.66941135550869890     
   160.80000000000013       -1.1019499225389870     
   161.60000000000014       -1.2702355066672686     
   162.40000000000015       -1.0948830564818492     
   163.20000000000016      -0.67640842154966041     
   164.00000000000017      -0.15870043899698982     
   164.80000000000018       0.38258014207372648     
   165.60000000000019       0.88783396981196083     
   166.40000000000020        1.2211081643368886     
   167.20000000000022        1.2311642582577234     
   168.00000000000023       0.92508786846296664     
   168.80000000000024       0.44641356326630766     
   169.60000000000025       -8.8185287983193583E-002
   170.40000000000026      -0.62371484064082172     
   171.20000000000027       -1.0718678164589637     
   172.00000000000028       -1.2697384328675902     
   172.80000000000030       -1.1229046980694635     
   173.60000000000031      -0.71942478134344023     
   174.40000000000032      -0.20644196550781513     
   175.20000000000033       0.33434053674426167     
   176.00000000000034       0.84667727600304543     
   176.80000000000035        1.2024786400233307     
   177.60000000000036        1.2444975959273683     
   178.40000000000038       0.96206268151986207     
   179.20000000000039       0.49318709189056453     
   180.00000000000040       -3.8976586631167542E-002
   180.80000000000041      -0.57689619566043204     
   181.60000000000042       -1.0392396888129651     
   182.40000000000043       -1.2662155886807935     
   183.20000000000044       -1.1491625700682830     
   184.00000000000045      -0.76208591283277527     
   184.80000000000047      -0.25425847631952059     
   185.60000000000048       0.28599084536979591     
   186.40000000000049       0.80462935042840111     
   187.20000000000050        1.1815360789343181     
   188.00000000000051        1.2551481128144710     
   188.80000000000052       0.99730205215537460     
   189.60000000000053       0.53914501805494619     
   190.40000000000055        9.9168563567932910E-003
   191.20000000000056      -0.52954811583070838     
   192.00000000000057       -1.0044526041683270     
   192.80000000000058       -1.2594946170623471     
   193.60000000000059       -1.1731226952187779     
   194.40000000000060      -0.80399611966704976     
   195.20000000000061      -0.30211447625524490     
   196.00000000000063       0.23730526682363895     
   196.80000000000064       0.76144177178172456     
   197.60000000000065        1.1581795221298303     
   198.40000000000066        1.2631823411810486     
   199.20000000000067        1.0310073502526009     
   200.00000000000068       0.58449134555780058     
   200.80000000000069        5.8519194164627142E-002
   201.60000000000070      -0.48193632568332923     
   202.40000000000072      -0.96792530749056738     
   203.20000000000073       -1.2497490884737226     
   204.00000000000074       -1.1945712593634685     
   204.80000000000075      -0.84480934755072024     
   205.60000000000076      -0.34975442523947542     
   206.40000000000077       0.18840400718759454     
   207.20000000000078       0.71713351208241261     
   208.00000000000080        1.1323173945002791     
   208.80000000000081        1.2684278251784040     
   209.60000000000082        1.0631123443654042     
   210.40000000000083       0.62933656720790165     
   211.20000000000084       0.10698442366598182     
   212.00000000000085      -0.43405706742743444     
   212.80000000000086      -0.92985910020884266     
   213.60000000000088       -1.2371649389638630     
   214.40000000000089       -1.2134953070809351     
   215.20000000000090      -0.88439294909279487     
   216.00000000000091      -0.39701755303836267     
   216.80000000000092       0.13947070637578812     
   217.60000000000093       0.67190508176495323     
   218.40000000000094        1.1040339509769890     
   219.20000000000095        1.2707318287211686     
   220.00000000000097        1.0934050556484465     
   220.80000000000098       0.67360942204875107     
   221.60000000000099       0.15536852698578840     
   222.40000000000100      -0.38587053234168733     
   223.20000000000101      -0.89032387177467276     
   224.00000000000102       -1.2218195321259799     
   224.80000000000103       -1.2298797240789461     
   225.60000000000105      -0.92271028247016806     
   226.40000000000106      -0.44387386024476794     
   227.20000000000107        9.0593536658729046E-002
   228.00000000000108       0.62595316133928869     
   228.80000000000109        1.0735120681494956     
   229.60000000000110        1.2700521210531228     
   230.40000000000111        1.1216913340552330     
   231.20000000000113       0.71716592451093675     
   232.00000000000114       0.20362430153680733     
   232.80000000000115      -0.33740999325916432     
   233.60000000000116      -0.84939709983736311     
   234.40000000000117       -1.2037404527935165     
   235.20000000000118       -1.2436425869998728     
   236.00000000000119      -0.95969578096111285     
   236.80000000000121      -0.49032764028944620     
   237.60000000000122        4.1780871067599423E-002
   238.40000000000123       0.57939899885292168     
   239.20000000000124        1.0409277888156068     
   240.00000000000125        1.2664109421024070     
   240.80000000000126        1.1478410843162028     
   241.60000000000127       0.75988292428034188     
   242.40000000000128       0.25168166681273707     
   243.20000000000130      -0.28875713386326785     
   244.00000000000131      -0.80720719665054019     
   244.80000000000132       -1.1829809446349056     
   245.60000000000133       -1.2546755851850806     
   246.40000000000134      -0.99522936205933121     
   247.20000000000135      -0.53634971465517256     
   248.00000000000136       -6.9709027269090340E-003
   248.80000000000138       0.53231690388691644     
   249.60000000000139        1.0064205756377098     
   250.40000000000140        1.2598375859944166     
   251.20000000000141        1.1717549454107616     
   252.00000000000142       0.80167027117148137     
   252.80000000000143       0.29949387048935594     
   253.60000000000144      -0.23998852925650271     
   254.40000000000146      -0.76390461132143983     
   255.20000000000147       -1.1596373334049055     
   256.00000000000148       -1.2628904057179695     
   256.80000000000149       -1.0291688414774076     
   257.60000000000150      -0.58187473557088409     
   258.40000000000151       -5.5644501604507624E-002
   259.20000000000152       0.48477648124646278     
   260.00000000000153       0.97011522908237824     
   260.80000000000155        1.2503550060467918     
   261.60000000000156        1.1933304158888696     
   262.40000000000157       0.84244326677303083     
   263.20000000000158       0.34703315706611609     
   264.00000000000159      -0.19115523564651354     
   264.80000000000160      -0.71962875557039618     
   265.60000000000161       -1.1338290717197885     
   266.40000000000163       -1.2682298711124738     
   267.20000000000164       -1.0613781053513758     
   268.00000000000165      -0.62682442616898604     
   268.80000000000166      -0.10420752798356236     
   269.60000000000167       0.43685572163115272     
   270.40000000000168       0.93214369520244378     
   271.20000000000169        1.2379937574090922     
   272.00000000000171        1.2124567705706970     
   272.80000000000172       0.88210307561742984     
   273.60000000000173       0.39427075008419454     
   274.40000000000174      -0.14229151408833718     
   275.20000000000175      -0.67449959856314889     
   276.00000000000176       -1.1056802318078367     
   276.80000000000177       -1.2706578947547582     
   277.60000000000178       -1.0917317238562432     
   278.40000000000180      -0.67112138802265719     
   279.20000000000181      -0.15262703407382894     
   280.00000000000182       0.38863290863802358     
   280.80000000000183       0.89264756333247453     
   281.60000000000184        1.2228039918175961     
   282.40000000000185        1.2290258699842840     
   283.20000000000186       0.92053635832638514     
   284.00000000000188       0.44116673528835459     
   284.80000000000189       -9.3427745232000148E-002
   285.60000000000190      -0.62862465356814845     
   286.40000000000191       -1.0753156501846883     
   287.20000000000192       -1.2701508321437582     
   288.00000000000193       -1.1201081614730573     
   288.80000000000194      -0.71468810329505683     
   289.60000000000196      -0.20087480671488633     
   290.40000000000197       0.34017751444076660     
   291.20000000000198       0.85177005981145393     
   292.00000000000199        1.2048560838730389     
   292.80000000000200        1.2429411109774042     
   293.60000000000201       0.95762283266363291     
   294.40000000000202       0.48767133491232301     
   295.20000000000203       -4.4595074332404561E-002
   296.00000000000205      -0.58210556689491422     
   296.80000000000206       -1.0428644122461590     
   297.60000000000207       -1.2666971180906113     
   298.40000000000208       -1.1463853659035355     
   299.20000000000209      -0.75744119940106625     
   300.00000000000210      -0.24892426670114398     
   300.80000000000211       0.29154836571568443     
   301.60000000000213       0.80964951511580208     
   302.40000000000214        1.1842357096178671     
   303.20000000000215        1.2541195775830798     
   304.00000000000216       0.99324030734459412     
   304.80000000000217       0.53372896928485070     
   305.60000000000218        4.1760319591973571E-003
   306.40000000000219      -0.53503898975888131     
   307.20000000000221       -1.0084618441610087     
   308.00000000000222       -1.2603005763884534     
   308.80000000000223       -1.1704418696566901     
   309.60000000000224      -0.79928861997175404     
   310.40000000000225      -0.29674613577191522     
   311.20000000000226       0.24279628280578558     
   312.00000000000227       0.76641763067309332     
   312.80000000000229        1.1610399915622782     
   313.60000000000230        1.2624911576691424     
   314.40000000000231        1.0272655049475938     
   315.20000000000232       0.57927973112712383     
   316.00000000000233        5.2857548717515801E-002
   316.80000000000234      -0.48751458422792515     
   317.60000000000235      -0.97224797319287470     
   318.40000000000236       -1.2509824128758689     
   319.20000000000238       -1.1921600930123832     
   320.00000000000239      -0.84013028518753119     
   320.80000000000240      -0.34430655026099988     
   321.60000000000241       0.19396660772144758     
   322.40000000000242       0.72219996758987148     
   323.20000000000243        1.1353761176327595     
   324.00000000000244        1.2679984031717975     
   324.80000000000246        1.0595735530457251     
   325.60000000000247       0.62425843482421139     
   326.40000000000248       0.10142358026590026     
   327.20000000000249      -0.43961366645901290     
   328.00000000000250      -0.93436464402295039     
   328.80000000000251       -1.2387809327004349     
   329.60000000000252       -1.2114289022252680     
   330.40000000000254      -0.87985976603494209     
   331.20000000000255      -0.39156704902855483     
   332.00000000000256       0.14510010745040963     
   332.80000000000257       0.67711604591907193     
   333.60000000000258        1.1073607748258225     
   334.40000000000259        1.2705977378573967     
   335.20000000000260        1.0900383298476872     
   336.00000000000261       0.66859331798328125     
   336.80000000000263       0.14984877647714800     
   337.60000000000264      -0.39140934444358877     
   338.40000000000265      -0.89495324017992584     
   339.20000000000266       -1.2237503081760317     
   340.00000000000267       -1.2281450239646909     
   340.80000000000268      -0.91836538655989364     
   341.60000000000269      -0.43848476128270686     
   342.40000000000271        9.6233098735216571E-002
   343.20000000000272       0.63127859931185248     
   344.00000000000273        1.0771190316674044     
   344.80000000000274        1.2702609202279243     
   345.60000000000275        1.1185338002080809     
   346.40000000000276       0.71220550564607632     
   347.20000000000277       0.19810682698381066     
   348.00000000000279      -0.34296731100936584     
   348.80000000000280      -0.85415326529963553     
   349.60000000000281       -1.2059594580963480     
   350.40000000000282       -1.2422141527796202     
   351.20000000000283      -0.95553078132201663     
   352.00000000000284      -0.48501206918380474     
   352.80000000000285        4.7397818625754262E-002
   353.60000000000286       0.58479271065437888     
   354.40000000000288        1.0447825941855595     
   355.20000000000289        1.2669759376092959     
   356.00000000000290        1.1449356139401798     
   356.80000000000291       0.75500910403577992     
   357.60000000000292       0.24616950434914453     
   358.40000000000293      -0.29434649927827694     
   359.20000000000294      -0.81210121723626250     
   360.00000000000296       -1.1854911215654953     
   360.80000000000297       -1.2535523095042875     
   361.60000000000298      -0.99123549258603916     
   362.40000000000299      -0.53109595787215680     
   363.20000000000300       -1.3767126165485921E-003
   364.00000000000301       0.53775538718080906     
   364.80000000000302        1.0104879325611229     
   365.60000000000304        1.2607472843095193     
   366.40000000000305        1.1691225270096348     
   367.20000000000306       0.79691145739170843     
   368.00000000000307       0.29400602989971203     
   368.80000000000308      -0.24559947151377637     
   369.60000000000309      -0.76892938237254638     
   370.40000000000310       -1.1624407983325287     
   371.20000000000312       -1.2620873935152579     
   372.00000000000313       -1.0253558960934017     
   372.80000000000314      -0.57667743988023945     
   373.60000000000315       -5.0063597810388716E-002
   374.40000000000316       0.49025558719936835     
   375.20000000000317       0.97437458974395419     
   376.00000000000318        1.2515958986743039     
   376.80000000000319        1.1909776866592721     
   377.60000000000321       0.83781337786665733     
   378.40000000000322       0.34158246535256909     
   379.20000000000323      -0.19677277370959290     
   380.00000000000324      -0.72476459788582570     
   380.80000000000325       -1.1369153836748995     
   381.60000000000326       -1.2677606395649801     
   382.40000000000327       -1.0577663698864572     
   383.20000000000329      -0.62169119192783373     
   384.00000000000330       -9.8637001718198114E-002
   384.80000000000331       0.44237446029749128     
   385.60000000000332       0.93658365886434458     
   386.40000000000333        1.2395589211936058     
   387.20000000000334        1.2103899742433935     
   388.00000000000335       0.87760943481072529     
   388.80000000000337       0.38886104955051909     
   389.60000000000338      -0.14790744737113443     
   390.40000000000339      -0.67972718825491429     
   391.20000000000340       -1.1090315719613772     
   392.00000000000341       -1.2705277972599975     
   392.80000000000342       -1.0883405254696545     
   393.60000000000343      -0.66606533954704683     
   394.40000000000344      -0.14707119841844962     
   395.20000000000346       0.39418562657536182     
   396.00000000000347       0.89725630622160002     
   396.80000000000348        1.2246892571882206     
   397.60000000000349        1.2272554931934605     
   398.40000000000350       0.91618843453166920     
   399.20000000000351       0.43579954681719102     
   400.00000000000352       -9.9039728511997160E-002
   400.80000000000354      -0.63393020307063541     
   401.60000000000355       -1.0789141801253246     
   402.40000000000356       -1.2703600072291517     
   403.20000000000357       -1.1169524164655935     
   404.00000000000358      -0.70972130754067919     
   404.80000000000359      -0.19533969205116275     
   405.60000000000360       0.34575545822276876     
   406.40000000000362       0.85653228315792196     
   407.20000000000363        1.2070548763462021     
   408.00000000000364        1.2414791568164474     
   408.80000000000365       0.95343413201075145     
   409.60000000000366       0.48235067623110345     
   410.40000000000367       -5.0201878008659551E-002
   411.20000000000368      -0.58747896200062244     
   412.00000000000369       -1.0466944869194184     
   412.80000000000371       -1.2672444067369573     
   413.60000000000372       -1.1434777421127127     
   414.40000000000373      -0.75257372566304537     
   415.20000000000374      -0.24341437578505254     
   416.00000000000375       0.29714339522117594     
   416.80000000000376       0.81454845969662260     
   417.60000000000377        1.1867378271986804     
   418.40000000000379        1.2529762793342920     
   419.20000000000380       0.98922613529430459     
   420.00000000000381       0.52846163757845765     
   420.80000000000382       -1.4230870272085028E-003
   421.60000000000383      -0.54047085324726507     
   422.40000000000384       -1.0125086131947763     
   423.20000000000385       -1.2611844829676937     
   424.00000000000387       -1.1677950963195769     
   424.80000000000388      -0.79453043185338401     
   425.60000000000389      -0.29126472901165334     
   426.40000000000390       0.24840232937552531     
   427.20000000000391       0.77143745108775463     
   428.00000000000392        1.1638329997790102     
   428.80000000000393        1.2616740824146118     
   429.60000000000394        1.0234409397374615     
   430.40000000000396       0.57407371739212576     
   431.20000000000397        4.7269576350946085E-002
   432.00000000000398      -0.49299532508694188     
   432.80000000000399      -0.97649593634515974     
   433.60000000000400       -1.2522001688581188     
   434.40000000000401       -1.1897872991663103     
   435.20000000000402      -0.83549262250771306     
   436.00000000000404      -0.33885706908821250     
   436.80000000000405       0.19957907687561310     
   437.60000000000406       0.72732640575042407     
   438.40000000000407        1.1384466956108406     
   439.20000000000408        1.2675130504347074     
   440.00000000000409        1.0559530408148730     
   440.80000000000410       0.61912195944211068     
   441.60000000000412        9.5850204217362789E-002
   442.40000000000413      -0.44513401810146347     
   443.20000000000414      -0.93879752950558659     
   444.00000000000415       -1.2403276706461295     
   444.80000000000416       -1.2093428236130710     
   445.60000000000417      -0.87535518251543776     
   446.40000000000418      -0.38615386900415771     
   447.20000000000420       0.15071495284744629     
   448.00000000000421       0.68233600798937510     
   448.80000000000422        1.1106950681809975     
   449.60000000000423        1.2704480825796434     
   450.40000000000424        1.0866360925096608     
   451.20000000000425       0.66353489785874420     
   452.00000000000426       0.14429309613615338     
   452.80000000000427      -0.39696099313359656     
   453.60000000000429      -0.89955462277361775     
   454.40000000000430       -1.2256190217495060     
   455.20000000000431       -1.2263573086795190     
   456.00000000000432      -0.91400720843175876     
   456.80000000000433      -0.43311314361646996     
   457.60000000000434       0.10184645703515310     
   458.40000000000435       0.63657973141867830     
   459.20000000000437        1.0807024933444938     
   460.00000000000438        1.2704494031944233     
   460.80000000000439        1.1153640947492709     
   461.60000000000440       0.70723436251343286     
   462.40000000000441       0.19257184189169940     
   463.20000000000442      -0.34854302109130952     
   464.00000000000443      -0.85890709350928118     
   464.80000000000445       -1.2081413647262209     
   465.60000000000446       -1.2407351288239510     
   466.40000000000447      -0.95133272115098111     
   467.20000000000448      -0.47968790403169237     
   468.00000000000449        5.3006069098628594E-002
   468.80000000000450       0.59016335641670181     
   469.60000000000451        1.0485999207945531     
   470.40000000000452        1.2675032080048207     
   471.20000000000454        1.1420126099096359     
   472.00000000000455       0.75013537383654794     
   472.80000000000456       0.24065845686560261     
   473.60000000000457      -0.29993991941945009     
   474.40000000000458      -0.81699200780201919     
   475.20000000000459       -1.1879759717453753     
   476.00000000000460       -1.2523909671191711     
   476.80000000000462      -0.98721154782525100     
   477.60000000000463      -0.52582568043869338     
   478.40000000000464        4.2231358608624259E-003
   479.20000000000465       0.54318473699239866     
   480.00000000000466        1.0145232427205555     
   480.80000000000467        1.2616120391424419     
   481.60000000000468        1.1664600239957341     
   482.40000000000470       0.79214615080101614     
   483.20000000000471       0.28852257739449949     
   484.00000000000472      -0.25120494152189576     
   484.80000000000473      -0.77394225389684657     
   485.60000000000474       -1.1652170275622908     
   486.40000000000475       -1.2612513232967717     
   487.20000000000476       -1.0215203379129905     
   488.00000000000477      -0.57146811393656838     
   488.80000000000479       -4.4475181360134397E-002
   489.60000000000480       0.49573377639723648     
   490.40000000000481       0.97861169615142818     
   491.20000000000482        1.2527948904270760     
   492.00000000000483        1.1885888764215591     
   492.80000000000484       0.83316826077264439     
   493.60000000000485       0.33613071740265760     
   494.40000000000487      -0.20238524066778124     
   495.20000000000488      -0.72988532306500842     
   496.00000000000489       -1.1399702164661774     
   496.80000000000490       -1.2672558837637127     
   497.60000000000491       -1.0541336705315276     
   498.40000000000492      -0.61655061703851866     
   499.20000000000493       -9.3062937247441746E-002
   500.00000000000495       0.44789255594502297     
   500.80000000000496       0.94100629866725682     
   501.60000000000497        1.2410870448705109     
   502.40000000000498        1.2082872774200257     
   503.20000000000499       0.87309693943036326     
   504.00000000000500       0.38344558658227007     
   504.80000000000501      -0.15352243294418672     
   505.60000000000502      -0.68494229566218490     
   506.40000000000504       -1.1123511698826107     
   507.20000000000505       -1.2703586909150673     
   508.00000000000506       -1.0849252142212300     
   508.80000000000507      -0.66100210314184926     
   509.60000000000508      -0.14151444552660564     
   510.40000000000509       0.39973556274036515     
   511.20000000000510       0.90184831096414209     
   512.00000000000512        1.2265396433770055     
   512.80000000000507        1.2254504134640374     
   513.60000000000502       0.91182159984884659     
   514.40000000000498       0.43042547207534582     
   515.20000000000493      -0.10465327459004165     
   516.00000000000489      -0.63922707637651976     
   516.80000000000484       -1.0824838371937697     
   517.60000000000480       -1.2705290688024780     
   518.40000000000475       -1.1137689154734347     
   519.20000000000471      -0.70474478981224076     
   520.00000000000466      -0.18980335998248588     
   520.80000000000462       0.35132997765310692     
   521.60000000000457       0.86127772735941466     
   522.40000000000452        1.2092189837550702     
   523.20000000000448        1.2399821142102307     
   524.00000000000443       0.94922653276722035     
   524.80000000000439       0.47702368695633807     
   525.60000000000434       -5.5810452266028043E-002
   526.40000000000430      -0.59284589604942406     
   527.20000000000425       -1.0504988354917089     
   528.00000000000421       -1.2677522835971444     
   528.80000000000416       -1.1405402134595293     
   529.60000000000412      -0.74769408921342606     
   530.40000000000407      -0.23790180809862638     
   531.20000000000402       0.30273600819949043     
   532.00000000000398       0.81943181366099116     
   532.80000000000393        1.1892055569171966     
   533.60000000000389        1.2517964282212168     
   534.40000000000384       0.98519177963219762     
   535.20000000000380       0.52318808822740692     
   536.00000000000375       -7.0234669955540063E-003
   536.80000000000371      -0.54589706594799703     
   537.60000000000366       -1.0165318165071184     
   538.40000000000362       -1.2620299332920200     
   539.20000000000357       -1.1651172971775596     
   540.00000000000352      -0.78975860868269887     
   540.80000000000348      -0.28577958346064725     
   541.60000000000343       0.25400727350698005     
   542.40000000000339       0.77644373319216964     
   543.20000000000334        1.1665928425861232     
   544.00000000000330        1.2608191374506170     
   544.80000000000325        1.0195941427870649     
   545.60000000000321       0.56886066492421639     
   546.40000000000316        4.1680420611989510E-002
   547.20000000000312      -0.49847094350344567     
   548.00000000000307      -0.98072186746415357     
   548.80000000000302       -1.2533800683833962     
   549.60000000000298       -1.1873824301326199     
   550.40000000000293      -0.83084029104607926     
   551.20000000000289      -0.33340339860423907     
   552.00000000000284       0.20519126307040114     
   552.80000000000280       0.73244131708571092     
   553.60000000000275        1.1414859056572673     
   554.40000000000271        1.2669891370442705     
   555.20000000000266        1.0523082891134472     
   556.00000000000261       0.61397719514700966     
   556.80000000000257        9.0275221385886617E-002
   557.60000000000252      -0.45065005395831548     
   558.40000000000248      -0.94320994540151282     
   559.20000000000243       -1.2418370450803438     
   560.00000000000239       -1.2072233624911028     
   560.80000000000234      -0.87083472385745397     
   561.60000000000230      -0.38073619927196040     
   562.40000000000225       0.15632989370729894     
   563.20000000000221       0.68754603715197438     
   564.00000000000216        1.1139998498667474     
   564.80000000000211        1.2702596173058291     
   565.60000000000207        1.0832079075656209     
   566.40000000000202       0.65846697167218027     
   567.20000000000198       0.13873525939046760     
   568.00000000000193      -0.40250931344722229     
   568.80000000000189      -0.90413733827870535     
   569.60000000000184       -1.2274511096810419     
   570.40000000000180       -1.2245348320949252     
   571.20000000000175      -0.90963163743528552     
   572.00000000000171      -0.42773654226200747     
   572.80000000000166       0.10746018038257371     
   573.60000000000161       0.64187222622471096     
   574.40000000000157        1.0842581914181886     
   575.20000000000152        1.2705990040000339     
   576.00000000000148        1.1121668961553444     
   576.80000000000143       0.70225260065399597     
   577.60000000000139       0.18703425031890319     
   578.40000000000134      -0.35411631401611465     
   579.20000000000130      -0.86364415341676093     
   580.00000000000125       -1.2102877129804654     
   580.80000000000121       -1.2392201291786995     
   581.60000000000116      -0.94711559458783134     
   582.40000000000111      -0.47435804005927318     
   583.20000000000107        5.8615020376810323E-002
   584.00000000000102       0.59552656485533739     
   584.80000000000098        1.0523912088157581     
   585.60000000000093        1.2679916343356856     
   586.40000000000089        1.1390605748082498     
   587.20000000000084       0.74524988640828793     
   588.00000000000080       0.23514443181179479     
   588.80000000000075      -0.30553165391499315     
   589.60000000000070      -0.82186785166432985     
   590.40000000000066       -1.1904265610580669     
   591.20000000000061       -1.2511926733589420     
   592.00000000000057      -0.98316685461573650     
   592.80000000000052      -0.52054887487816193     
   593.60000000000048        9.8240725697933406E-003
   594.40000000000043       0.54860782197266955     
   595.20000000000039        1.0185343081993132     
   596.00000000000034        1.2624381622638920     
   596.80000000000030        1.1637669394373678     
   597.60000000000025       0.78736782486474566     
   598.40000000000020       0.28303575235735401     
   599.20000000000016      -0.25680931912345206     
   600.00000000000011      -0.77894186694950152     
   600.80000000000007       -1.1679604238306536     
   601.60000000000002       -1.2603775336135576     
   602.39999999999998       -1.0176623767606685     
   603.19999999999993      -0.56625138277949405     
   603.99999999999989       -3.8885299890425995E-002
   604.79999999999984       0.50120680986752608     
   605.59999999999980       0.98282642212601767     
   606.39999999999975        1.2539556945702597     
   607.19999999999970        1.1861679821242075     
   607.99999999999966       0.82850873504132216     
   608.79999999999961       0.33067512064029941     
   609.59999999999957      -0.20799713720475704     
   610.39999999999952      -0.73499436668921314     
   611.19999999999948       -1.1429937414577014     
   611.99999999999943       -1.2667128176638141     
   612.79999999999939       -1.0504769196164538     
   613.59999999999934      -0.61140170675737793     
   614.39999999999930       -8.7487060981826015E-002
   615.19999999999925       0.45340649842045100     
   615.99999999999920       0.94540844212738939     
   616.79999999999916        1.2425776594531506     
   617.59999999999911        1.2061510979960088     
   618.39999999999907       0.86856855793505550     
   619.19999999999902       0.37802571624407877     
   619.99999999999898      -0.15913732806493053     
   620.79999999999893      -0.69014721162105686     
   621.59999999999889       -1.1156410845303784     
   622.39999999999884       -1.2701508667065124     
   623.19999999999879       -1.0814841964045847     
   623.99999999999875      -0.65592951833767965     
   624.79999999999870      -0.13595554217258066     
   625.59999999999866       0.40528223362332516     
   626.39999999999861       0.90642167838208454     
   627.19999999999857        1.2283534063910690     
   627.99999999999852        1.2236105815405531     
   628.79999999999848       0.90743734345151017     
   629.59999999999843       0.42504636377603222     
   630.39999999999839      -0.11026716806447934     
   631.19999999999834      -0.64451516112670626     
   631.99999999999829       -1.0860255306607476     
   632.79999999999825       -1.2706592104138179     
   633.59999999999820       -1.1105580605760872     
   634.39999999999816      -0.69975781181992847     
   635.19999999999811      -0.18426451819160905     
   635.99999999999807       0.35690201973399194     
   636.79999999999802       0.86600634629587758     
   637.59999999999798        1.2113475359933075     
   638.39999999999793        1.2384491888227032     
   639.19999999999789       0.94499992939128785     
   639.99999999999784       0.47169097357766610     
   640.79999999999779       -6.1419768004414732E-002
   641.59999999999775      -0.59820534465622399     
   642.39999999999770       -1.0542770144171911     
   643.19999999999766       -1.2682212583946628     
   643.99999999999761       -1.1375737169221181     
   644.79999999999757      -0.74280278359582008     
   645.59999999999752      -0.23238633411769649     
   646.39999999999748       0.30832684700378155     
   647.19999999999743       0.82430009716736752     
   647.99999999999739        1.1916389655265629     
   648.79999999999734        1.2505797155287572     
   649.59999999999729       0.98113679624389549     
   650.39999999999725       0.51790805173615850     
   651.19999999999720       -1.2624947708783418E-002
   651.99999999999716      -0.55131698865166257     
   652.79999999999711       -1.0205306910767424     
   653.59999999999707       -1.2628367210342728     
   654.39999999999702       -1.1624089726389948     
   655.19999999999698      -0.78497381860803195     
   655.99999999999693      -0.28029109084147164     
   656.79999999999688       0.25961106978213666     
   657.59999999999684       0.78143663143733721     
   658.39999999999679        1.1693197504800303     
   659.19999999999675        1.2599265222423948     
   659.99999999999670        1.0157250637725446     
   660.79999999999666       0.56364028019295742     
   661.59999999999661        3.6089823944702393E-002
   662.39999999999657      -0.50394136063488260     
   663.19999999999652      -0.98492533334634613     
   663.99999999999648       -1.2545217609792076     
   664.79999999999643       -1.1849455530431399     
   665.59999999999638      -0.82617361306124137     
   666.39999999999634      -0.32794589092417914     
   667.19999999999629       0.21080285552310607     
   667.99999999999625       0.73754444937692920     
   668.79999999999620        1.1444937011883050     
   669.59999999999616        1.2664269332117708     
   670.39999999999611        1.0486395860899582     
   671.19999999999607       0.60882416590426724     
   671.99999999999602        8.4698460904561235E-002
   672.79999999999598      -0.45616187585129686     
   673.59999999999593      -0.94760176215649983     
   674.39999999999588       -1.2433088770898539     
   675.19999999999584       -1.2050705031693894     
   675.99999999999579      -0.86629846301076885     
   676.79999999999575      -0.37531414573349348     
   677.59999999999570       0.16194472940818011     
   678.39999999999566       0.69274579802578051     
   679.19999999999561        1.1172748497322202     
   679.99999999999557        1.2700324436903081     
   680.79999999999552        1.0797541045973031     
   681.59999999999548       0.65338975845638503     
   682.39999999999543       0.13317529898095082     
   683.19999999999538      -0.40805431109036028     
   683.99999999999534      -0.90870130490456025     
   684.79999999999529       -1.2292465198065252     
   685.59999999999525       -1.2226776793162157     
   686.39999999999520      -0.90523874019479811     
   687.19999999999516      -0.42235494584402955     
   687.99999999999511       0.11307423175972786     
   688.79999999999507       0.64715586156834493     
   689.59999999999502        1.0877858296765834     
   690.39999999999498        1.2707096895454912     
   691.19999999999493        1.1089424321811672     
   691.99999999999488       0.69726043989015729     
   692.79999999999484       0.18149416905305460     
   693.59999999999479      -0.35968708390646198     
   694.39999999999475      -0.86836428022487688     
   695.19999999999470       -1.2123984364631668     
   695.99999999999466       -1.2376693086020170     
   696.79999999999461      -0.94287956023326491     
   697.59999999999457      -0.46902249783573269     
   698.39999999999452        6.4224689792218181E-002
   699.19999999999447       0.60088221745947057     
   699.99999999999443        1.0561562262464339     
   700.79999999999438        1.2684411541747875     
   701.59999999999434        1.1360796626223044     
   702.39999999999429       0.74035279862325520     
   703.19999999999425       0.22962752095078642     
   703.99999999999420      -0.31112157779493865     
   704.79999999999416      -0.82672852527681817     
   705.59999999999411       -1.1928427516162812     
   706.39999999999407       -1.2499575678369761     
   707.19999999999402      -0.97910162810354728     
   707.99999999999397      -0.51526563028082584     
   708.79999999999393        1.5426087388073717E-002
   709.59999999999388       0.55402454948521307     
   710.39999999999384        1.0225209385635197     
   711.19999999999379        1.2632256048951509     
   711.99999999999375        1.1610434187356680     
   712.79999999999370       0.78257660900912818     
   713.59999999999366       0.27754560548017593     
   714.39999999999361      -0.26241251694826306     
   715.19999999999357      -0.78392800287428221     
   715.99999999999352       -1.1706708017478962     
   716.79999999999347       -1.2594661138458987     
   717.59999999999343       -1.0137822277160757     
   718.39999999999338      -0.56102736984322266     
   719.19999999999334       -3.3293997639415207E-002
   719.99999999999329       0.50667458076716043     
   720.79999999999325       0.98701857430871076     
   721.59999999999320        1.2550782598308141     
   722.39999999999316        1.1837151636955261     
   723.19999999999311       0.82383494538501689     
   723.99999999999307       0.32521571679236988     
   724.79999999999302      -0.21360841050270457     
   725.59999999999297      -0.74009154265334720     
   726.39999999999293       -1.1459857622907612     
   727.19999999999288       -1.2661314914013908     
   727.99999999999284       -1.0467963125153639     
   728.79999999999279      -0.60624458650871160     
   729.59999999999275       -8.1909426030335020E-002
   730.39999999999270       0.45891617263360251     
   731.19999999999266       0.94978987872485132     
   731.99999999999261        1.2440306872355431     
   732.79999999999256        1.2039815973719237     
   733.59999999999252       0.86402446043270298     
   734.39999999999247       0.37260149596049341     
   735.19999999999243      -0.16475209108389510     
   735.99999999999238      -0.69534177527701069     
   736.79999999999234       -1.1189011214518696     
   737.59999999999229       -1.2699043530199723     
   738.39999999999225       -1.0780176559922217     
   739.19999999999220      -0.65084770722776120     
   739.99999999999216      -0.13039453487415753     
   740.79999999999211       0.41082553359857710     
   741.59999999999206       0.91097619142404018     
   742.39999999999202        1.2301304363503160     
   743.19999999999197        1.2217361430341636     
   743.99999999999193       0.90303584993181718     
   744.79999999999188       0.41966229766649454     
   745.59999999999184      -0.11588136552781070     
   746.39999999999179      -0.64979430794019533     
   747.19999999999175       -1.0895390632923094     
   747.99999999999170       -1.2707504430986767     
   748.79999999999166       -1.1073200344557450     
   749.59999999999161      -0.69476050136077960     
   750.39999999999156      -0.17872320830771138     
   751.19999999999152       0.36247149558440372     
   751.99999999999147       0.87071792939869541     
   752.79999999999143        1.2134403981939264     
   753.59999999999138        1.2368805040839794     
   754.39999999999134       0.94075451012134326     
   755.19999999999129       0.46635262309819925     
   755.99999999999125       -6.7029780341606782E-002
   756.79999999999120      -0.60355716516659597     
   757.59999999999116       -1.0580288182839108     
   758.39999999999111       -1.2686513202629188     
   759.19999999999106       -1.1345784347876342     
   759.99999999999102      -0.73789994927551972     
   760.79999999999097      -0.22686799821213399     
   761.59999999999093       0.31391583656116273     
   762.39999999999088       0.82915311105693479     
   763.19999999999084        1.1940379007564992     
   763.99999999999079        1.2493262435262529     
   764.79999999999075       0.97706137374452728     
   765.59999999999070       0.51262162191453897     
   766.39999999999065       -1.8227486569423190E-002
   767.19999999999061      -0.55673048788050095     
   767.99999999999056       -1.0245050240953804     
   768.79999999999052       -1.2636048093115297     
   769.59999999999047       -1.1596702997424413     
   770.39999999999043      -0.78017621510410340     
   771.19999999999038      -0.27479930280853615     
   771.99999999999034       0.26521365202314473     
   772.79999999999029       0.78641595741490788     
   773.59999999999025        1.1720135569668795     
   774.39999999999020        1.2589963190915494     
   775.19999999999015        1.0118338924697066     
   775.99999999999011       0.55841266433143022     
   776.79999999999006        3.0497825836970360E-002
   777.59999999999002      -0.50940645514545213     
   778.39999999998997      -0.98910611819957761     
   779.19999999998993       -1.2556251835144754     
   779.99999999998988       -1.1824768349582748     
   780.79999999998984      -0.82149275222844009     
   781.59999999998979      -0.32248460553917513     
   782.39999999998975       0.21641379456080945     
   783.19999999998970       0.74263562394263694     
   783.99999999998965        1.1474699023018513     
   784.79999999998961        1.2658265001153668     
   785.59999999998956        1.0449471228778122     
   786.39999999998952       0.60366298241862570     
   787.19999999998947        7.9119961226426616E-002
   787.99999999998943      -0.46166937507427996     
   788.79999999998938      -0.95197276506008799     
   789.59999999998934       -1.2447430793015628     
   790.39999999998929       -1.2028844000521424     
   791.19999999998925      -0.86174657148860578     
   791.99999999998920      -0.36988777509170312     
   792.79999999998915       0.16755940639066169     
   793.59999999998911       0.69793512219893183     
   794.39999999998906        1.1205198757423589     
   795.19999999998902        1.2697665996319036     
   795.99999999998897        1.0762748744542956     
   796.79999999998893       0.64830337977958874     
   797.59999999998888       0.12761325489638708     
   798.39999999998884      -0.41359588882280984     
   799.19999999998879      -0.91324631149365387     
